t,x,y,team,player,won,tstd,tsync,tper,tier,zone
776533,116,103,dire,%40MiSeRyDOTA,1,2000,0,0,Pro,base2 dire
776533,116,103,dire,%40MiSeRyDOTA,1,2000,1,3.78768796875006e-07,Pro,base2 dire
776533,116,103,dire,%40MiSeRyDOTA,1,2000,2,7.57537593750012e-07,Pro,base2 dire
777400,116,101,dire,%40MiSeRyDOTA,1,2867,3,1.13630639062502e-06,Pro,base2 dire
778200,116,99,dire,%40MiSeRyDOTA,1,3667,4,1.51507518750002e-06,Pro,base2 dire
779466,115,100,dire,%40MiSeRyDOTA,1,4933,5,1.89384398437503e-06,Pro,base2 dire
780533,115,102,dire,%40MiSeRyDOTA,1,6000,6,2.27261278125004e-06,Pro,base2 dire
781333,115,104,dire,%40MiSeRyDOTA,1,6800,7,2.65138157812504e-06,Pro,base2 dire
781333,115,104,dire,%40MiSeRyDOTA,1,6800,8,3.03015037500005e-06,Pro,base2 dire
783200,115,102,dire,%40MiSeRyDOTA,1,8667,9,3.40891917187505e-06,Pro,base2 dire
784400,115,99,dire,%40MiSeRyDOTA,1,9867,10,3.78768796875006e-06,Pro,base2 dire
785266,114,97,dire,%40MiSeRyDOTA,1,10733,11,4.16645676562507e-06,Pro,base2 dire
786466,114,94,dire,%40MiSeRyDOTA,1,11933,12,4.54522556250007e-06,Pro,base2 dire
787333,113,92,dire,%40MiSeRyDOTA,1,12800,13,4.92399435937508e-06,Pro,base2 dire
788533,113,89,dire,%40MiSeRyDOTA,1,14000,14,5.30276315625008e-06,Pro,base2 dire
789400,112,87,dire,%40MiSeRyDOTA,1,14867,15,5.68153195312509e-06,Pro,base2 dire
790200,112,85,dire,%40MiSeRyDOTA,1,15667,16,6.06030075000009e-06,Pro,base2 dire
791533,111,82,dire,%40MiSeRyDOTA,1,17000,17,6.4390695468751e-06,Pro,base2 dire
792333,111,80,dire,%40MiSeRyDOTA,1,17800,18,6.81783834375011e-06,Pro,base2 dire
793533,111,77,dire,%40MiSeRyDOTA,1,19000,19,7.19660714062511e-06,Pro,bottomlane dire
794333,111,75,dire,%40MiSeRyDOTA,1,19800,20,7.57537593750012e-06,Pro,bottomlane dire
795200,111,73,dire,%40MiSeRyDOTA,1,20667,21,7.95414473437513e-06,Pro,bottomlane dire
796400,111,70,dire,%40MiSeRyDOTA,1,21867,22,8.33291353125013e-06,Pro,bottomlane dire
797200,111,68,dire,%40MiSeRyDOTA,1,22667,23,8.71168232812514e-06,Pro,bottomlane dire
798400,111,65,dire,%40MiSeRyDOTA,1,23867,24,9.09045112500014e-06,Pro,bottomlane dire
799266,111,63,dire,%40MiSeRyDOTA,1,24733,25,9.46921992187515e-06,Pro,bottomlane dire
800466,111,60,dire,%40MiSeRyDOTA,1,25933,26,9.84798871875015e-06,Pro,bottomlane dire
801266,111,58,dire,%40MiSeRyDOTA,1,26733,27,1.02267575156252e-05,Pro,bottomlane dire
802533,111,55,dire,%40MiSeRyDOTA,1,28000,28,1.06055263125002e-05,Pro,bottomlane dire
803333,111,53,dire,%40MiSeRyDOTA,1,28800,29,1.09842951093752e-05,Pro,bottomlane dire
804533,110,50,dire,%40MiSeRyDOTA,1,30000,30,1.13630639062502e-05,Pro,bottomlane dire
805400,110,48,dire,%40MiSeRyDOTA,1,30867,31,1.17418327031252e-05,Pro,bottomlane dire
806200,110,46,dire,%40MiSeRyDOTA,1,31667,32,1.21206015000002e-05,Pro,bottomlane dire
807466,110,43,dire,%40MiSeRyDOTA,1,32933,33,1.24993702968752e-05,Pro,bottomlane dire
808266,111,41,dire,%40MiSeRyDOTA,1,33733,34,1.28781390937502e-05,Pro,bottomlane dire
809533,112,38,dire,%40MiSeRyDOTA,1,35000,35,1.32569078906252e-05,Pro,bottomlane dire
810400,111,36,dire,%40MiSeRyDOTA,1,35867,36,1.36356766875002e-05,Pro,bottomlane radiant
811200,111,34,dire,%40MiSeRyDOTA,1,36667,37,1.40144454843752e-05,Pro,bottomlane radiant
812533,110,31,dire,%40MiSeRyDOTA,1,38000,38,1.43932142812502e-05,Pro,bottomlane radiant
813466,109,29,dire,%40MiSeRyDOTA,1,38933,39,1.47719830781252e-05,Pro,bottomlane radiant
814266,108,27,dire,%40MiSeRyDOTA,1,39733,40,1.51507518750002e-05,Pro,bottomlane radiant
815133,108,25,dire,%40MiSeRyDOTA,1,40600,41,1.55295206718752e-05,Pro,bottomlane radiant
816266,106,23,dire,%40MiSeRyDOTA,1,41733,42,1.59082894687503e-05,Pro,void radiant
817533,103,23,dire,%40MiSeRyDOTA,1,43000,43,1.62870582656253e-05,Pro,jungle radiant
818333,101,23,dire,%40MiSeRyDOTA,1,43800,44,1.66658270625003e-05,Pro,jungle radiant
819333,102,24,dire,%40MiSeRyDOTA,1,44800,45,1.70445958593753e-05,Pro,jungle radiant
820200,104,24,dire,%40MiSeRyDOTA,1,45667,46,1.74233646562503e-05,Pro,jungle radiant
821400,107,24,dire,%40MiSeRyDOTA,1,46867,47,1.78021334531253e-05,Pro,bottomlane radiant
822466,108,26,dire,%40MiSeRyDOTA,1,47933,48,1.81809022500003e-05,Pro,bottomlane radiant
823333,109,28,dire,%40MiSeRyDOTA,1,48800,49,1.85596710468753e-05,Pro,bottomlane radiant
824533,109,31,dire,%40MiSeRyDOTA,1,50000,50,1.89384398437503e-05,Pro,bottomlane radiant
825400,110,33,dire,%40MiSeRyDOTA,1,50867,51,1.93172086406253e-05,Pro,bottomlane radiant
826200,110,35,dire,%40MiSeRyDOTA,1,51667,52,1.96959774375003e-05,Pro,bottomlane radiant
827466,110,38,dire,%40MiSeRyDOTA,1,52933,53,2.00747462343753e-05,Pro,bottomlane dire
828400,111,40,dire,%40MiSeRyDOTA,1,53867,54,2.04535150312503e-05,Pro,bottomlane dire
829533,111,42,dire,%40MiSeRyDOTA,1,55000,55,2.08322838281253e-05,Pro,bottomlane dire
830533,110,44,dire,%40MiSeRyDOTA,1,56000,56,2.12110526250003e-05,Pro,bottomlane dire
831333,110,46,dire,%40MiSeRyDOTA,1,56800,57,2.15898214218753e-05,Pro,bottomlane dire
832200,110,48,dire,%40MiSeRyDOTA,1,57667,58,2.19685902187503e-05,Pro,bottomlane dire
833533,110,51,dire,%40MiSeRyDOTA,1,59000,59,2.23473590156253e-05,Pro,bottomlane dire
834333,109,53,dire,%40MiSeRyDOTA,1,59800,60,2.27261278125004e-05,Pro,bottomlane dire
835200,108,54,dire,%40MiSeRyDOTA,1,60667,61,2.31048966093754e-05,Pro,void dire
836466,105,54,dire,%40MiSeRyDOTA,1,61933,62,2.34836654062504e-05,Pro,jungle dire
837266,103,54,dire,%40MiSeRyDOTA,1,62733,63,2.38624342031254e-05,Pro,jungle dire
838333,101,52,dire,%40MiSeRyDOTA,1,63800,64,2.42412030000004e-05,Pro,jungle dire
839266,99,51,dire,%40MiSeRyDOTA,1,64733,65,2.46199717968754e-05,Pro,jungle dire
840400,97,49,dire,%40MiSeRyDOTA,1,65867,66,2.49987405937504e-05,Pro,jungle dire
841266,95,48,dire,%40MiSeRyDOTA,1,66733,67,2.53775093906254e-05,Pro,jungle dire
842266,94,48,dire,%40MiSeRyDOTA,1,67733,68,2.57562781875004e-05,Pro,jungle dire
843533,93,47,dire,%40MiSeRyDOTA,1,69000,69,2.61350469843754e-05,Pro,jungle dire
844200,92,45,dire,%40MiSeRyDOTA,1,69667,70,2.65138157812504e-05,Pro,jungle dire
844200,92,45,dire,%40MiSeRyDOTA,1,69667,71,2.68925845781254e-05,Pro,jungle dire
844200,92,45,dire,%40MiSeRyDOTA,1,69667,72,2.72713533750004e-05,Pro,jungle dire
847333,93,46,dire,%40MiSeRyDOTA,1,72800,73,2.76501221718754e-05,Pro,jungle dire
848533,95,48,dire,%40MiSeRyDOTA,1,74000,74,2.80288909687504e-05,Pro,jungle dire
849466,96,50,dire,%40MiSeRyDOTA,1,74933,75,2.84076597656254e-05,Pro,jungle dire
849866,96,51,dire,%40MiSeRyDOTA,1,75333,76,2.87864285625005e-05,Pro,jungle dire
849866,96,51,dire,%40MiSeRyDOTA,1,75333,77,2.91651973593755e-05,Pro,jungle dire
849866,96,51,dire,%40MiSeRyDOTA,1,75333,78,2.95439661562505e-05,Pro,jungle dire
849866,96,51,dire,%40MiSeRyDOTA,1,75333,79,2.99227349531255e-05,Pro,jungle dire
854466,96,50,dire,%40MiSeRyDOTA,1,79933,80,3.03015037500005e-05,Pro,jungle dire
855466,93,50,dire,%40MiSeRyDOTA,1,80933,81,3.06802725468755e-05,Pro,jungle dire
856333,91,49,dire,%40MiSeRyDOTA,1,81800,82,3.10590413437505e-05,Pro,jungle dire
857333,90,47,dire,%40MiSeRyDOTA,1,82800,83,3.14378101406255e-05,Pro,jungle dire
858333,88,45,dire,%40MiSeRyDOTA,1,83800,84,3.18165789375005e-05,Pro,jungle dire
859400,87,43,dire,%40MiSeRyDOTA,1,84867,85,3.21953477343755e-05,Pro,river
859666,87,42,dire,%40MiSeRyDOTA,1,85133,86,3.25741165312505e-05,Pro,river
861466,87,45,dire,%40MiSeRyDOTA,1,86933,87,3.29528853281255e-05,Pro,jungle dire
862466,86,47,dire,%40MiSeRyDOTA,1,87933,88,3.33316541250005e-05,Pro,jungle dire
863533,84,44,dire,%40MiSeRyDOTA,1,89000,89,3.37104229218755e-05,Pro,river
864466,82,43,dire,%40MiSeRyDOTA,1,89933,90,3.40891917187505e-05,Pro,river
865400,80,42,dire,%40MiSeRyDOTA,1,90867,91,3.44679605156255e-05,Pro,river
866533,78,41,dire,%40MiSeRyDOTA,1,92000,92,3.48467293125005e-05,Pro,river
867400,76,40,dire,%40MiSeRyDOTA,1,92867,93,3.52254981093756e-05,Pro,jungle radiant
868200,74,40,dire,%40MiSeRyDOTA,1,93667,94,3.56042669062506e-05,Pro,jungle radiant
869466,71,39,dire,%40MiSeRyDOTA,1,94933,95,3.59830357031256e-05,Pro,jungle radiant
870266,70,38,dire,%40MiSeRyDOTA,1,95733,96,3.63618045000006e-05,Pro,jungle radiant
871200,70,36,dire,%40MiSeRyDOTA,1,96667,97,3.67405732968756e-05,Pro,jungle radiant
872400,70,33,dire,%40MiSeRyDOTA,1,97867,98,3.71193420937506e-05,Pro,jungle radiant
873266,71,31,dire,%40MiSeRyDOTA,1,98733,99,3.74981108906256e-05,Pro,jungle radiant
874133,72,29,dire,%40MiSeRyDOTA,1,99600,100,3.78768796875006e-05,Pro,jungle radiant
875466,73,26,dire,%40MiSeRyDOTA,1,100933,101,3.82556484843756e-05,Pro,jungle radiant
876266,73,24,dire,%40MiSeRyDOTA,1,101733,102,3.86344172812506e-05,Pro,jungle radiant
877133,74,22,dire,%40MiSeRyDOTA,1,102600,103,3.90131860781256e-05,Pro,jungle radiant
878400,77,22,dire,%40MiSeRyDOTA,1,103867,104,3.93919548750006e-05,Pro,jungle radiant
879333,75,24,dire,%40MiSeRyDOTA,1,104800,105,3.97707236718756e-05,Pro,jungle radiant
880266,74,26,dire,%40MiSeRyDOTA,1,105733,106,4.01494924687506e-05,Pro,jungle radiant
881533,71,27,dire,%40MiSeRyDOTA,1,107000,107,4.05282612656256e-05,Pro,jungle radiant
882400,69,28,dire,%40MiSeRyDOTA,1,107867,108,4.09070300625006e-05,Pro,jungle radiant
883500,67,27,dire,%40MiSeRyDOTA,1,108967,109,4.12857988593756e-05,Pro,jungle radiant
884433,64,27,dire,%40MiSeRyDOTA,1,109900,110,4.16645676562507e-05,Pro,jungle radiant
885300,62,27,dire,%40MiSeRyDOTA,1,110767,111,4.20433364531257e-05,Pro,jungle radiant
886500,59,27,dire,%40MiSeRyDOTA,1,111967,112,4.24221052500007e-05,Pro,jungle radiant
887433,60,27,dire,%40MiSeRyDOTA,1,112900,113,4.28008740468757e-05,Pro,jungle radiant
888300,62,27,dire,%40MiSeRyDOTA,1,113767,114,4.31796428437507e-05,Pro,jungle radiant
889500,65,27,dire,%40MiSeRyDOTA,1,114967,115,4.35584116406257e-05,Pro,jungle radiant
890300,67,27,dire,%40MiSeRyDOTA,1,115767,116,4.39371804375007e-05,Pro,jungle radiant
891166,69,28,dire,%40MiSeRyDOTA,1,116633,117,4.43159492343757e-05,Pro,jungle radiant
892433,72,27,dire,%40MiSeRyDOTA,1,117900,118,4.46947180312507e-05,Pro,jungle radiant
893433,74,26,dire,%40MiSeRyDOTA,1,118900,119,4.50734868281257e-05,Pro,jungle radiant
894366,76,25,dire,%40MiSeRyDOTA,1,119833,120,4.54522556250007e-05,Pro,jungle radiant
895366,78,23,dire,%40MiSeRyDOTA,1,120833,121,4.58310244218757e-05,Pro,jungle radiant
896433,80,22,dire,%40MiSeRyDOTA,1,121900,122,4.62097932187507e-05,Pro,jungle radiant
897300,82,21,dire,%40MiSeRyDOTA,1,122767,123,4.65885620156257e-05,Pro,jungle radiant
898166,84,21,dire,%40MiSeRyDOTA,1,123633,124,4.69673308125007e-05,Pro,jungle radiant
899366,87,21,dire,%40MiSeRyDOTA,1,124833,125,4.73460996093757e-05,Pro,jungle radiant
900166,89,21,dire,%40MiSeRyDOTA,1,125633,126,4.77248684062507e-05,Pro,jungle radiant
901366,92,21,dire,%40MiSeRyDOTA,1,126833,127,4.81036372031258e-05,Pro,jungle radiant
902233,94,21,dire,%40MiSeRyDOTA,1,127700,128,4.84824060000008e-05,Pro,jungle radiant
903433,97,21,dire,%40MiSeRyDOTA,1,128900,129,4.88611747968758e-05,Pro,jungle radiant
904233,99,21,dire,%40MiSeRyDOTA,1,129700,130,4.92399435937508e-05,Pro,jungle radiant
905033,101,20,dire,%40MiSeRyDOTA,1,130500,131,4.96187123906258e-05,Pro,jungle radiant
905033,101,20,dire,%40MiSeRyDOTA,1,130500,132,4.99974811875008e-05,Pro,jungle radiant
905033,101,20,dire,%40MiSeRyDOTA,1,130500,133,5.03762499843758e-05,Pro,jungle radiant
908233,99,20,dire,%40MiSeRyDOTA,1,133700,134,5.07550187812508e-05,Pro,jungle radiant
908233,99,20,dire,%40MiSeRyDOTA,1,133700,135,5.11337875781258e-05,Pro,jungle radiant
908233,99,20,dire,%40MiSeRyDOTA,1,133700,136,5.15125563750008e-05,Pro,jungle radiant
911433,98,21,dire,%40MiSeRyDOTA,1,136900,137,5.18913251718758e-05,Pro,jungle radiant
912366,99,23,dire,%40MiSeRyDOTA,1,137833,138,5.22700939687508e-05,Pro,jungle radiant
913233,100,25,dire,%40MiSeRyDOTA,1,138700,139,5.26488627656258e-05,Pro,jungle radiant
914500,99,28,dire,%40MiSeRyDOTA,1,139967,140,5.30276315625008e-05,Pro,jungle radiant
915166,98,27,dire,%40MiSeRyDOTA,1,140633,141,5.34064003593758e-05,Pro,jungle radiant
915900,99,27,dire,%40MiSeRyDOTA,1,141367,142,5.37851691562508e-05,Pro,jungle radiant
915900,99,27,dire,%40MiSeRyDOTA,1,141367,143,5.41639379531258e-05,Pro,jungle radiant
915900,99,27,dire,%40MiSeRyDOTA,1,141367,144,5.45427067500008e-05,Pro,jungle radiant
918966,98,27,dire,%40MiSeRyDOTA,1,144433,145,5.49214755468759e-05,Pro,jungle radiant
920500,97,25,dire,%40MiSeRyDOTA,1,145967,146,5.53002443437509e-05,Pro,jungle radiant
921433,97,23,dire,%40MiSeRyDOTA,1,146900,147,5.56790131406259e-05,Pro,jungle radiant
922433,97,22,dire,%40MiSeRyDOTA,1,147900,148,5.60577819375009e-05,Pro,jungle radiant
922566,96,22,dire,%40MiSeRyDOTA,1,148033,149,5.64365507343759e-05,Pro,jungle radiant
924500,94,21,dire,%40MiSeRyDOTA,1,149967,150,5.68153195312509e-05,Pro,jungle radiant
924966,93,21,dire,%40MiSeRyDOTA,1,150433,151,5.71940883281259e-05,Pro,jungle radiant
926233,95,21,dire,%40MiSeRyDOTA,1,151700,152,5.75728571250009e-05,Pro,jungle radiant
927433,96,21,dire,%40MiSeRyDOTA,1,152900,153,5.79516259218759e-05,Pro,jungle radiant
928233,96,21,dire,%40MiSeRyDOTA,1,153700,154,5.83303947187509e-05,Pro,jungle radiant
929433,96,21,dire,%40MiSeRyDOTA,1,154900,155,5.87091635156259e-05,Pro,jungle radiant
930233,94,21,dire,%40MiSeRyDOTA,1,155700,156,5.90879323125009e-05,Pro,jungle radiant
931166,95,21,dire,%40MiSeRyDOTA,1,156633,157,5.94667011093759e-05,Pro,jungle radiant
932300,97,22,dire,%40MiSeRyDOTA,1,157767,158,5.98454699062509e-05,Pro,jungle radiant
933100,98,23,dire,%40MiSeRyDOTA,1,158567,159,6.02242387031259e-05,Pro,jungle radiant
933100,98,23,dire,%40MiSeRyDOTA,1,158567,160,6.06030075000009e-05,Pro,jungle radiant
933100,98,23,dire,%40MiSeRyDOTA,1,158567,161,6.0981776296876e-05,Pro,jungle radiant
933100,98,23,dire,%40MiSeRyDOTA,1,158567,162,6.1360545093751e-05,Pro,jungle radiant
937233,96,23,dire,%40MiSeRyDOTA,1,162700,163,6.1739313890626e-05,Pro,jungle radiant
938366,97,22,dire,%40MiSeRyDOTA,1,163833,164,6.2118082687501e-05,Pro,jungle radiant
939366,99,23,dire,%40MiSeRyDOTA,1,164833,165,6.2496851484376e-05,Pro,jungle radiant
940433,99,26,dire,%40MiSeRyDOTA,1,165900,166,6.2875620281251e-05,Pro,jungle radiant
941366,99,26,dire,%40MiSeRyDOTA,1,166833,167,6.3254389078126e-05,Pro,jungle radiant
942166,99,24,dire,%40MiSeRyDOTA,1,167633,168,6.3633157875001e-05,Pro,jungle radiant
943500,100,21,dire,%40MiSeRyDOTA,1,168967,169,6.4011926671876e-05,Pro,jungle radiant
944500,103,21,dire,%40MiSeRyDOTA,1,169967,170,6.4390695468751e-05,Pro,jungle radiant
944500,103,21,dire,%40MiSeRyDOTA,1,169967,171,6.4769464265626e-05,Pro,jungle radiant
946166,105,21,dire,%40MiSeRyDOTA,1,171633,172,6.5148233062501e-05,Pro,void radiant
947233,106,21,dire,%40MiSeRyDOTA,1,172700,173,6.5527001859376e-05,Pro,bottomlane radiant
948500,108,19,dire,%40MiSeRyDOTA,1,173967,174,6.5905770656251e-05,Pro,bottomlane radiant
949366,108,17,dire,%40MiSeRyDOTA,1,174833,175,6.6284539453126e-05,Pro,bottomlane radiant
950233,110,16,dire,%40MiSeRyDOTA,1,175700,176,6.6663308250001e-05,Pro,bottomlane radiant
951500,109,15,dire,%40MiSeRyDOTA,1,176967,177,6.70420770468761e-05,Pro,bottomlane radiant
951500,109,15,dire,%40MiSeRyDOTA,1,176967,178,6.74208458437511e-05,Pro,bottomlane radiant
953500,110,15,dire,%40MiSeRyDOTA,1,178967,179,6.77996146406261e-05,Pro,bottomlane radiant
953566,110,16,dire,%40MiSeRyDOTA,1,179033,180,6.81783834375011e-05,Pro,bottomlane radiant
955300,109,15,dire,%40MiSeRyDOTA,1,180767,181,6.85571522343761e-05,Pro,bottomlane radiant
956300,109,14,dire,%40MiSeRyDOTA,1,181767,182,6.89359210312511e-05,Pro,bottomlane radiant
957300,108,14,dire,%40MiSeRyDOTA,1,182767,183,6.93146898281261e-05,Pro,bottomlane radiant
958233,110,15,dire,%40MiSeRyDOTA,1,183700,184,6.96934586250011e-05,Pro,bottomlane radiant
959500,111,18,dire,%40MiSeRyDOTA,1,184967,185,7.00722274218761e-05,Pro,bottomlane radiant
960233,111,19,dire,%40MiSeRyDOTA,1,185700,186,7.04509962187511e-05,Pro,bottomlane radiant
961100,109,20,dire,%40MiSeRyDOTA,1,186567,187,7.08297650156261e-05,Pro,bottomlane radiant
962033,108,22,dire,%40MiSeRyDOTA,1,187500,188,7.12085338125011e-05,Pro,bottomlane radiant
963233,106,22,dire,%40MiSeRyDOTA,1,188700,189,7.15873026093761e-05,Pro,void radiant
964366,104,21,dire,%40MiSeRyDOTA,1,189833,190,7.19660714062511e-05,Pro,jungle radiant
965166,102,21,dire,%40MiSeRyDOTA,1,190633,191,7.23448402031261e-05,Pro,jungle radiant
966166,100,22,dire,%40MiSeRyDOTA,1,191633,192,7.27236090000011e-05,Pro,jungle radiant
967300,98,24,dire,%40MiSeRyDOTA,1,192767,193,7.31023777968761e-05,Pro,jungle radiant
968300,97,26,dire,%40MiSeRyDOTA,1,193767,194,7.34811465937511e-05,Pro,jungle radiant
969166,96,28,dire,%40MiSeRyDOTA,1,194633,195,7.38599153906262e-05,Pro,jungle radiant
970233,94,29,dire,%40MiSeRyDOTA,1,195700,196,7.42386841875012e-05,Pro,jungle radiant
971433,91,29,dire,%40MiSeRyDOTA,1,196900,197,7.46174529843762e-05,Pro,jungle radiant
972366,89,30,dire,%40MiSeRyDOTA,1,197833,198,7.49962217812512e-05,Pro,jungle radiant
973500,86,30,dire,%40MiSeRyDOTA,1,198967,199,7.53749905781262e-05,Pro,jungle radiant
973966,85,30,dire,%40MiSeRyDOTA,1,199433,200,7.57537593750012e-05,Pro,jungle radiant
975033,87,30,dire,%40MiSeRyDOTA,1,200500,201,7.61325281718762e-05,Pro,jungle radiant
976500,90,30,dire,%40MiSeRyDOTA,1,201967,202,7.65112969687512e-05,Pro,jungle radiant
977300,92,29,dire,%40MiSeRyDOTA,1,202767,203,7.68900657656262e-05,Pro,jungle radiant
978100,94,29,dire,%40MiSeRyDOTA,1,203567,204,7.72688345625012e-05,Pro,jungle radiant
979166,96,28,dire,%40MiSeRyDOTA,1,204633,205,7.76476033593762e-05,Pro,jungle radiant
980433,97,25,dire,%40MiSeRyDOTA,1,205900,206,7.80263721562512e-05,Pro,jungle radiant
981500,96,23,dire,%40MiSeRyDOTA,1,206967,207,7.84051409531262e-05,Pro,jungle radiant
982366,95,21,dire,%40MiSeRyDOTA,1,207833,208,7.87839097500012e-05,Pro,jungle radiant
983033,94,20,dire,%40MiSeRyDOTA,1,208500,209,7.91626785468762e-05,Pro,jungle radiant
984233,96,20,dire,%40MiSeRyDOTA,1,209700,210,7.95414473437512e-05,Pro,jungle radiant
985366,98,20,dire,%40MiSeRyDOTA,1,210833,211,7.99202161406263e-05,Pro,jungle radiant
986500,101,21,dire,%40MiSeRyDOTA,1,211967,212,8.02989849375013e-05,Pro,jungle radiant
987366,99,21,dire,%40MiSeRyDOTA,1,212833,213,8.06777537343763e-05,Pro,jungle radiant
987366,99,21,dire,%40MiSeRyDOTA,1,212833,214,8.10565225312513e-05,Pro,jungle radiant
989166,98,21,dire,%40MiSeRyDOTA,1,214633,215,8.14352913281263e-05,Pro,jungle radiant
990500,97,23,dire,%40MiSeRyDOTA,1,215967,216,8.18140601250013e-05,Pro,jungle radiant
991166,96,22,dire,%40MiSeRyDOTA,1,216633,217,8.21928289218763e-05,Pro,jungle radiant
992033,98,23,dire,%40MiSeRyDOTA,1,217500,218,8.25715977187513e-05,Pro,jungle radiant
992033,98,23,dire,%40MiSeRyDOTA,1,217500,219,8.29503665156263e-05,Pro,jungle radiant
992033,98,23,dire,%40MiSeRyDOTA,1,217500,220,8.33291353125013e-05,Pro,jungle radiant
992033,98,23,dire,%40MiSeRyDOTA,1,217500,221,8.37079041093763e-05,Pro,jungle radiant
996500,99,25,dire,%40MiSeRyDOTA,1,221967,222,8.40866729062513e-05,Pro,jungle radiant
997300,98,26,dire,%40MiSeRyDOTA,1,222767,223,8.44654417031263e-05,Pro,jungle radiant
997900,97,26,dire,%40MiSeRyDOTA,1,223367,224,8.48442105000013e-05,Pro,jungle radiant
999500,96,29,dire,%40MiSeRyDOTA,1,224967,225,8.52229792968763e-05,Pro,jungle radiant
1000533,93,29,dire,%40MiSeRyDOTA,1,226000,226,8.56017480937513e-05,Pro,jungle radiant
1001333,91,28,dire,%40MiSeRyDOTA,1,226800,227,8.59805168906263e-05,Pro,jungle radiant
1002200,89,28,dire,%40MiSeRyDOTA,1,227667,228,8.63592856875013e-05,Pro,jungle radiant
1002600,88,28,dire,%40MiSeRyDOTA,1,228067,229,8.67380544843764e-05,Pro,jungle radiant
1002600,88,28,dire,%40MiSeRyDOTA,1,228067,230,8.71168232812514e-05,Pro,jungle radiant
1002600,88,28,dire,%40MiSeRyDOTA,1,228067,231,8.74955920781264e-05,Pro,jungle radiant
1002600,88,28,dire,%40MiSeRyDOTA,1,228067,232,8.78743608750014e-05,Pro,jungle radiant
1002600,88,28,dire,%40MiSeRyDOTA,1,228067,233,8.82531296718764e-05,Pro,jungle radiant
1002600,88,28,dire,%40MiSeRyDOTA,1,228067,234,8.86318984687514e-05,Pro,jungle radiant
1002600,88,28,dire,%40MiSeRyDOTA,1,228067,235,8.90106672656264e-05,Pro,jungle radiant
1010533,88,27,dire,%40MiSeRyDOTA,1,236000,236,8.93894360625014e-05,Pro,jungle radiant
1010533,88,27,dire,%40MiSeRyDOTA,1,236000,237,8.97682048593764e-05,Pro,jungle radiant
1010533,88,27,dire,%40MiSeRyDOTA,1,236000,238,9.01469736562514e-05,Pro,jungle radiant
1010533,88,27,dire,%40MiSeRyDOTA,1,236000,239,9.05257424531264e-05,Pro,jungle radiant
1014400,89,27,dire,%40MiSeRyDOTA,1,239867,240,9.09045112500014e-05,Pro,jungle radiant
1015266,91,28,dire,%40MiSeRyDOTA,1,240733,241,9.12832800468764e-05,Pro,jungle radiant
1016533,94,29,dire,%40MiSeRyDOTA,1,242000,242,9.16620488437514e-05,Pro,jungle radiant
1017333,96,29,dire,%40MiSeRyDOTA,1,242800,243,9.20408176406264e-05,Pro,jungle radiant
1018266,98,28,dire,%40MiSeRyDOTA,1,243733,244,9.24195864375014e-05,Pro,jungle radiant
1019533,101,28,dire,%40MiSeRyDOTA,1,245000,245,9.27983552343764e-05,Pro,jungle radiant
1020333,102,30,dire,%40MiSeRyDOTA,1,245800,246,9.31771240312515e-05,Pro,jungle radiant
1021400,103,31,dire,%40MiSeRyDOTA,1,246867,247,9.35558928281265e-05,Pro,void radiant
1021866,103,30,dire,%40MiSeRyDOTA,1,247333,248,9.39346616250015e-05,Pro,jungle radiant
1021866,103,30,dire,%40MiSeRyDOTA,1,247333,249,9.43134304218765e-05,Pro,jungle radiant
1024133,103,32,dire,%40MiSeRyDOTA,1,249600,250,9.46921992187515e-05,Pro,river
1025266,104,33,dire,%40MiSeRyDOTA,1,250733,251,9.50709680156265e-05,Pro,river
1025266,104,33,dire,%40MiSeRyDOTA,1,250733,252,9.54497368125015e-05,Pro,river
1025266,104,33,dire,%40MiSeRyDOTA,1,250733,253,9.58285056093765e-05,Pro,river
1025266,104,33,dire,%40MiSeRyDOTA,1,250733,254,9.62072744062515e-05,Pro,river
1025266,104,33,dire,%40MiSeRyDOTA,1,250733,255,9.65860432031265e-05,Pro,river
1030266,105,34,dire,%40MiSeRyDOTA,1,255733,256,9.69648120000015e-05,Pro,river
1031266,106,34,dire,%40MiSeRyDOTA,1,256733,257,9.73435807968765e-05,Pro,river
1032133,108,35,dire,%40MiSeRyDOTA,1,257600,258,9.77223495937515e-05,Pro,bottomlane radiant
1033466,111,36,dire,%40MiSeRyDOTA,1,258933,259,9.81011183906265e-05,Pro,bottomlane radiant
1033466,111,36,dire,%40MiSeRyDOTA,1,258933,260,9.84798871875015e-05,Pro,bottomlane radiant
1035066,112,37,dire,%40MiSeRyDOTA,1,260533,261,9.88586559843765e-05,Pro,bottomlane radiant
1036066,112,36,dire,%40MiSeRyDOTA,1,261533,262,9.92374247812516e-05,Pro,bottomlane radiant
1037533,112,36,dire,%40MiSeRyDOTA,1,263000,263,9.96161935781266e-05,Pro,bottomlane radiant
1038266,110,35,dire,%40MiSeRyDOTA,1,263733,264,9.99949623750016e-05,Pro,bottomlane radiant
1039400,110,35,dire,%40MiSeRyDOTA,1,264867,265,0.000100373731171877,Pro,bottomlane radiant
1040266,109,33,dire,%40MiSeRyDOTA,1,265733,266,0.000100752499968752,Pro,bottomlane radiant
1041266,108,35,dire,%40MiSeRyDOTA,1,266733,267,0.000101131268765627,Pro,bottomlane radiant
1042533,109,38,dire,%40MiSeRyDOTA,1,268000,268,0.000101510037562502,Pro,bottomlane dire
1043266,109,38,dire,%40MiSeRyDOTA,1,268733,269,0.000101888806359377,Pro,bottomlane dire
1044466,109,35,dire,%40MiSeRyDOTA,1,269933,270,0.000102267575156252,Pro,bottomlane radiant
1045333,109,33,dire,%40MiSeRyDOTA,1,270800,271,0.000102646343953127,Pro,bottomlane radiant
1046466,110,36,dire,%40MiSeRyDOTA,1,271933,272,0.000103025112750002,Pro,bottomlane radiant
1047466,110,38,dire,%40MiSeRyDOTA,1,272933,273,0.000103403881546877,Pro,bottomlane dire
1048466,108,37,dire,%40MiSeRyDOTA,1,273933,274,0.000103782650343752,Pro,bottomlane radiant
1049266,106,37,dire,%40MiSeRyDOTA,1,274733,275,0.000104161419140627,Pro,river
1050466,103,37,dire,%40MiSeRyDOTA,1,275933,276,0.000104540187937502,Pro,river
1051333,101,38,dire,%40MiSeRyDOTA,1,276800,277,0.000104918956734377,Pro,river
1052533,98,38,dire,%40MiSeRyDOTA,1,278000,278,0.000105297725531252,Pro,river
1052933,97,38,dire,%40MiSeRyDOTA,1,278400,279,0.000105676494328127,Pro,river
1054533,100,38,dire,%40MiSeRyDOTA,1,280000,280,0.000106055263125002,Pro,river
1055400,102,37,dire,%40MiSeRyDOTA,1,280867,281,0.000106434031921877,Pro,river
1056200,104,37,dire,%40MiSeRyDOTA,1,281667,282,0.000106812800718752,Pro,river
1057533,107,36,dire,%40MiSeRyDOTA,1,283000,283,0.000107191569515627,Pro,river
1058466,108,35,dire,%40MiSeRyDOTA,1,283933,284,0.000107570338312502,Pro,bottomlane radiant
1059466,106,34,dire,%40MiSeRyDOTA,1,284933,285,0.000107949107109377,Pro,river
1060533,104,33,dire,%40MiSeRyDOTA,1,286000,286,0.000108327875906252,Pro,river
1061466,102,32,dire,%40MiSeRyDOTA,1,286933,287,0.000108706644703127,Pro,river
1062466,101,30,dire,%40MiSeRyDOTA,1,287933,288,0.000109085413500002,Pro,jungle radiant
1063400,99,28,dire,%40MiSeRyDOTA,1,288867,289,0.000109464182296877,Pro,jungle radiant
1064400,98,26,dire,%40MiSeRyDOTA,1,289867,290,0.000109842951093752,Pro,jungle radiant
1065333,97,24,dire,%40MiSeRyDOTA,1,290800,291,0.000110221719890627,Pro,jungle radiant
1066533,97,26,dire,%40MiSeRyDOTA,1,292000,292,0.000110600488687502,Pro,jungle radiant
1067200,97,25,dire,%40MiSeRyDOTA,1,292667,293,0.000110979257484377,Pro,jungle radiant
1068466,97,27,dire,%40MiSeRyDOTA,1,293933,294,0.000111358026281252,Pro,jungle radiant
1069133,98,28,dire,%40MiSeRyDOTA,1,294600,295,0.000111736795078127,Pro,jungle radiant
1069933,99,27,dire,%40MiSeRyDOTA,1,295400,296,0.000112115563875002,Pro,jungle radiant
1071266,99,26,dire,%40MiSeRyDOTA,1,296733,297,0.000112494332671877,Pro,jungle radiant
1072533,102,26,dire,%40MiSeRyDOTA,1,298000,298,0.000112873101468752,Pro,jungle radiant
1073333,102,28,dire,%40MiSeRyDOTA,1,298800,299,0.000113251870265627,Pro,jungle radiant
1073333,102,28,dire,%40MiSeRyDOTA,1,298800,300,0.000113630639062502,Pro,jungle radiant
1075533,101,28,dire,%40MiSeRyDOTA,1,301000,301,0.000114009407859377,Pro,jungle radiant
1076333,99,28,dire,%40MiSeRyDOTA,1,301800,302,0.000114388176656252,Pro,jungle radiant
1077400,97,28,dire,%40MiSeRyDOTA,1,302867,303,0.000114766945453127,Pro,jungle radiant
1078066,97,26,dire,%40MiSeRyDOTA,1,303533,304,0.000115145714250002,Pro,jungle radiant
1079333,97,25,dire,%40MiSeRyDOTA,1,304800,305,0.000115524483046877,Pro,jungle radiant
1080133,97,25,dire,%40MiSeRyDOTA,1,305600,306,0.000115903251843752,Pro,jungle radiant
1080133,97,25,dire,%40MiSeRyDOTA,1,305600,307,0.000116282020640627,Pro,jungle radiant
1081866,97,26,dire,%40MiSeRyDOTA,1,307333,308,0.000116660789437502,Pro,jungle radiant
1081866,97,26,dire,%40MiSeRyDOTA,1,307333,309,0.000117039558234377,Pro,jungle radiant
1081866,97,26,dire,%40MiSeRyDOTA,1,307333,310,0.000117418327031252,Pro,jungle radiant
1085266,97,27,dire,%40MiSeRyDOTA,1,310733,311,0.000117797095828127,Pro,jungle radiant
1085666,97,28,dire,%40MiSeRyDOTA,1,311133,312,0.000118175864625002,Pro,jungle radiant
1085666,97,28,dire,%40MiSeRyDOTA,1,311133,313,0.000118554633421877,Pro,jungle radiant
1085666,97,28,dire,%40MiSeRyDOTA,1,311133,314,0.000118933402218752,Pro,jungle radiant
1089533,97,29,dire,%40MiSeRyDOTA,1,315000,315,0.000119312171015627,Pro,jungle radiant
1090333,99,30,dire,%40MiSeRyDOTA,1,315800,316,0.000119690939812502,Pro,jungle radiant
1090866,100,31,dire,%40MiSeRyDOTA,1,316333,317,0.000120069708609377,Pro,void radiant
1092533,97,30,dire,%40MiSeRyDOTA,1,318000,318,0.000120448477406252,Pro,jungle radiant
1093400,95,30,dire,%40MiSeRyDOTA,1,318867,319,0.000120827246203127,Pro,jungle radiant
1094200,93,30,dire,%40MiSeRyDOTA,1,319667,320,0.000121206015000002,Pro,jungle radiant
1095400,90,30,dire,%40MiSeRyDOTA,1,320867,321,0.000121584783796877,Pro,jungle radiant
1096266,88,30,dire,%40MiSeRyDOTA,1,321733,322,0.000121963552593752,Pro,jungle radiant
1097466,85,30,dire,%40MiSeRyDOTA,1,322933,323,0.000122342321390627,Pro,jungle radiant
1098333,83,31,dire,%40MiSeRyDOTA,1,323800,324,0.000122721090187502,Pro,jungle radiant
1099200,82,33,dire,%40MiSeRyDOTA,1,324667,325,0.000123099858984377,Pro,jungle radiant
1100466,82,36,dire,%40MiSeRyDOTA,1,325933,326,0.000123478627781252,Pro,jungle radiant
1101266,82,38,dire,%40MiSeRyDOTA,1,326733,327,0.000123857396578127,Pro,void radiant
1102466,82,41,dire,%40MiSeRyDOTA,1,327933,328,0.000124236165375002,Pro,river
1103333,84,41,dire,%40MiSeRyDOTA,1,328800,329,0.000124614934171877,Pro,river
1104200,86,41,dire,%40MiSeRyDOTA,1,329667,330,0.000124993702968752,Pro,river
1104200,86,41,dire,%40MiSeRyDOTA,1,329667,331,0.000125372471765627,Pro,river
1104200,86,41,dire,%40MiSeRyDOTA,1,329667,332,0.000125751240562502,Pro,river
1104200,86,41,dire,%40MiSeRyDOTA,1,329667,333,0.000126130009359377,Pro,river
1104200,86,41,dire,%40MiSeRyDOTA,1,329667,334,0.000126508778156252,Pro,river
1104200,86,41,dire,%40MiSeRyDOTA,1,329667,335,0.000126887546953127,Pro,river
1104200,86,41,dire,%40MiSeRyDOTA,1,329667,336,0.000127266315750002,Pro,river
1104200,86,41,dire,%40MiSeRyDOTA,1,329667,337,0.000127645084546877,Pro,river
1104200,86,41,dire,%40MiSeRyDOTA,1,329667,338,0.000128023853343752,Pro,river
1104200,86,41,dire,%40MiSeRyDOTA,1,329667,339,0.000128402622140627,Pro,river
1114400,85,41,dire,%40MiSeRyDOTA,1,339867,340,0.000128781390937502,Pro,river
1115400,81,41,dire,%40MiSeRyDOTA,1,340867,341,0.000129160159734377,Pro,river
1116400,77,41,dire,%40MiSeRyDOTA,1,341867,342,0.000129538928531252,Pro,void radiant
1117400,73,40,dire,%40MiSeRyDOTA,1,342867,343,0.000129917697328127,Pro,jungle radiant
1118400,69,40,dire,%40MiSeRyDOTA,1,343867,344,0.000130296466125002,Pro,jungle radiant
1119400,65,39,dire,%40MiSeRyDOTA,1,344867,345,0.000130675234921877,Pro,jungle radiant
1120333,62,41,dire,%40MiSeRyDOTA,1,345800,346,0.000131054003718752,Pro,jungle radiant
1121466,60,45,dire,%40MiSeRyDOTA,1,346933,347,0.000131432772515627,Pro,jungle radiant
1122466,59,49,dire,%40MiSeRyDOTA,1,347933,348,0.000131811541312502,Pro,jungle radiant
1123533,58,51,dire,%40MiSeRyDOTA,1,349000,349,0.000132190310109377,Pro,midlane radiant
1123933,57,52,dire,%40MiSeRyDOTA,1,349400,350,0.000132569078906252,Pro,midlane radiant
1125466,55,55,dire,%40MiSeRyDOTA,1,350933,351,0.000132947847703127,Pro,midlane radiant
1126200,54,56,dire,%40MiSeRyDOTA,1,351667,352,0.000133326616500002,Pro,midlane radiant
1126200,54,56,dire,%40MiSeRyDOTA,1,351667,353,0.000133705385296877,Pro,midlane radiant
1128266,55,55,dire,%40MiSeRyDOTA,1,353733,354,0.000134084154093752,Pro,midlane radiant
1128866,56,54,dire,%40MiSeRyDOTA,1,354333,355,0.000134462922890627,Pro,midlane radiant
1130533,55,54,dire,%40MiSeRyDOTA,1,356000,356,0.000134841691687502,Pro,midlane radiant
1130933,55,53,dire,%40MiSeRyDOTA,1,356400,357,0.000135220460484377,Pro,midlane radiant
1132466,56,53,dire,%40MiSeRyDOTA,1,357933,358,0.000135599229281252,Pro,midlane radiant
1133466,58,55,dire,%40MiSeRyDOTA,1,358933,359,0.000135977998078127,Pro,midlane radiant
1134533,62,57,dire,%40MiSeRyDOTA,1,360000,360,0.000136356766875002,Pro,midlane radiant
1135533,65,59,dire,%40MiSeRyDOTA,1,361000,361,0.000136735535671877,Pro,void dire
1136200,67,60,dire,%40MiSeRyDOTA,1,361667,362,0.000137114304468752,Pro,midlane dire
1137400,70,59,dire,%40MiSeRyDOTA,1,362867,363,0.000137493073265627,Pro,jungle dire
1137666,69,60,dire,%40MiSeRyDOTA,1,363133,364,0.000137871842062502,Pro,jungle dire
1139066,71,59,dire,%40MiSeRyDOTA,1,364533,365,0.000138250610859377,Pro,jungle dire
1140533,74,57,dire,%40MiSeRyDOTA,1,366000,366,0.000138629379656252,Pro,jungle dire
1141400,76,54,dire,%40MiSeRyDOTA,1,366867,367,0.000139008148453127,Pro,jungle dire
1142400,79,51,dire,%40MiSeRyDOTA,1,367867,368,0.000139386917250002,Pro,jungle dire
1143533,82,48,dire,%40MiSeRyDOTA,1,369000,369,0.000139765686046877,Pro,void dire
1144466,83,45,dire,%40MiSeRyDOTA,1,369933,370,0.000140144454843752,Pro,river
1145533,85,45,dire,%40MiSeRyDOTA,1,371000,371,0.000140523223640627,Pro,void dire
1146400,87,46,dire,%40MiSeRyDOTA,1,371867,372,0.000140901992437502,Pro,jungle dire
1147133,89,47,dire,%40MiSeRyDOTA,1,372600,373,0.000141280761234377,Pro,jungle dire
1148266,91,49,dire,%40MiSeRyDOTA,1,373733,374,0.000141659530031252,Pro,jungle dire
1149200,93,50,dire,%40MiSeRyDOTA,1,374667,375,0.000142038298828127,Pro,jungle dire
1150400,96,50,dire,%40MiSeRyDOTA,1,375867,376,0.000142417067625002,Pro,jungle dire
1151400,98,51,dire,%40MiSeRyDOTA,1,376867,377,0.000142795836421877,Pro,jungle dire
1152533,101,51,dire,%40MiSeRyDOTA,1,378000,378,0.000143174605218752,Pro,jungle dire
1153400,103,52,dire,%40MiSeRyDOTA,1,378867,379,0.000143553374015627,Pro,jungle dire
1154466,105,54,dire,%40MiSeRyDOTA,1,379933,380,0.000143932142812502,Pro,jungle dire
1155333,107,54,dire,%40MiSeRyDOTA,1,380800,381,0.000144310911609377,Pro,jungle dire
1156200,109,54,dire,%40MiSeRyDOTA,1,381667,382,0.000144689680406252,Pro,bottomlane dire
1157466,110,51,dire,%40MiSeRyDOTA,1,382933,383,0.000145068449203127,Pro,bottomlane dire
1158400,111,49,dire,%40MiSeRyDOTA,1,383867,384,0.000145447218000002,Pro,bottomlane dire
1159466,113,48,dire,%40MiSeRyDOTA,1,384933,385,0.000145825986796877,Pro,bottomlane dire
1160200,112,50,dire,%40MiSeRyDOTA,1,385667,386,0.000146204755593752,Pro,bottomlane dire
1161466,112,53,dire,%40MiSeRyDOTA,1,386933,387,0.000146583524390627,Pro,bottomlane dire
1162400,111,55,dire,%40MiSeRyDOTA,1,387867,388,0.000146962293187502,Pro,bottomlane dire
1163533,111,58,dire,%40MiSeRyDOTA,1,389000,389,0.000147341061984377,Pro,bottomlane dire
1164333,111,60,dire,%40MiSeRyDOTA,1,389800,390,0.000147719830781252,Pro,bottomlane dire
1165533,111,63,dire,%40MiSeRyDOTA,1,391000,391,0.000148098599578127,Pro,bottomlane dire
1166466,111,61,dire,%40MiSeRyDOTA,1,391933,392,0.000148477368375002,Pro,bottomlane dire
1167533,111,58,dire,%40MiSeRyDOTA,1,393000,393,0.000148856137171877,Pro,bottomlane dire
1168200,111,56,dire,%40MiSeRyDOTA,1,393667,394,0.000149234905968752,Pro,bottomlane dire
1169266,111,53,dire,%40MiSeRyDOTA,1,394733,395,0.000149613674765627,Pro,bottomlane dire
1170333,110,50,dire,%40MiSeRyDOTA,1,395800,396,0.000149992443562502,Pro,bottomlane dire
1171400,110,47,dire,%40MiSeRyDOTA,1,396867,397,0.000150371212359377,Pro,bottomlane dire
1172466,109,44,dire,%40MiSeRyDOTA,1,397933,398,0.000150749981156252,Pro,bottomlane dire
1173533,109,41,dire,%40MiSeRyDOTA,1,399000,399,0.000151128749953127,Pro,bottomlane dire
1173866,109,40,dire,%40MiSeRyDOTA,1,399333,400,0.000151507518750002,Pro,bottomlane dire
1175466,109,42,dire,%40MiSeRyDOTA,1,400933,401,0.000151886287546877,Pro,bottomlane dire
1176533,110,45,dire,%40MiSeRyDOTA,1,402000,402,0.000152265056343752,Pro,bottomlane dire
1177533,111,42,dire,%40MiSeRyDOTA,1,403000,403,0.000152643825140627,Pro,bottomlane dire
1178466,111,40,dire,%40MiSeRyDOTA,1,403933,404,0.000153022593937502,Pro,bottomlane dire
1178866,111,39,dire,%40MiSeRyDOTA,1,404333,405,0.000153401362734377,Pro,bottomlane dire
1178866,111,39,dire,%40MiSeRyDOTA,1,404333,406,0.000153780131531252,Pro,bottomlane dire
1181066,111,40,dire,%40MiSeRyDOTA,1,406533,407,0.000154158900328127,Pro,bottomlane dire
1181733,112,40,dire,%40MiSeRyDOTA,1,407200,408,0.000154537669125002,Pro,bottomlane dire
1181733,112,40,dire,%40MiSeRyDOTA,1,407200,409,0.000154916437921877,Pro,bottomlane dire
1181733,112,40,dire,%40MiSeRyDOTA,1,407200,410,0.000155295206718752,Pro,bottomlane dire
1181733,112,40,dire,%40MiSeRyDOTA,1,407200,411,0.000155673975515627,Pro,bottomlane dire
1186333,110,40,dire,%40MiSeRyDOTA,1,411800,412,0.000156052744312502,Pro,bottomlane dire
1186333,110,40,dire,%40MiSeRyDOTA,1,411800,413,0.000156431513109377,Pro,bottomlane dire
1186333,110,40,dire,%40MiSeRyDOTA,1,411800,414,0.000156810281906252,Pro,bottomlane dire
1186333,110,40,dire,%40MiSeRyDOTA,1,411800,415,0.000157189050703127,Pro,bottomlane dire
1186333,110,40,dire,%40MiSeRyDOTA,1,411800,416,0.000157567819500002,Pro,bottomlane dire
1186333,110,40,dire,%40MiSeRyDOTA,1,411800,417,0.000157946588296877,Pro,bottomlane dire
1186333,110,40,dire,%40MiSeRyDOTA,1,411800,418,0.000158325357093752,Pro,bottomlane dire
1186333,110,40,dire,%40MiSeRyDOTA,1,411800,419,0.000158704125890627,Pro,bottomlane dire
1186333,110,40,dire,%40MiSeRyDOTA,1,411800,420,0.000159082894687502,Pro,bottomlane dire
1195533,110,38,dire,%40MiSeRyDOTA,1,421000,421,0.000159461663484378,Pro,bottomlane dire
1196200,109,36,dire,%40MiSeRyDOTA,1,421667,422,0.000159840432281253,Pro,bottomlane radiant
1196200,109,36,dire,%40MiSeRyDOTA,1,421667,423,0.000160219201078128,Pro,bottomlane radiant
1196200,109,36,dire,%40MiSeRyDOTA,1,421667,424,0.000160597969875003,Pro,bottomlane radiant
1199200,110,38,dire,%40MiSeRyDOTA,1,424667,425,0.000160976738671878,Pro,bottomlane dire
1200333,113,38,dire,%40MiSeRyDOTA,1,425800,426,0.000161355507468753,Pro,bottomlane dire
1201400,112,38,dire,%40MiSeRyDOTA,1,426867,427,0.000161734276265628,Pro,bottomlane dire
1201866,111,39,dire,%40MiSeRyDOTA,1,427333,428,0.000162113045062503,Pro,bottomlane dire
1203066,111,39,dire,%40MiSeRyDOTA,1,428533,429,0.000162491813859378,Pro,bottomlane dire
1204266,112,39,dire,%40MiSeRyDOTA,1,429733,430,0.000162870582656253,Pro,bottomlane dire
1205533,113,39,dire,%40MiSeRyDOTA,1,431000,431,0.000163249351453128,Pro,bottomlane dire
1205533,113,39,dire,%40MiSeRyDOTA,1,431000,432,0.000163628120250003,Pro,bottomlane dire
1207200,111,39,dire,%40MiSeRyDOTA,1,432667,433,0.000164006889046878,Pro,bottomlane dire
1208333,108,38,dire,%40MiSeRyDOTA,1,433800,434,0.000164385657843753,Pro,bottomlane dire
1209466,111,39,dire,%40MiSeRyDOTA,1,434933,435,0.000164764426640628,Pro,bottomlane dire
1210400,112,37,dire,%40MiSeRyDOTA,1,435867,436,0.000165143195437503,Pro,bottomlane radiant
1211200,113,35,dire,%40MiSeRyDOTA,1,436667,437,0.000165521964234378,Pro,bottomlane radiant
1211200,113,35,dire,%40MiSeRyDOTA,1,436667,438,0.000165900733031253,Pro,bottomlane radiant
1213533,112,35,dire,%40MiSeRyDOTA,1,439000,439,0.000166279501828128,Pro,bottomlane radiant
1214266,110,35,dire,%40MiSeRyDOTA,1,439733,440,0.000166658270625003,Pro,bottomlane radiant
1215533,109,35,dire,%40MiSeRyDOTA,1,441000,441,0.000167037039421878,Pro,bottomlane radiant
1216400,107,36,dire,%40MiSeRyDOTA,1,441867,442,0.000167415808218753,Pro,river
1217466,104,37,dire,%40MiSeRyDOTA,1,442933,443,0.000167794577015628,Pro,river
1218533,101,37,dire,%40MiSeRyDOTA,1,444000,444,0.000168173345812503,Pro,river
1219266,99,38,dire,%40MiSeRyDOTA,1,444733,445,0.000168552114609378,Pro,river
1220333,96,38,dire,%40MiSeRyDOTA,1,445800,446,0.000168930883406253,Pro,river
1221400,93,39,dire,%40MiSeRyDOTA,1,446867,447,0.000169309652203128,Pro,river
1222466,90,39,dire,%40MiSeRyDOTA,1,447933,448,0.000169688421000003,Pro,river
1223266,88,40,dire,%40MiSeRyDOTA,1,448733,449,0.000170067189796878,Pro,river
1224533,88,40,dire,%40MiSeRyDOTA,1,450000,450,0.000170445958593753,Pro,river
1225533,88,42,dire,%40MiSeRyDOTA,1,451000,451,0.000170824727390628,Pro,river
1226533,88,45,dire,%40MiSeRyDOTA,1,452000,452,0.000171203496187503,Pro,jungle dire
1227400,89,47,dire,%40MiSeRyDOTA,1,452867,453,0.000171582264984378,Pro,jungle dire
1228333,91,49,dire,%40MiSeRyDOTA,1,453800,454,0.000171961033781253,Pro,jungle dire
1229466,94,49,dire,%40MiSeRyDOTA,1,454933,455,0.000172339802578128,Pro,jungle dire
1230333,94,49,dire,%40MiSeRyDOTA,1,455800,456,0.000172718571375003,Pro,jungle dire
1231266,91,49,dire,%40MiSeRyDOTA,1,456733,457,0.000173097340171878,Pro,jungle dire
1232466,88,47,dire,%40MiSeRyDOTA,1,457933,458,0.000173476108968753,Pro,jungle dire
1233466,86,44,dire,%40MiSeRyDOTA,1,458933,459,0.000173854877765628,Pro,river
1234533,83,42,dire,%40MiSeRyDOTA,1,460000,460,0.000174233646562503,Pro,river
1235266,82,40,dire,%40MiSeRyDOTA,1,460733,461,0.000174612415359378,Pro,river
1236533,82,36,dire,%40MiSeRyDOTA,1,462000,462,0.000174991184156253,Pro,jungle radiant
1237400,81,33,dire,%40MiSeRyDOTA,1,462867,463,0.000175369952953128,Pro,jungle radiant
1238333,81,30,dire,%40MiSeRyDOTA,1,463800,464,0.000175748721750003,Pro,jungle radiant
1239466,79,27,dire,%40MiSeRyDOTA,1,464933,465,0.000176127490546878,Pro,jungle radiant
1240533,78,24,dire,%40MiSeRyDOTA,1,466000,466,0.000176506259343753,Pro,jungle radiant
1241466,78,21,dire,%40MiSeRyDOTA,1,466933,467,0.000176885028140628,Pro,jungle radiant
1242400,79,19,dire,%40MiSeRyDOTA,1,467867,468,0.000177263796937503,Pro,void radiant
1242733,80,19,dire,%40MiSeRyDOTA,1,468200,469,0.000177642565734378,Pro,void radiant
1244466,78,17,dire,%40MiSeRyDOTA,1,469933,470,0.000178021334531253,Pro,bottomlane radiant
1245400,79,15,dire,%40MiSeRyDOTA,1,470867,471,0.000178400103328128,Pro,bottomlane radiant
1246466,81,13,dire,%40MiSeRyDOTA,1,471933,472,0.000178778872125003,Pro,bottomlane radiant
1247466,84,12,dire,%40MiSeRyDOTA,1,472933,473,0.000179157640921878,Pro,bottomlane radiant
1248533,87,12,dire,%40MiSeRyDOTA,1,474000,474,0.000179536409718753,Pro,bottomlane radiant
1249266,89,12,dire,%40MiSeRyDOTA,1,474733,475,0.000179915178515628,Pro,bottomlane radiant
1249600,90,12,dire,%40MiSeRyDOTA,1,475067,476,0.000180293947312503,Pro,bottomlane radiant
1249600,90,12,dire,%40MiSeRyDOTA,1,475067,477,0.000180672716109378,Pro,bottomlane radiant
1252200,92,13,dire,%40MiSeRyDOTA,1,477667,478,0.000181051484906253,Pro,bottomlane radiant
1252666,92,14,dire,%40MiSeRyDOTA,1,478133,479,0.000181430253703128,Pro,bottomlane radiant
1252666,92,14,dire,%40MiSeRyDOTA,1,478133,480,0.000181809022500003,Pro,bottomlane radiant
1255533,91,15,dire,%40MiSeRyDOTA,1,481000,481,0.000182187791296878,Pro,void radiant
1256466,90,18,dire,%40MiSeRyDOTA,1,481933,482,0.000182566560093753,Pro,jungle radiant
1257400,89,20,dire,%40MiSeRyDOTA,1,482867,483,0.000182945328890628,Pro,jungle radiant
1257800,88,21,dire,%40MiSeRyDOTA,1,483267,484,0.000183324097687503,Pro,jungle radiant
1258600,89,21,dire,%40MiSeRyDOTA,1,484067,485,0.000183702866484378,Pro,jungle radiant
1260133,88,21,dire,%40MiSeRyDOTA,1,485600,486,0.000184081635281253,Pro,jungle radiant
1260133,88,21,dire,%40MiSeRyDOTA,1,485600,487,0.000184460404078128,Pro,jungle radiant
1260133,88,21,dire,%40MiSeRyDOTA,1,485600,488,0.000184839172875003,Pro,jungle radiant
1262733,87,22,dire,%40MiSeRyDOTA,1,488200,489,0.000185217941671878,Pro,jungle radiant
1264133,87,24,dire,%40MiSeRyDOTA,1,489600,490,0.000185596710468753,Pro,jungle radiant
1265266,88,25,dire,%40MiSeRyDOTA,1,490733,491,0.000185975479265628,Pro,jungle radiant
1266533,88,26,dire,%40MiSeRyDOTA,1,492000,492,0.000186354248062503,Pro,jungle radiant
1266533,88,26,dire,%40MiSeRyDOTA,1,492000,493,0.000186733016859378,Pro,jungle radiant
1267933,88,27,dire,%40MiSeRyDOTA,1,493400,494,0.000187111785656253,Pro,jungle radiant
1268933,89,27,dire,%40MiSeRyDOTA,1,494400,495,0.000187490554453128,Pro,jungle radiant
1268933,89,27,dire,%40MiSeRyDOTA,1,494400,496,0.000187869323250003,Pro,jungle radiant
1271400,89,28,dire,%40MiSeRyDOTA,1,496867,497,0.000188248092046878,Pro,jungle radiant
1271400,89,28,dire,%40MiSeRyDOTA,1,496867,498,0.000188626860843753,Pro,jungle radiant
1271400,89,28,dire,%40MiSeRyDOTA,1,496867,499,0.000189005629640628,Pro,jungle radiant
1271400,89,28,dire,%40MiSeRyDOTA,1,496867,500,0.000189384398437503,Pro,jungle radiant
1271400,89,28,dire,%40MiSeRyDOTA,1,496867,501,0.000189763167234378,Pro,jungle radiant
1271400,89,28,dire,%40MiSeRyDOTA,1,496867,502,0.000190141936031253,Pro,jungle radiant
1271400,89,28,dire,%40MiSeRyDOTA,1,496867,503,0.000190520704828128,Pro,jungle radiant
1271400,89,28,dire,%40MiSeRyDOTA,1,496867,504,0.000190899473625003,Pro,jungle radiant
1271400,89,28,dire,%40MiSeRyDOTA,1,496867,505,0.000191278242421878,Pro,jungle radiant
1271400,89,28,dire,%40MiSeRyDOTA,1,496867,506,0.000191657011218753,Pro,jungle radiant
1271400,89,28,dire,%40MiSeRyDOTA,1,496867,507,0.000192035780015628,Pro,jungle radiant
1271400,89,28,dire,%40MiSeRyDOTA,1,496867,508,0.000192414548812503,Pro,jungle radiant
1271400,89,28,dire,%40MiSeRyDOTA,1,496867,509,0.000192793317609378,Pro,jungle radiant
1284400,87,29,dire,%40MiSeRyDOTA,1,509867,510,0.000193172086406253,Pro,jungle radiant
1285533,84,30,dire,%40MiSeRyDOTA,1,511000,511,0.000193550855203128,Pro,jungle radiant
1286000,83,31,dire,%40MiSeRyDOTA,1,511467,512,0.000193929624000003,Pro,jungle radiant
1287400,86,30,dire,%40MiSeRyDOTA,1,512867,513,0.000194308392796878,Pro,jungle radiant
1288466,89,30,dire,%40MiSeRyDOTA,1,513933,514,0.000194687161593753,Pro,jungle radiant
1289200,91,30,dire,%40MiSeRyDOTA,1,514667,515,0.000195065930390628,Pro,jungle radiant
1290333,89,30,dire,%40MiSeRyDOTA,1,515800,516,0.000195444699187503,Pro,jungle radiant
1291400,86,30,dire,%40MiSeRyDOTA,1,516867,517,0.000195823467984378,Pro,jungle radiant
1292466,83,31,dire,%40MiSeRyDOTA,1,517933,518,0.000196202236781253,Pro,jungle radiant
1293533,82,33,dire,%40MiSeRyDOTA,1,519000,519,0.000196581005578128,Pro,jungle radiant
1294333,82,36,dire,%40MiSeRyDOTA,1,519800,520,0.000196959774375003,Pro,jungle radiant
1295400,82,39,dire,%40MiSeRyDOTA,1,520867,521,0.000197338543171878,Pro,river
1296533,83,42,dire,%40MiSeRyDOTA,1,522000,522,0.000197717311968753,Pro,river
1297466,85,43,dire,%40MiSeRyDOTA,1,522933,523,0.000198096080765628,Pro,river
1298400,87,45,dire,%40MiSeRyDOTA,1,523867,524,0.000198474849562503,Pro,jungle dire
1299333,89,47,dire,%40MiSeRyDOTA,1,524800,525,0.000198853618359378,Pro,jungle dire
1300466,89,48,dire,%40MiSeRyDOTA,1,525933,526,0.000199232387156253,Pro,jungle dire
1301466,88,50,dire,%40MiSeRyDOTA,1,526933,527,0.000199611155953128,Pro,jungle dire
1302000,88,50,dire,%40MiSeRyDOTA,1,527467,528,0.000199989924750003,Pro,jungle dire
1302000,88,50,dire,%40MiSeRyDOTA,1,527467,529,0.000200368693546878,Pro,jungle dire
1302000,88,50,dire,%40MiSeRyDOTA,1,527467,530,0.000200747462343753,Pro,jungle dire
1305200,89,48,dire,%40MiSeRyDOTA,1,530667,531,0.000201126231140628,Pro,jungle dire
1305200,89,48,dire,%40MiSeRyDOTA,1,530667,532,0.000201504999937503,Pro,jungle dire
1305200,89,48,dire,%40MiSeRyDOTA,1,530667,533,0.000201883768734378,Pro,jungle dire
1305200,89,48,dire,%40MiSeRyDOTA,1,530667,534,0.000202262537531253,Pro,jungle dire
1309333,90,49,dire,%40MiSeRyDOTA,1,534800,535,0.000202641306328128,Pro,jungle dire
1310466,93,50,dire,%40MiSeRyDOTA,1,535933,536,0.000203020075125003,Pro,jungle dire
1311533,95,52,dire,%40MiSeRyDOTA,1,537000,537,0.000203398843921878,Pro,jungle dire
1312266,96,54,dire,%40MiSeRyDOTA,1,537733,538,0.000203777612718753,Pro,jungle dire
1312933,96,56,dire,%40MiSeRyDOTA,1,538400,539,0.000204156381515628,Pro,jungle dire
1314466,95,58,dire,%40MiSeRyDOTA,1,539933,540,0.000204535150312503,Pro,jungle dire
1315466,93,60,dire,%40MiSeRyDOTA,1,540933,541,0.000204913919109378,Pro,jungle dire
1315733,92,60,dire,%40MiSeRyDOTA,1,541200,542,0.000205292687906253,Pro,jungle dire
1317466,94,59,dire,%40MiSeRyDOTA,1,542933,543,0.000205671456703128,Pro,jungle dire
1318400,96,57,dire,%40MiSeRyDOTA,1,543867,544,0.000206050225500003,Pro,jungle dire
1319466,96,54,dire,%40MiSeRyDOTA,1,544933,545,0.000206428994296878,Pro,jungle dire
1320466,98,53,dire,%40MiSeRyDOTA,1,545933,546,0.000206807763093753,Pro,jungle dire
1321533,101,53,dire,%40MiSeRyDOTA,1,547000,547,0.000207186531890628,Pro,jungle dire
1322200,103,53,dire,%40MiSeRyDOTA,1,547667,548,0.000207565300687503,Pro,jungle dire
1323333,106,54,dire,%40MiSeRyDOTA,1,548800,549,0.000207944069484378,Pro,jungle dire
1324400,109,54,dire,%40MiSeRyDOTA,1,549867,550,0.000208322838281253,Pro,bottomlane dire
1325466,111,52,dire,%40MiSeRyDOTA,1,550933,551,0.000208701607078128,Pro,bottomlane dire
1326333,113,50,dire,%40MiSeRyDOTA,1,551800,552,0.000209080375875003,Pro,bottomlane dire
1327466,114,47,dire,%40MiSeRyDOTA,1,552933,553,0.000209459144671878,Pro,bottomlane dire
1328533,114,44,dire,%40MiSeRyDOTA,1,554000,554,0.000209837913468753,Pro,bottomlane dire
1329266,113,42,dire,%40MiSeRyDOTA,1,554733,555,0.000210216682265628,Pro,bottomlane dire
1329600,113,41,dire,%40MiSeRyDOTA,1,555067,556,0.000210595451062503,Pro,bottomlane dire
1329600,113,41,dire,%40MiSeRyDOTA,1,555067,557,0.000210974219859378,Pro,bottomlane dire
1332333,113,39,dire,%40MiSeRyDOTA,1,557800,558,0.000211352988656253,Pro,bottomlane dire
1333333,113,36,dire,%40MiSeRyDOTA,1,558800,559,0.000211731757453128,Pro,bottomlane radiant
1334533,112,33,dire,%40MiSeRyDOTA,1,560000,560,0.000212110526250003,Pro,bottomlane radiant
1335400,110,31,dire,%40MiSeRyDOTA,1,560867,561,0.000212489295046878,Pro,bottomlane radiant
1336266,109,29,dire,%40MiSeRyDOTA,1,561733,562,0.000212868063843753,Pro,bottomlane radiant
1337266,108,27,dire,%40MiSeRyDOTA,1,562733,563,0.000213246832640628,Pro,bottomlane radiant
1337266,108,27,dire,%40MiSeRyDOTA,1,562733,564,0.000213625601437503,Pro,bottomlane radiant
1337266,108,27,dire,%40MiSeRyDOTA,1,562733,565,0.000214004370234378,Pro,bottomlane radiant
1337266,108,27,dire,%40MiSeRyDOTA,1,562733,566,0.000214383139031253,Pro,bottomlane radiant
1337266,108,27,dire,%40MiSeRyDOTA,1,562733,567,0.000214761907828128,Pro,bottomlane radiant
1337266,108,27,dire,%40MiSeRyDOTA,1,562733,568,0.000215140676625003,Pro,bottomlane radiant
1343400,108,26,dire,%40MiSeRyDOTA,1,568867,569,0.000215519445421878,Pro,bottomlane radiant
1344400,108,25,dire,%40MiSeRyDOTA,1,569867,570,0.000215898214218753,Pro,bottomlane radiant
1345266,106,24,dire,%40MiSeRyDOTA,1,570733,571,0.000216276983015628,Pro,void radiant
1346266,103,24,dire,%40MiSeRyDOTA,1,571733,572,0.000216655751812503,Pro,jungle radiant
1347333,100,23,dire,%40MiSeRyDOTA,1,572800,573,0.000217034520609378,Pro,jungle radiant
1347333,100,23,dire,%40MiSeRyDOTA,1,572800,574,0.000217413289406253,Pro,jungle radiant
1349333,99,22,dire,%40MiSeRyDOTA,1,574800,575,0.000217792058203128,Pro,jungle radiant
1350533,97,19,dire,%40MiSeRyDOTA,1,576000,576,0.000218170827000003,Pro,jungle radiant
1350933,96,19,dire,%40MiSeRyDOTA,1,576400,577,0.000218549595796878,Pro,jungle radiant
1350933,96,19,dire,%40MiSeRyDOTA,1,576400,578,0.000218928364593753,Pro,jungle radiant
1353200,97,19,dire,%40MiSeRyDOTA,1,578667,579,0.000219307133390628,Pro,jungle radiant
1353600,98,19,dire,%40MiSeRyDOTA,1,579067,580,0.000219685902187503,Pro,jungle radiant
1355266,99,20,dire,%40MiSeRyDOTA,1,580733,581,0.000220064670984378,Pro,jungle radiant
1356466,102,21,dire,%40MiSeRyDOTA,1,581933,582,0.000220443439781253,Pro,jungle radiant
1357133,104,21,dire,%40MiSeRyDOTA,1,582600,583,0.000220822208578128,Pro,jungle radiant
1357133,104,21,dire,%40MiSeRyDOTA,1,582600,584,0.000221200977375003,Pro,jungle radiant
1357133,104,21,dire,%40MiSeRyDOTA,1,582600,585,0.000221579746171878,Pro,jungle radiant
1360466,101,21,dire,%40MiSeRyDOTA,1,585933,586,0.000221958514968753,Pro,jungle radiant
1360466,101,21,dire,%40MiSeRyDOTA,1,585933,587,0.000222337283765628,Pro,jungle radiant
1360466,101,21,dire,%40MiSeRyDOTA,1,585933,588,0.000222716052562503,Pro,jungle radiant
1360466,101,21,dire,%40MiSeRyDOTA,1,585933,589,0.000223094821359378,Pro,jungle radiant
1360466,101,21,dire,%40MiSeRyDOTA,1,585933,590,0.000223473590156254,Pro,jungle radiant
1365266,100,22,dire,%40MiSeRyDOTA,1,590733,591,0.000223852358953129,Pro,jungle radiant
1365600,100,23,dire,%40MiSeRyDOTA,1,591067,592,0.000224231127750004,Pro,jungle radiant
1366600,100,22,dire,%40MiSeRyDOTA,1,592067,593,0.000224609896546879,Pro,jungle radiant
1368400,99,22,dire,%40MiSeRyDOTA,1,593867,594,0.000224988665343754,Pro,jungle radiant
1368400,99,22,dire,%40MiSeRyDOTA,1,593867,595,0.000225367434140629,Pro,jungle radiant
1368400,99,22,dire,%40MiSeRyDOTA,1,593867,596,0.000225746202937504,Pro,jungle radiant
1368400,99,22,dire,%40MiSeRyDOTA,1,593867,597,0.000226124971734379,Pro,jungle radiant
1368400,99,22,dire,%40MiSeRyDOTA,1,593867,598,0.000226503740531254,Pro,jungle radiant
1368400,99,22,dire,%40MiSeRyDOTA,1,593867,599,0.000226882509328129,Pro,jungle radiant
1368400,99,22,dire,%40MiSeRyDOTA,1,593867,600,0.000227261278125004,Pro,jungle radiant
1368400,99,22,dire,%40MiSeRyDOTA,1,593867,601,0.000227640046921879,Pro,jungle radiant
1368400,99,22,dire,%40MiSeRyDOTA,1,593867,602,0.000228018815718754,Pro,jungle radiant
1368400,99,22,dire,%40MiSeRyDOTA,1,593867,603,0.000228397584515629,Pro,jungle radiant
1368400,99,22,dire,%40MiSeRyDOTA,1,593867,604,0.000228776353312504,Pro,jungle radiant
1368400,99,22,dire,%40MiSeRyDOTA,1,593867,605,0.000229155122109379,Pro,jungle radiant
1380333,97,20,dire,%40MiSeRyDOTA,1,605800,606,0.000229533890906254,Pro,jungle radiant
1381200,96,20,dire,%40MiSeRyDOTA,1,606667,607,0.000229912659703129,Pro,jungle radiant
1381200,96,20,dire,%40MiSeRyDOTA,1,606667,608,0.000230291428500004,Pro,jungle radiant
1381200,96,20,dire,%40MiSeRyDOTA,1,606667,609,0.000230670197296879,Pro,jungle radiant
1384266,94,19,dire,%40MiSeRyDOTA,1,609733,610,0.000231048966093754,Pro,jungle radiant
1385266,93,17,dire,%40MiSeRyDOTA,1,610733,611,0.000231427734890629,Pro,jungle radiant
1386266,92,14,dire,%40MiSeRyDOTA,1,611733,612,0.000231806503687504,Pro,bottomlane radiant
1387466,93,15,dire,%40MiSeRyDOTA,1,612933,613,0.000232185272484379,Pro,void radiant
1388400,93,18,dire,%40MiSeRyDOTA,1,613867,614,0.000232564041281254,Pro,jungle radiant
1389200,94,20,dire,%40MiSeRyDOTA,1,614667,615,0.000232942810078129,Pro,jungle radiant
1390466,97,22,dire,%40MiSeRyDOTA,1,615933,616,0.000233321578875004,Pro,jungle radiant
1391266,99,23,dire,%40MiSeRyDOTA,1,616733,617,0.000233700347671879,Pro,jungle radiant
1392333,102,23,dire,%40MiSeRyDOTA,1,617800,618,0.000234079116468754,Pro,jungle radiant
1393533,105,23,dire,%40MiSeRyDOTA,1,619000,619,0.000234457885265629,Pro,jungle radiant
1394533,107,21,dire,%40MiSeRyDOTA,1,620000,620,0.000234836654062504,Pro,bottomlane radiant
1395333,108,19,dire,%40MiSeRyDOTA,1,620800,621,0.000235215422859379,Pro,bottomlane radiant
1396266,110,20,dire,%40MiSeRyDOTA,1,621733,622,0.000235594191656254,Pro,bottomlane radiant
1397133,109,22,dire,%40MiSeRyDOTA,1,622600,623,0.000235972960453129,Pro,bottomlane radiant
1398000,109,23,dire,%40MiSeRyDOTA,1,623467,624,0.000236351729250004,Pro,bottomlane radiant
1399200,108,24,dire,%40MiSeRyDOTA,1,624667,625,0.000236730498046879,Pro,bottomlane radiant
1400333,108,25,dire,%40MiSeRyDOTA,1,625800,626,0.000237109266843754,Pro,bottomlane radiant
1400333,108,25,dire,%40MiSeRyDOTA,1,625800,627,0.000237488035640629,Pro,bottomlane radiant
1402200,110,26,dire,%40MiSeRyDOTA,1,627667,628,0.000237866804437504,Pro,bottomlane radiant
1403400,113,27,dire,%40MiSeRyDOTA,1,628867,629,0.000238245573234379,Pro,bottomlane radiant
1404533,116,29,dire,%40MiSeRyDOTA,1,630000,630,0.000238624342031254,Pro,bottomlane radiant
1405533,117,30,dire,%40MiSeRyDOTA,1,631000,631,0.000239003110828129,Pro,bottomlane radiant
1406266,115,31,dire,%40MiSeRyDOTA,1,631733,632,0.000239381879625004,Pro,bottomlane radiant
1407400,114,34,dire,%40MiSeRyDOTA,1,632867,633,0.000239760648421879,Pro,bottomlane radiant
1408533,113,37,dire,%40MiSeRyDOTA,1,634000,634,0.000240139417218754,Pro,bottomlane radiant
1409266,112,39,dire,%40MiSeRyDOTA,1,634733,635,0.000240518186015629,Pro,bottomlane dire
1410533,112,42,dire,%40MiSeRyDOTA,1,636000,636,0.000240896954812504,Pro,bottomlane dire
1411000,113,43,dire,%40MiSeRyDOTA,1,636467,637,0.000241275723609379,Pro,bottomlane dire
1412533,113,45,dire,%40MiSeRyDOTA,1,638000,638,0.000241654492406254,Pro,bottomlane dire
1413466,111,43,dire,%40MiSeRyDOTA,1,638933,639,0.000242033261203129,Pro,bottomlane dire
1414000,111,42,dire,%40MiSeRyDOTA,1,639467,640,0.000242412030000004,Pro,bottomlane dire
1415533,111,43,dire,%40MiSeRyDOTA,1,641000,641,0.000242790798796879,Pro,bottomlane dire
1416333,110,43,dire,%40MiSeRyDOTA,1,641800,642,0.000243169567593754,Pro,bottomlane dire
1417466,110,43,dire,%40MiSeRyDOTA,1,642933,643,0.000243548336390629,Pro,bottomlane dire
1417466,110,43,dire,%40MiSeRyDOTA,1,642933,644,0.000243927105187504,Pro,bottomlane dire
1418933,111,44,dire,%40MiSeRyDOTA,1,644400,645,0.000244305873984379,Pro,bottomlane dire
1420266,113,44,dire,%40MiSeRyDOTA,1,645733,646,0.000244684642781254,Pro,bottomlane dire
1421266,114,45,dire,%40MiSeRyDOTA,1,646733,647,0.000245063411578129,Pro,bottomlane dire
1422333,113,48,dire,%40MiSeRyDOTA,1,647800,648,0.000245442180375004,Pro,bottomlane dire
1423466,112,50,dire,%40MiSeRyDOTA,1,648933,649,0.000245820949171879,Pro,bottomlane dire
1423933,111,50,dire,%40MiSeRyDOTA,1,649400,650,0.000246199717968754,Pro,bottomlane dire
1425533,110,49,dire,%40MiSeRyDOTA,1,651000,651,0.000246578486765629,Pro,bottomlane dire
1426200,110,47,dire,%40MiSeRyDOTA,1,651667,652,0.000246957255562504,Pro,bottomlane dire
1426200,110,47,dire,%40MiSeRyDOTA,1,651667,653,0.000247336024359379,Pro,bottomlane dire
1428533,109,46,dire,%40MiSeRyDOTA,1,654000,654,0.000247714793156254,Pro,bottomlane dire
1429266,109,44,dire,%40MiSeRyDOTA,1,654733,655,0.000248093561953129,Pro,bottomlane dire
1430266,109,41,dire,%40MiSeRyDOTA,1,655733,656,0.000248472330750004,Pro,bottomlane dire
1431000,109,39,dire,%40MiSeRyDOTA,1,656467,657,0.000248851099546879,Pro,bottomlane dire
1431000,109,39,dire,%40MiSeRyDOTA,1,656467,658,0.000249229868343754,Pro,bottomlane dire
1431000,109,39,dire,%40MiSeRyDOTA,1,656467,659,0.000249608637140629,Pro,bottomlane dire
1431000,109,39,dire,%40MiSeRyDOTA,1,656467,660,0.000249987405937504,Pro,bottomlane dire
1431000,109,39,dire,%40MiSeRyDOTA,1,656467,661,0.000250366174734379,Pro,bottomlane dire
1431000,109,39,dire,%40MiSeRyDOTA,1,656467,662,0.000250744943531254,Pro,bottomlane dire
1431000,109,39,dire,%40MiSeRyDOTA,1,656467,663,0.000251123712328129,Pro,bottomlane dire
1431000,109,39,dire,%40MiSeRyDOTA,1,656467,664,0.000251502481125004,Pro,bottomlane dire
1431000,109,39,dire,%40MiSeRyDOTA,1,656467,665,0.000251881249921879,Pro,bottomlane dire
1440133,109,39,dire,%40MiSeRyDOTA,1,665600,666,0.000252260018718754,Pro,bottomlane dire
1440133,109,39,dire,%40MiSeRyDOTA,1,665600,667,0.000252638787515629,Pro,bottomlane dire
1442133,110,40,dire,%40MiSeRyDOTA,1,667600,668,0.000253017556312504,Pro,bottomlane dire
1442133,110,40,dire,%40MiSeRyDOTA,1,667600,669,0.000253396325109379,Pro,bottomlane dire
1444400,111,40,dire,%40MiSeRyDOTA,1,669867,670,0.000253775093906254,Pro,bottomlane dire
1444400,111,40,dire,%40MiSeRyDOTA,1,669867,671,0.000254153862703129,Pro,bottomlane dire
1444400,111,40,dire,%40MiSeRyDOTA,1,669867,672,0.000254532631500004,Pro,bottomlane dire
1447200,109,39,dire,%40MiSeRyDOTA,1,672667,673,0.000254911400296879,Pro,bottomlane dire
1447200,109,39,dire,%40MiSeRyDOTA,1,672667,674,0.000255290169093754,Pro,bottomlane dire
1447200,109,39,dire,%40MiSeRyDOTA,1,672667,675,0.000255668937890629,Pro,bottomlane dire
1447200,109,39,dire,%40MiSeRyDOTA,1,672667,676,0.000256047706687504,Pro,bottomlane dire
1447200,109,39,dire,%40MiSeRyDOTA,1,672667,677,0.000256426475484379,Pro,bottomlane dire
1447200,109,39,dire,%40MiSeRyDOTA,1,672667,678,0.000256805244281254,Pro,bottomlane dire
1452866,109,38,dire,%40MiSeRyDOTA,1,678333,679,0.000257184013078129,Pro,bottomlane dire
1454066,109,37,dire,%40MiSeRyDOTA,1,679533,680,0.000257562781875004,Pro,bottomlane radiant
1455133,110,36,dire,%40MiSeRyDOTA,1,680600,681,0.000257941550671879,Pro,bottomlane radiant
1455133,110,36,dire,%40MiSeRyDOTA,1,680600,682,0.000258320319468754,Pro,bottomlane radiant
1457333,110,35,dire,%40MiSeRyDOTA,1,682800,683,0.000258699088265629,Pro,bottomlane radiant
1457733,110,34,dire,%40MiSeRyDOTA,1,683200,684,0.000259077857062504,Pro,bottomlane radiant
1459466,109,32,dire,%40MiSeRyDOTA,1,684933,685,0.000259456625859379,Pro,bottomlane radiant
1459466,109,32,dire,%40MiSeRyDOTA,1,684933,686,0.000259835394656254,Pro,bottomlane radiant
1459466,109,32,dire,%40MiSeRyDOTA,1,684933,687,0.000260214163453129,Pro,bottomlane radiant
1459466,109,32,dire,%40MiSeRyDOTA,1,684933,688,0.000260592932250004,Pro,bottomlane radiant
1459466,109,32,dire,%40MiSeRyDOTA,1,684933,689,0.000260971701046879,Pro,bottomlane radiant
1459466,109,32,dire,%40MiSeRyDOTA,1,684933,690,0.000261350469843754,Pro,bottomlane radiant
1465333,111,33,dire,%40MiSeRyDOTA,1,690800,691,0.000261729238640629,Pro,bottomlane radiant
1466200,113,34,dire,%40MiSeRyDOTA,1,691667,692,0.000262108007437504,Pro,bottomlane radiant
1467000,115,33,dire,%40MiSeRyDOTA,1,692467,693,0.000262486776234379,Pro,bottomlane radiant
1467000,115,33,dire,%40MiSeRyDOTA,1,692467,694,0.000262865545031254,Pro,bottomlane radiant
1467000,115,33,dire,%40MiSeRyDOTA,1,692467,695,0.000263244313828129,Pro,bottomlane radiant
1470466,75,66,dire,%40MiSeRyDOTA,1,695933,696,0.000263623082625004,Pro,midlane dire
1470466,75,66,dire,%40MiSeRyDOTA,1,695933,697,0.000264001851421879,Pro,midlane dire
1472400,76,65,dire,%40MiSeRyDOTA,1,697867,698,0.000264380620218754,Pro,midlane dire
1473466,76,62,dire,%40MiSeRyDOTA,1,698933,699,0.000264759389015629,Pro,jungle dire
1473466,76,62,dire,%40MiSeRyDOTA,1,698933,700,0.000265138157812504,Pro,jungle dire
1475400,76,64,dire,%40MiSeRyDOTA,1,700867,701,0.000265516926609379,Pro,midlane dire
1476200,77,65,dire,%40MiSeRyDOTA,1,701667,702,0.000265895695406254,Pro,midlane dire
1477333,79,67,dire,%40MiSeRyDOTA,1,702800,703,0.000266274464203129,Pro,midlane dire
1478533,81,70,dire,%40MiSeRyDOTA,1,704000,704,0.000266653233000004,Pro,midlane dire
1479400,82,72,dire,%40MiSeRyDOTA,1,704867,705,0.000267032001796879,Pro,midlane dire
1480400,84,74,dire,%40MiSeRyDOTA,1,705867,706,0.000267410770593754,Pro,midlane dire
1480400,84,74,dire,%40MiSeRyDOTA,1,705867,707,0.000267789539390629,Pro,midlane dire
1480400,84,74,dire,%40MiSeRyDOTA,1,705867,708,0.000268168308187504,Pro,midlane dire
1480400,84,74,dire,%40MiSeRyDOTA,1,705867,709,0.000268547076984379,Pro,midlane dire
1480400,84,74,dire,%40MiSeRyDOTA,1,705867,710,0.000268925845781254,Pro,midlane dire
1480400,84,74,dire,%40MiSeRyDOTA,1,705867,711,0.000269304614578129,Pro,midlane dire
1480400,84,74,dire,%40MiSeRyDOTA,1,705867,712,0.000269683383375004,Pro,midlane dire
1480400,84,74,dire,%40MiSeRyDOTA,1,705867,713,0.000270062152171879,Pro,midlane dire
1480400,84,74,dire,%40MiSeRyDOTA,1,705867,714,0.000270440920968754,Pro,midlane dire
1480400,84,74,dire,%40MiSeRyDOTA,1,705867,715,0.000270819689765629,Pro,midlane dire
1480400,84,74,dire,%40MiSeRyDOTA,1,705867,716,0.000271198458562504,Pro,midlane dire
1480400,84,74,dire,%40MiSeRyDOTA,1,705867,717,0.000271577227359379,Pro,midlane dire
1480400,84,74,dire,%40MiSeRyDOTA,1,705867,718,0.000271955996156254,Pro,midlane dire
1480400,84,74,dire,%40MiSeRyDOTA,1,705867,719,0.000272334764953129,Pro,midlane dire
1480400,84,74,dire,%40MiSeRyDOTA,1,705867,720,0.000272713533750004,Pro,midlane dire
1480400,84,74,dire,%40MiSeRyDOTA,1,705867,721,0.000273092302546879,Pro,midlane dire
1480400,84,74,dire,%40MiSeRyDOTA,1,705867,722,0.000273471071343754,Pro,midlane dire
1480400,84,74,dire,%40MiSeRyDOTA,1,705867,723,0.000273849840140629,Pro,midlane dire
1480400,84,74,dire,%40MiSeRyDOTA,1,705867,724,0.000274228608937504,Pro,midlane dire
1480400,84,74,dire,%40MiSeRyDOTA,1,705867,725,0.000274607377734379,Pro,midlane dire
1500133,84,74,dire,%40MiSeRyDOTA,1,725600,726,0.000274986146531254,Pro,midlane dire
1500133,84,74,dire,%40MiSeRyDOTA,1,725600,727,0.000275364915328129,Pro,midlane dire
1500133,84,74,dire,%40MiSeRyDOTA,1,725600,728,0.000275743684125004,Pro,midlane dire
1500133,84,74,dire,%40MiSeRyDOTA,1,725600,729,0.000276122452921879,Pro,midlane dire
1503600,117,108,dire,%40MiSeRyDOTA,1,729067,730,0.000276501221718754,Pro,base2 dire
1503600,117,108,dire,%40MiSeRyDOTA,1,729067,731,0.000276879990515629,Pro,base2 dire
1503600,117,108,dire,%40MiSeRyDOTA,1,729067,732,0.000277258759312504,Pro,base2 dire
1503600,117,108,dire,%40MiSeRyDOTA,1,729067,733,0.000277637528109379,Pro,base2 dire
1503600,117,108,dire,%40MiSeRyDOTA,1,729067,734,0.000278016296906254,Pro,base2 dire
1503600,117,108,dire,%40MiSeRyDOTA,1,729067,735,0.000278395065703129,Pro,base2 dire
1503600,117,108,dire,%40MiSeRyDOTA,1,729067,736,0.000278773834500004,Pro,base2 dire
1511466,116,106,dire,%40MiSeRyDOTA,1,736933,737,0.000279152603296879,Pro,base2 dire
1512533,115,103,dire,%40MiSeRyDOTA,1,738000,738,0.000279531372093754,Pro,base2 dire
1513466,114,101,dire,%40MiSeRyDOTA,1,738933,739,0.000279910140890629,Pro,base2 dire
1514333,114,98,dire,%40MiSeRyDOTA,1,739800,740,0.000280288909687504,Pro,base2 dire
1515466,113,95,dire,%40MiSeRyDOTA,1,740933,741,0.000280667678484379,Pro,base2 dire
1516400,113,92,dire,%40MiSeRyDOTA,1,741867,742,0.000281046447281254,Pro,base2 dire
1517466,113,89,dire,%40MiSeRyDOTA,1,742933,743,0.000281425216078129,Pro,base2 dire
1518533,112,86,dire,%40MiSeRyDOTA,1,744000,744,0.000281803984875004,Pro,base2 dire
1519466,111,84,dire,%40MiSeRyDOTA,1,744933,745,0.000282182753671879,Pro,base2 dire
1520333,111,81,dire,%40MiSeRyDOTA,1,745800,746,0.000282561522468754,Pro,base2 dire
1521400,111,78,dire,%40MiSeRyDOTA,1,746867,747,0.000282940291265629,Pro,base2 dire
1522400,111,75,dire,%40MiSeRyDOTA,1,747867,748,0.000283319060062504,Pro,bottomlane dire
1523466,112,72,dire,%40MiSeRyDOTA,1,748933,749,0.000283697828859379,Pro,bottomlane dire
1524466,111,69,dire,%40MiSeRyDOTA,1,749933,750,0.000284076597656254,Pro,bottomlane dire
1525533,111,66,dire,%40MiSeRyDOTA,1,751000,751,0.000284455366453129,Pro,bottomlane dire
1526533,111,63,dire,%40MiSeRyDOTA,1,752000,752,0.000284834135250004,Pro,bottomlane dire
1527266,111,61,dire,%40MiSeRyDOTA,1,752733,753,0.000285212904046879,Pro,bottomlane dire
1528333,110,59,dire,%40MiSeRyDOTA,1,753800,754,0.000285591672843754,Pro,bottomlane dire
1529400,107,58,dire,%40MiSeRyDOTA,1,754867,755,0.000285970441640629,Pro,jungle dire
1530533,104,57,dire,%40MiSeRyDOTA,1,756000,756,0.000286349210437504,Pro,jungle dire
1531333,102,56,dire,%40MiSeRyDOTA,1,756800,757,0.000286727979234379,Pro,jungle dire
1532466,99,55,dire,%40MiSeRyDOTA,1,757933,758,0.000287106748031254,Pro,jungle dire
1533333,97,53,dire,%40MiSeRyDOTA,1,758800,759,0.000287485516828129,Pro,jungle dire
1534266,95,51,dire,%40MiSeRyDOTA,1,759733,760,0.000287864285625004,Pro,jungle dire
1535133,93,50,dire,%40MiSeRyDOTA,1,760600,761,0.00028824305442188,Pro,jungle dire
1536466,96,51,dire,%40MiSeRyDOTA,1,761933,762,0.000288621823218755,Pro,jungle dire
1537533,93,50,dire,%40MiSeRyDOTA,1,763000,763,0.00028900059201563,Pro,jungle dire
1538466,90,49,dire,%40MiSeRyDOTA,1,763933,764,0.000289379360812505,Pro,jungle dire
1539466,87,48,dire,%40MiSeRyDOTA,1,764933,765,0.00028975812960938,Pro,jungle dire
1540333,84,48,dire,%40MiSeRyDOTA,1,765800,766,0.000290136898406255,Pro,jungle dire
1541466,81,50,dire,%40MiSeRyDOTA,1,766933,767,0.00029051566720313,Pro,jungle dire
1542266,79,52,dire,%40MiSeRyDOTA,1,767733,768,0.000290894436000005,Pro,jungle dire
1543466,76,54,dire,%40MiSeRyDOTA,1,768933,769,0.00029127320479688,Pro,jungle dire
1544533,74,57,dire,%40MiSeRyDOTA,1,770000,770,0.000291651973593755,Pro,jungle dire
1545333,72,59,dire,%40MiSeRyDOTA,1,770800,771,0.00029203074239063,Pro,jungle dire
1546533,69,60,dire,%40MiSeRyDOTA,1,772000,772,0.000292409511187505,Pro,jungle dire
1547533,66,60,dire,%40MiSeRyDOTA,1,773000,773,0.00029278827998438,Pro,midlane dire
1548266,64,60,dire,%40MiSeRyDOTA,1,773733,774,0.000293167048781255,Pro,midlane dire
1549266,61,59,dire,%40MiSeRyDOTA,1,774733,775,0.00029354581757813,Pro,midlane dire
1550266,60,58,dire,%40MiSeRyDOTA,1,775733,776,0.000293924586375005,Pro,midlane radiant
1551200,58,56,dire,%40MiSeRyDOTA,1,776667,777,0.00029430335517188,Pro,midlane radiant
1552266,56,54,dire,%40MiSeRyDOTA,1,777733,778,0.000294682123968755,Pro,midlane radiant
1552266,56,54,dire,%40MiSeRyDOTA,1,777733,779,0.00029506089276563,Pro,midlane radiant
1552266,56,54,dire,%40MiSeRyDOTA,1,777733,780,0.000295439661562505,Pro,midlane radiant
1552266,56,54,dire,%40MiSeRyDOTA,1,777733,781,0.00029581843035938,Pro,midlane radiant
1552266,56,54,dire,%40MiSeRyDOTA,1,777733,782,0.000296197199156255,Pro,midlane radiant
1557466,55,54,dire,%40MiSeRyDOTA,1,782933,783,0.00029657596795313,Pro,midlane radiant
1558466,56,54,dire,%40MiSeRyDOTA,1,783933,784,0.000296954736750005,Pro,midlane radiant
1559466,59,55,dire,%40MiSeRyDOTA,1,784933,785,0.00029733350554688,Pro,midlane radiant
1560133,60,55,dire,%40MiSeRyDOTA,1,785600,786,0.000297712274343755,Pro,midlane radiant
1560133,60,55,dire,%40MiSeRyDOTA,1,785600,787,0.00029809104314063,Pro,midlane radiant
1562466,61,55,dire,%40MiSeRyDOTA,1,787933,788,0.000298469811937505,Pro,void radiant
1562466,61,55,dire,%40MiSeRyDOTA,1,787933,789,0.00029884858073438,Pro,void radiant
1564400,63,56,dire,%40MiSeRyDOTA,1,789867,790,0.000299227349531255,Pro,river
1565200,63,58,dire,%40MiSeRyDOTA,1,790667,791,0.00029960611832813,Pro,void dire
1565666,64,59,dire,%40MiSeRyDOTA,1,791133,792,0.000299984887125005,Pro,midlane dire
1567266,66,60,dire,%40MiSeRyDOTA,1,792733,793,0.00030036365592188,Pro,midlane dire
1568266,66,60,dire,%40MiSeRyDOTA,1,793733,794,0.000300742424718755,Pro,midlane dire
1568666,61,55,dire,%40MiSeRyDOTA,1,794133,795,0.00030112119351563,Pro,void radiant
1568666,61,55,dire,%40MiSeRyDOTA,1,794133,796,0.000301499962312505,Pro,void radiant
1568666,61,55,dire,%40MiSeRyDOTA,1,794133,797,0.00030187873110938,Pro,void radiant
1568666,61,55,dire,%40MiSeRyDOTA,1,794133,798,0.000302257499906255,Pro,void radiant
1568666,61,55,dire,%40MiSeRyDOTA,1,794133,799,0.00030263626870313,Pro,void radiant
1568666,61,55,dire,%40MiSeRyDOTA,1,794133,800,0.000303015037500005,Pro,void radiant
1568666,61,55,dire,%40MiSeRyDOTA,1,794133,801,0.00030339380629688,Pro,void radiant
1568666,61,55,dire,%40MiSeRyDOTA,1,794133,802,0.000303772575093755,Pro,void radiant
1568666,61,55,dire,%40MiSeRyDOTA,1,794133,803,0.00030415134389063,Pro,void radiant
1568666,61,55,dire,%40MiSeRyDOTA,1,794133,804,0.000304530112687505,Pro,void radiant
1568666,61,55,dire,%40MiSeRyDOTA,1,794133,805,0.00030490888148438,Pro,void radiant
1568666,61,55,dire,%40MiSeRyDOTA,1,794133,806,0.000305287650281255,Pro,void radiant
1568666,61,55,dire,%40MiSeRyDOTA,1,794133,807,0.00030566641907813,Pro,void radiant
1568666,61,55,dire,%40MiSeRyDOTA,1,794133,808,0.000306045187875005,Pro,void radiant
1568666,61,55,dire,%40MiSeRyDOTA,1,794133,809,0.00030642395667188,Pro,void radiant
1568666,61,55,dire,%40MiSeRyDOTA,1,794133,810,0.000306802725468755,Pro,void radiant
1568666,61,55,dire,%40MiSeRyDOTA,1,794133,811,0.00030718149426563,Pro,void radiant
1568666,61,55,dire,%40MiSeRyDOTA,1,794133,812,0.000307560263062505,Pro,void radiant
1568666,61,55,dire,%40MiSeRyDOTA,1,794133,813,0.00030793903185938,Pro,void radiant
1568666,61,55,dire,%40MiSeRyDOTA,1,794133,814,0.000308317800656255,Pro,void radiant
1568666,61,55,dire,%40MiSeRyDOTA,1,794133,815,0.00030869656945313,Pro,void radiant
1568666,61,55,dire,%40MiSeRyDOTA,1,794133,816,0.000309075338250005,Pro,void radiant
1568666,61,55,dire,%40MiSeRyDOTA,1,794133,817,0.00030945410704688,Pro,void radiant
1568666,61,55,dire,%40MiSeRyDOTA,1,794133,818,0.000309832875843755,Pro,void radiant
1568666,61,55,dire,%40MiSeRyDOTA,1,794133,819,0.00031021164464063,Pro,void radiant
1568666,61,55,dire,%40MiSeRyDOTA,1,794133,820,0.000310590413437505,Pro,void radiant
1568666,61,55,dire,%40MiSeRyDOTA,1,794133,821,0.00031096918223438,Pro,void radiant
1568666,61,55,dire,%40MiSeRyDOTA,1,794133,822,0.000311347951031255,Pro,void radiant
1568666,61,55,dire,%40MiSeRyDOTA,1,794133,823,0.00031172671982813,Pro,void radiant
1568666,61,55,dire,%40MiSeRyDOTA,1,794133,824,0.000312105488625005,Pro,void radiant
1568666,61,55,dire,%40MiSeRyDOTA,1,794133,825,0.00031248425742188,Pro,void radiant
1600400,115,108,dire,%40MiSeRyDOTA,1,825867,826,0.000312863026218755,Pro,base2 dire
1601533,114,105,dire,%40MiSeRyDOTA,1,827000,827,0.00031324179501563,Pro,base2 dire
1602266,113,103,dire,%40MiSeRyDOTA,1,827733,828,0.000313620563812505,Pro,base2 dire
1603466,111,100,dire,%40MiSeRyDOTA,1,828933,829,0.00031399933260938,Pro,base2 dire
1604266,110,98,dire,%40MiSeRyDOTA,1,829733,830,0.000314378101406255,Pro,base2 dire
1605466,108,96,dire,%40MiSeRyDOTA,1,830933,831,0.00031475687020313,Pro,base2 dire
1606533,106,93,dire,%40MiSeRyDOTA,1,832000,832,0.000315135639000005,Pro,base2 dire
1607400,105,92,dire,%40MiSeRyDOTA,1,832867,833,0.00031551440779688,Pro,base2 dire
1608333,103,90,dire,%40MiSeRyDOTA,1,833800,834,0.000315893176593755,Pro,base2 dire
1609333,101,88,dire,%40MiSeRyDOTA,1,834800,835,0.00031627194539063,Pro,base2 dire
1610533,98,87,dire,%40MiSeRyDOTA,1,836000,836,0.000316650714187505,Pro,base2 dire
1611266,96,86,dire,%40MiSeRyDOTA,1,836733,837,0.00031702948298438,Pro,midlane dire
1612400,93,85,dire,%40MiSeRyDOTA,1,837867,838,0.000317408251781255,Pro,midlane dire
1613266,91,83,dire,%40MiSeRyDOTA,1,838733,839,0.00031778702057813,Pro,midlane dire
1614466,88,81,dire,%40MiSeRyDOTA,1,839933,840,0.000318165789375005,Pro,midlane dire
1615333,86,80,dire,%40MiSeRyDOTA,1,840800,841,0.00031854455817188,Pro,midlane dire
1616333,84,78,dire,%40MiSeRyDOTA,1,841800,842,0.000318923326968755,Pro,midlane dire
1617466,81,76,dire,%40MiSeRyDOTA,1,842933,843,0.00031930209576563,Pro,midlane dire
1618533,79,74,dire,%40MiSeRyDOTA,1,844000,844,0.000319680864562505,Pro,midlane dire
1619533,77,72,dire,%40MiSeRyDOTA,1,845000,845,0.00032005963335938,Pro,midlane dire
1620533,75,70,dire,%40MiSeRyDOTA,1,846000,846,0.000320438402156255,Pro,midlane dire
1621533,73,68,dire,%40MiSeRyDOTA,1,847000,847,0.00032081717095313,Pro,midlane dire
1622400,71,66,dire,%40MiSeRyDOTA,1,847867,848,0.000321195939750005,Pro,midlane dire
1623200,69,65,dire,%40MiSeRyDOTA,1,848667,849,0.00032157470854688,Pro,midlane dire
1624466,67,63,dire,%40MiSeRyDOTA,1,849933,850,0.000321953477343755,Pro,midlane dire
1625200,66,61,dire,%40MiSeRyDOTA,1,850667,851,0.00032233224614063,Pro,midlane dire
1626333,64,60,dire,%40MiSeRyDOTA,1,851800,852,0.000322711014937505,Pro,midlane dire
1627533,65,59,dire,%40MiSeRyDOTA,1,853000,853,0.00032308978373438,Pro,void dire
1628333,63,58,dire,%40MiSeRyDOTA,1,853800,854,0.000323468552531255,Pro,void dire
1629266,64,59,dire,%40MiSeRyDOTA,1,854733,855,0.00032384732132813,Pro,midlane dire
1630333,67,60,dire,%40MiSeRyDOTA,1,855800,856,0.000324226090125005,Pro,midlane dire
1631533,70,59,dire,%40MiSeRyDOTA,1,857000,857,0.00032460485892188,Pro,jungle dire
1632333,70,61,dire,%40MiSeRyDOTA,1,857800,858,0.000324983627718755,Pro,jungle dire
1632333,70,61,dire,%40MiSeRyDOTA,1,857800,859,0.00032536239651563,Pro,jungle dire
1632333,70,61,dire,%40MiSeRyDOTA,1,857800,860,0.000325741165312505,Pro,jungle dire
1632333,70,61,dire,%40MiSeRyDOTA,1,857800,861,0.00032611993410938,Pro,jungle dire
1632333,70,61,dire,%40MiSeRyDOTA,1,857800,862,0.000326498702906255,Pro,jungle dire
1637200,70,62,dire,%40MiSeRyDOTA,1,862667,863,0.00032687747170313,Pro,midlane dire
1638000,71,64,dire,%40MiSeRyDOTA,1,863467,864,0.000327256240500005,Pro,midlane dire
1639400,72,65,dire,%40MiSeRyDOTA,1,864867,865,0.00032763500929688,Pro,midlane dire
1640200,73,67,dire,%40MiSeRyDOTA,1,865667,866,0.000328013778093755,Pro,midlane dire
1641533,72,67,dire,%40MiSeRyDOTA,1,867000,867,0.00032839254689063,Pro,midlane dire
1642533,70,65,dire,%40MiSeRyDOTA,1,868000,868,0.000328771315687505,Pro,midlane dire
1643266,68,64,dire,%40MiSeRyDOTA,1,868733,869,0.00032915008448438,Pro,midlane dire
1644400,70,65,dire,%40MiSeRyDOTA,1,869867,870,0.000329528853281255,Pro,midlane dire
1645400,73,66,dire,%40MiSeRyDOTA,1,870867,871,0.00032990762207813,Pro,midlane dire
1646133,72,66,dire,%40MiSeRyDOTA,1,871600,872,0.000330286390875005,Pro,midlane dire
1647200,71,65,dire,%40MiSeRyDOTA,1,872667,873,0.00033066515967188,Pro,midlane dire
1648200,71,64,dire,%40MiSeRyDOTA,1,873667,874,0.000331043928468755,Pro,midlane dire
1649466,71,64,dire,%40MiSeRyDOTA,1,874933,875,0.00033142269726563,Pro,midlane dire
1649866,70,64,dire,%40MiSeRyDOTA,1,875333,876,0.000331801466062505,Pro,midlane dire
1651466,73,66,dire,%40MiSeRyDOTA,1,876933,877,0.00033218023485938,Pro,midlane dire
1652533,76,67,dire,%40MiSeRyDOTA,1,878000,878,0.000332559003656255,Pro,midlane dire
1652933,77,67,dire,%40MiSeRyDOTA,1,878400,879,0.00033293777245313,Pro,midlane dire
1652933,77,67,dire,%40MiSeRyDOTA,1,878400,880,0.000333316541250005,Pro,midlane dire
1652933,77,67,dire,%40MiSeRyDOTA,1,878400,881,0.00033369531004688,Pro,midlane dire
1652933,77,67,dire,%40MiSeRyDOTA,1,878400,882,0.000334074078843755,Pro,midlane dire
1652933,77,67,dire,%40MiSeRyDOTA,1,878400,883,0.00033445284764063,Pro,midlane dire
1652933,77,67,dire,%40MiSeRyDOTA,1,878400,884,0.000334831616437505,Pro,midlane dire
1652933,77,67,dire,%40MiSeRyDOTA,1,878400,885,0.00033521038523438,Pro,midlane dire
1652933,77,67,dire,%40MiSeRyDOTA,1,878400,886,0.000335589154031255,Pro,midlane dire
1652933,77,67,dire,%40MiSeRyDOTA,1,878400,887,0.00033596792282813,Pro,midlane dire
1652933,77,67,dire,%40MiSeRyDOTA,1,878400,888,0.000336346691625005,Pro,midlane dire
1652933,77,67,dire,%40MiSeRyDOTA,1,878400,889,0.00033672546042188,Pro,midlane dire
1652933,77,67,dire,%40MiSeRyDOTA,1,878400,890,0.000337104229218755,Pro,midlane dire
1652933,77,67,dire,%40MiSeRyDOTA,1,878400,891,0.00033748299801563,Pro,midlane dire
1652933,77,67,dire,%40MiSeRyDOTA,1,878400,892,0.000337861766812505,Pro,midlane dire
1652933,77,67,dire,%40MiSeRyDOTA,1,878400,893,0.00033824053560938,Pro,midlane dire
1652933,77,67,dire,%40MiSeRyDOTA,1,878400,894,0.000338619304406255,Pro,midlane dire
1652933,77,67,dire,%40MiSeRyDOTA,1,878400,895,0.00033899807320313,Pro,midlane dire
1652933,77,67,dire,%40MiSeRyDOTA,1,878400,896,0.000339376842000005,Pro,midlane dire
1652933,77,67,dire,%40MiSeRyDOTA,1,878400,897,0.00033975561079688,Pro,midlane dire
1652933,77,67,dire,%40MiSeRyDOTA,1,878400,898,0.000340134379593755,Pro,midlane dire
1652933,77,67,dire,%40MiSeRyDOTA,1,878400,899,0.00034051314839063,Pro,midlane dire
1652933,77,67,dire,%40MiSeRyDOTA,1,878400,900,0.000340891917187505,Pro,midlane dire
1652933,77,67,dire,%40MiSeRyDOTA,1,878400,901,0.00034127068598438,Pro,midlane dire
1652933,77,67,dire,%40MiSeRyDOTA,1,878400,902,0.000341649454781255,Pro,midlane dire
1652933,77,67,dire,%40MiSeRyDOTA,1,878400,903,0.00034202822357813,Pro,midlane dire
1652933,77,67,dire,%40MiSeRyDOTA,1,878400,904,0.000342406992375005,Pro,midlane dire
1652933,77,67,dire,%40MiSeRyDOTA,1,878400,905,0.00034278576117188,Pro,midlane dire
1680133,77,67,dire,%40MiSeRyDOTA,1,905600,906,0.000343164529968755,Pro,midlane dire
1680133,77,67,dire,%40MiSeRyDOTA,1,905600,907,0.00034354329876563,Pro,midlane dire
1680133,77,67,dire,%40MiSeRyDOTA,1,905600,908,0.000343922067562505,Pro,midlane dire
1682600,115,108,dire,%40MiSeRyDOTA,1,908067,909,0.00034430083635938,Pro,base2 dire
1682600,115,108,dire,%40MiSeRyDOTA,1,908067,910,0.000344679605156255,Pro,base2 dire
1682600,115,108,dire,%40MiSeRyDOTA,1,908067,911,0.00034505837395313,Pro,base2 dire
1682600,115,108,dire,%40MiSeRyDOTA,1,908067,912,0.000345437142750005,Pro,base2 dire
1682600,115,108,dire,%40MiSeRyDOTA,1,908067,913,0.00034581591154688,Pro,base2 dire
1682600,115,108,dire,%40MiSeRyDOTA,1,908067,914,0.000346194680343755,Pro,base2 dire
1682600,115,108,dire,%40MiSeRyDOTA,1,908067,915,0.00034657344914063,Pro,base2 dire
1690400,67,60,dire,%40MiSeRyDOTA,1,915867,916,0.000346952217937505,Pro,midlane dire
1691533,64,59,dire,%40MiSeRyDOTA,1,917000,917,0.00034733098673438,Pro,midlane dire
1692200,64,61,dire,%40MiSeRyDOTA,1,917667,918,0.000347709755531255,Pro,midlane dire
1693200,63,61,dire,%40MiSeRyDOTA,1,918667,919,0.00034808852432813,Pro,midlane dire
1694333,61,62,dire,%40MiSeRyDOTA,1,919800,920,0.000348467293125005,Pro,midlane dire
1695333,61,65,dire,%40MiSeRyDOTA,1,920800,921,0.00034884606192188,Pro,midlane dire
1696200,59,67,dire,%40MiSeRyDOTA,1,921667,922,0.000349224830718755,Pro,jungle dire
1697533,56,69,dire,%40MiSeRyDOTA,1,923000,923,0.00034960359951563,Pro,jungle dire
1698266,54,69,dire,%40MiSeRyDOTA,1,923733,924,0.000349982368312505,Pro,void dire
1699400,54,70,dire,%40MiSeRyDOTA,1,924867,925,0.00035036113710938,Pro,void dire
1700333,54,70,dire,%40MiSeRyDOTA,1,925800,926,0.000350739905906255,Pro,void dire
1701466,51,71,dire,%40MiSeRyDOTA,1,926933,927,0.00035111867470313,Pro,river
1702333,49,73,dire,%40MiSeRyDOTA,1,927800,928,0.000351497443500005,Pro,river
1703466,46,74,dire,%40MiSeRyDOTA,1,928933,929,0.00035187621229688,Pro,river
1704400,44,74,dire,%40MiSeRyDOTA,1,929867,930,0.000352254981093755,Pro,river
1705200,42,76,dire,%40MiSeRyDOTA,1,930667,931,0.000352633749890631,Pro,river
1706466,39,78,dire,%40MiSeRyDOTA,1,931933,932,0.000353012518687506,Pro,river
1707266,37,79,dire,%40MiSeRyDOTA,1,932733,933,0.000353391287484381,Pro,river
1708333,34,79,dire,%40MiSeRyDOTA,1,933800,934,0.000353770056281256,Pro,river
1709400,31,80,dire,%40MiSeRyDOTA,1,934867,935,0.000354148825078131,Pro,river
1710466,29,82,dire,%40MiSeRyDOTA,1,935933,936,0.000354527593875006,Pro,river
1711266,28,82,dire,%40MiSeRyDOTA,1,936733,937,0.000354906362671881,Pro,river
1712333,25,83,dire,%40MiSeRyDOTA,1,937800,938,0.000355285131468756,Pro,river
1713533,22,83,dire,%40MiSeRyDOTA,1,939000,939,0.000355663900265631,Pro,river
1714333,23,83,dire,%40MiSeRyDOTA,1,939800,940,0.000356042669062506,Pro,river
1715400,26,83,dire,%40MiSeRyDOTA,1,940867,941,0.000356421437859381,Pro,river
1716533,29,82,dire,%40MiSeRyDOTA,1,942000,942,0.000356800206656256,Pro,river
1717533,32,82,dire,%40MiSeRyDOTA,1,943000,943,0.000357178975453131,Pro,river
1718400,34,80,dire,%40MiSeRyDOTA,1,943867,944,0.000357557744250006,Pro,river
1719466,37,79,dire,%40MiSeRyDOTA,1,944933,945,0.000357936513046881,Pro,river
1720266,39,78,dire,%40MiSeRyDOTA,1,945733,946,0.000358315281843756,Pro,river
1721266,41,79,dire,%40MiSeRyDOTA,1,946733,947,0.000358694050640631,Pro,river
1722466,43,82,dire,%40MiSeRyDOTA,1,947933,948,0.000359072819437506,Pro,void dire
1723333,44,84,dire,%40MiSeRyDOTA,1,948800,949,0.000359451588234381,Pro,jungle dire
1724333,44,87,dire,%40MiSeRyDOTA,1,949800,950,0.000359830357031256,Pro,jungle dire
1725533,42,89,dire,%40MiSeRyDOTA,1,951000,951,0.000360209125828131,Pro,jungle dire
1726333,40,90,dire,%40MiSeRyDOTA,1,951800,952,0.000360587894625006,Pro,jungle dire
1727333,37,90,dire,%40MiSeRyDOTA,1,952800,953,0.000360966663421881,Pro,jungle dire
1728400,34,91,dire,%40MiSeRyDOTA,1,953867,954,0.000361345432218756,Pro,jungle dire
1729466,31,91,dire,%40MiSeRyDOTA,1,954933,955,0.000361724201015631,Pro,jungle dire
1730533,28,92,dire,%40MiSeRyDOTA,1,956000,956,0.000362102969812506,Pro,jungle dire
1731266,26,91,dire,%40MiSeRyDOTA,1,956733,957,0.000362481738609381,Pro,jungle dire
1732533,23,91,dire,%40MiSeRyDOTA,1,958000,958,0.000362860507406256,Pro,jungle dire
1732800,23,92,dire,%40MiSeRyDOTA,1,958267,959,0.000363239276203131,Pro,jungle dire
1734333,23,90,dire,%40MiSeRyDOTA,1,959800,960,0.000363618045000006,Pro,jungle dire
1734733,22,89,dire,%40MiSeRyDOTA,1,960200,961,0.000363996813796881,Pro,jungle dire
1736266,24,90,dire,%40MiSeRyDOTA,1,961733,962,0.000364375582593756,Pro,jungle dire
1737400,21,89,dire,%40MiSeRyDOTA,1,962867,963,0.000364754351390631,Pro,jungle dire
1738400,19,88,dire,%40MiSeRyDOTA,1,963867,964,0.000365133120187506,Pro,toplane dire
1738800,18,88,dire,%40MiSeRyDOTA,1,964267,965,0.000365511888984381,Pro,toplane dire
1740133,18,88,dire,%40MiSeRyDOTA,1,965600,966,0.000365890657781256,Pro,toplane dire
1740133,18,88,dire,%40MiSeRyDOTA,1,965600,967,0.000366269426578131,Pro,toplane dire
1740133,18,88,dire,%40MiSeRyDOTA,1,965600,968,0.000366648195375006,Pro,toplane dire
1740133,18,88,dire,%40MiSeRyDOTA,1,965600,969,0.000367026964171881,Pro,toplane dire
1744133,17,89,dire,%40MiSeRyDOTA,1,969600,970,0.000367405732968756,Pro,toplane dire
1745333,16,92,dire,%40MiSeRyDOTA,1,970800,971,0.000367784501765631,Pro,toplane dire
1746400,16,95,dire,%40MiSeRyDOTA,1,971867,972,0.000368163270562506,Pro,toplane dire
1747466,17,98,dire,%40MiSeRyDOTA,1,972933,973,0.000368542039359381,Pro,toplane dire
1748333,19,100,dire,%40MiSeRyDOTA,1,973800,974,0.000368920808156256,Pro,toplane dire
1749466,21,102,dire,%40MiSeRyDOTA,1,974933,975,0.000369299576953131,Pro,toplane dire
1750400,22,104,dire,%40MiSeRyDOTA,1,975867,976,0.000369678345750006,Pro,toplane dire
1751333,23,106,dire,%40MiSeRyDOTA,1,976800,977,0.000370057114546881,Pro,toplane dire
1752066,22,106,dire,%40MiSeRyDOTA,1,977533,978,0.000370435883343756,Pro,toplane dire
1753333,25,105,dire,%40MiSeRyDOTA,1,978800,979,0.000370814652140631,Pro,toplane dire
1754400,28,105,dire,%40MiSeRyDOTA,1,979867,980,0.000371193420937506,Pro,toplane dire
1755466,31,104,dire,%40MiSeRyDOTA,1,980933,981,0.000371572189734381,Pro,toplane dire
1756533,34,104,dire,%40MiSeRyDOTA,1,982000,982,0.000371950958531256,Pro,toplane dire
1757466,36,102,dire,%40MiSeRyDOTA,1,982933,983,0.000372329727328131,Pro,jungle dire
1758466,38,100,dire,%40MiSeRyDOTA,1,983933,984,0.000372708496125006,Pro,jungle dire
1759200,40,99,dire,%40MiSeRyDOTA,1,984667,985,0.000373087264921881,Pro,jungle dire
1760266,40,99,dire,%40MiSeRyDOTA,1,985733,986,0.000373466033718756,Pro,jungle dire
1761066,40,98,dire,%40MiSeRyDOTA,1,986533,987,0.000373844802515631,Pro,jungle dire
1761066,40,98,dire,%40MiSeRyDOTA,1,986533,988,0.000374223571312506,Pro,jungle dire
1761066,40,98,dire,%40MiSeRyDOTA,1,986533,989,0.000374602340109381,Pro,jungle dire
1761066,40,98,dire,%40MiSeRyDOTA,1,986533,990,0.000374981108906256,Pro,jungle dire
1765533,41,98,dire,%40MiSeRyDOTA,1,991000,991,0.000375359877703131,Pro,jungle dire
1765533,41,98,dire,%40MiSeRyDOTA,1,991000,992,0.000375738646500006,Pro,jungle dire
1765533,41,98,dire,%40MiSeRyDOTA,1,991000,993,0.000376117415296881,Pro,jungle dire
1768066,42,97,dire,%40MiSeRyDOTA,1,993533,994,0.000376496184093756,Pro,jungle dire
1768066,42,97,dire,%40MiSeRyDOTA,1,993533,995,0.000376874952890631,Pro,jungle dire
1768066,42,97,dire,%40MiSeRyDOTA,1,993533,996,0.000377253721687506,Pro,jungle dire
1768066,42,97,dire,%40MiSeRyDOTA,1,993533,997,0.000377632490484381,Pro,jungle dire
1768066,42,97,dire,%40MiSeRyDOTA,1,993533,998,0.000378011259281256,Pro,jungle dire
1772733,41,97,dire,%40MiSeRyDOTA,1,998200,999,0.000378390028078131,Pro,jungle dire
1774133,41,96,dire,%40MiSeRyDOTA,1,999600,1000,0.000378768796875006,Pro,jungle dire
1775133,40,97,dire,%40MiSeRyDOTA,1,1000600,1001,0.000379147565671881,Pro,jungle dire
1775133,40,97,dire,%40MiSeRyDOTA,1,1000600,1002,0.000379526334468756,Pro,jungle dire
1775133,40,97,dire,%40MiSeRyDOTA,1,1000600,1003,0.000379905103265631,Pro,jungle dire
1778533,37,97,dire,%40MiSeRyDOTA,1,1004000,1004,0.000380283872062506,Pro,jungle dire
1779266,35,96,dire,%40MiSeRyDOTA,1,1004733,1005,0.000380662640859381,Pro,jungle dire
1780466,32,94,dire,%40MiSeRyDOTA,1,1005933,1006,0.000381041409656256,Pro,jungle dire
1781266,30,93,dire,%40MiSeRyDOTA,1,1006733,1007,0.000381420178453131,Pro,jungle dire
1782533,27,91,dire,%40MiSeRyDOTA,1,1008000,1008,0.000381798947250006,Pro,jungle dire
1783533,24,91,dire,%40MiSeRyDOTA,1,1009000,1009,0.000382177716046881,Pro,jungle dire
1784333,23,90,dire,%40MiSeRyDOTA,1,1009800,1010,0.000382556484843756,Pro,jungle dire
1784733,23,91,dire,%40MiSeRyDOTA,1,1010200,1011,0.000382935253640631,Pro,jungle dire
1784733,23,91,dire,%40MiSeRyDOTA,1,1010200,1012,0.000383314022437506,Pro,jungle dire
1787400,21,90,dire,%40MiSeRyDOTA,1,1012867,1013,0.000383692791234381,Pro,jungle dire
1787400,21,90,dire,%40MiSeRyDOTA,1,1012867,1014,0.000384071560031256,Pro,jungle dire
1787400,21,90,dire,%40MiSeRyDOTA,1,1012867,1015,0.000384450328828131,Pro,jungle dire
1790200,21,88,dire,%40MiSeRyDOTA,1,1015667,1016,0.000384829097625006,Pro,jungle dire
1790200,21,88,dire,%40MiSeRyDOTA,1,1015667,1017,0.000385207866421881,Pro,jungle dire
1792466,20,88,dire,%40MiSeRyDOTA,1,1017933,1018,0.000385586635218756,Pro,jungle dire
1793333,18,89,dire,%40MiSeRyDOTA,1,1018800,1019,0.000385965404015631,Pro,toplane dire
1793866,17,90,dire,%40MiSeRyDOTA,1,1019333,1020,0.000386344172812506,Pro,toplane dire
1795466,16,87,dire,%40MiSeRyDOTA,1,1020933,1021,0.000386722941609381,Pro,toplane dire
1796533,14,86,dire,%40MiSeRyDOTA,1,1022000,1022,0.000387101710406256,Pro,toplane dire
1797000,14,84,dire,%40MiSeRyDOTA,1,1022467,1023,0.000387480479203131,Pro,toplane dire
1797000,14,84,dire,%40MiSeRyDOTA,1,1022467,1024,0.000387859248000006,Pro,toplane dire
1798800,15,84,dire,%40MiSeRyDOTA,1,1024267,1025,0.000388238016796881,Pro,toplane dire
1800333,16,82,dire,%40MiSeRyDOTA,1,1025800,1026,0.000388616785593756,Pro,toplane dire
1801333,16,79,dire,%40MiSeRyDOTA,1,1026800,1027,0.000388995554390631,Pro,toplane radiant
1801733,16,78,dire,%40MiSeRyDOTA,1,1027200,1028,0.000389374323187506,Pro,toplane radiant
1801733,16,78,dire,%40MiSeRyDOTA,1,1027200,1029,0.000389753091984381,Pro,toplane radiant
1804533,15,78,dire,%40MiSeRyDOTA,1,1030000,1030,0.000390131860781256,Pro,toplane radiant
1804666,16,78,dire,%40MiSeRyDOTA,1,1030133,1031,0.000390510629578131,Pro,toplane radiant
1805733,17,78,dire,%40MiSeRyDOTA,1,1031200,1032,0.000390889398375006,Pro,toplane radiant
1807066,17,78,dire,%40MiSeRyDOTA,1,1032533,1033,0.000391268167171881,Pro,toplane radiant
1808466,15,79,dire,%40MiSeRyDOTA,1,1033933,1034,0.000391646935968756,Pro,toplane radiant
1809266,13,80,dire,%40MiSeRyDOTA,1,1034733,1035,0.000392025704765631,Pro,toplane dire
1810333,13,83,dire,%40MiSeRyDOTA,1,1035800,1036,0.000392404473562506,Pro,toplane dire
1811400,12,86,dire,%40MiSeRyDOTA,1,1036867,1037,0.000392783242359381,Pro,toplane dire
1812466,12,89,dire,%40MiSeRyDOTA,1,1037933,1038,0.000393162011156256,Pro,toplane dire
1813200,11,91,dire,%40MiSeRyDOTA,1,1038667,1039,0.000393540779953131,Pro,toplane dire
1814466,11,91,dire,%40MiSeRyDOTA,1,1039933,1040,0.000393919548750006,Pro,toplane dire
1815400,13,89,dire,%40MiSeRyDOTA,1,1040867,1041,0.000394298317546881,Pro,toplane dire
1816533,14,86,dire,%40MiSeRyDOTA,1,1042000,1042,0.000394677086343756,Pro,toplane dire
1817200,14,84,dire,%40MiSeRyDOTA,1,1042667,1043,0.000395055855140631,Pro,toplane dire
1817600,14,83,dire,%40MiSeRyDOTA,1,1043067,1044,0.000395434623937506,Pro,toplane dire
1819400,15,80,dire,%40MiSeRyDOTA,1,1044867,1045,0.000395813392734381,Pro,toplane dire
1820133,15,78,dire,%40MiSeRyDOTA,1,1045600,1046,0.000396192161531256,Pro,toplane radiant
1820133,15,78,dire,%40MiSeRyDOTA,1,1045600,1047,0.000396570930328131,Pro,toplane radiant
1822066,16,78,dire,%40MiSeRyDOTA,1,1047533,1048,0.000396949699125006,Pro,toplane radiant
1823533,17,79,dire,%40MiSeRyDOTA,1,1049000,1049,0.000397328467921881,Pro,toplane radiant
1823866,16,78,dire,%40MiSeRyDOTA,1,1049333,1050,0.000397707236718756,Pro,toplane radiant
1823866,16,78,dire,%40MiSeRyDOTA,1,1049333,1051,0.000398086005515631,Pro,toplane radiant
1826466,17,81,dire,%40MiSeRyDOTA,1,1051933,1052,0.000398464774312506,Pro,toplane dire
1827533,17,84,dire,%40MiSeRyDOTA,1,1053000,1053,0.000398843543109381,Pro,toplane dire
1828200,17,86,dire,%40MiSeRyDOTA,1,1053667,1054,0.000399222311906256,Pro,toplane dire
1829533,20,88,dire,%40MiSeRyDOTA,1,1055000,1055,0.000399601080703131,Pro,jungle dire
1830266,22,89,dire,%40MiSeRyDOTA,1,1055733,1056,0.000399979849500006,Pro,jungle dire
1831400,25,90,dire,%40MiSeRyDOTA,1,1056867,1057,0.000400358618296881,Pro,jungle dire
1832533,28,91,dire,%40MiSeRyDOTA,1,1058000,1058,0.000400737387093756,Pro,jungle dire
1833266,30,91,dire,%40MiSeRyDOTA,1,1058733,1059,0.000401116155890631,Pro,jungle dire
1834400,33,90,dire,%40MiSeRyDOTA,1,1059867,1060,0.000401494924687506,Pro,jungle dire
1834800,34,89,dire,%40MiSeRyDOTA,1,1060267,1061,0.000401873693484381,Pro,jungle dire
1834800,34,89,dire,%40MiSeRyDOTA,1,1060267,1062,0.000402252462281256,Pro,jungle dire
1834800,34,89,dire,%40MiSeRyDOTA,1,1060267,1063,0.000402631231078131,Pro,jungle dire
1834800,34,89,dire,%40MiSeRyDOTA,1,1060267,1064,0.000403009999875006,Pro,jungle dire
1834800,34,89,dire,%40MiSeRyDOTA,1,1060267,1065,0.000403388768671881,Pro,jungle dire
1840466,35,91,dire,%40MiSeRyDOTA,1,1065933,1066,0.000403767537468756,Pro,jungle dire
1841333,35,94,dire,%40MiSeRyDOTA,1,1066800,1067,0.000404146306265631,Pro,jungle dire
1842533,36,97,dire,%40MiSeRyDOTA,1,1068000,1068,0.000404525075062506,Pro,jungle dire
1843133,36,97,dire,%40MiSeRyDOTA,1,1068600,1069,0.000404903843859381,Pro,jungle dire
1844533,38,97,dire,%40MiSeRyDOTA,1,1070000,1070,0.000405282612656256,Pro,jungle dire
1845266,40,97,dire,%40MiSeRyDOTA,1,1070733,1071,0.000405661381453131,Pro,jungle dire
1846333,43,97,dire,%40MiSeRyDOTA,1,1071800,1072,0.000406040150250006,Pro,jungle dire
1847466,46,95,dire,%40MiSeRyDOTA,1,1072933,1073,0.000406418919046881,Pro,jungle dire
1848333,48,94,dire,%40MiSeRyDOTA,1,1073800,1074,0.000406797687843756,Pro,jungle dire
1849533,51,93,dire,%40MiSeRyDOTA,1,1075000,1075,0.000407176456640631,Pro,jungle dire
1850466,52,91,dire,%40MiSeRyDOTA,1,1075933,1076,0.000407555225437506,Pro,jungle dire
1851466,52,88,dire,%40MiSeRyDOTA,1,1076933,1077,0.000407933994234381,Pro,jungle dire
1852266,50,87,dire,%40MiSeRyDOTA,1,1077733,1078,0.000408312763031256,Pro,jungle dire
1853400,49,86,dire,%40MiSeRyDOTA,1,1078867,1079,0.000408691531828131,Pro,jungle dire
1854200,51,85,dire,%40MiSeRyDOTA,1,1079667,1080,0.000409070300625006,Pro,jungle dire
1855466,54,83,dire,%40MiSeRyDOTA,1,1080933,1081,0.000409449069421881,Pro,jungle dire
1856533,57,82,dire,%40MiSeRyDOTA,1,1082000,1082,0.000409827838218756,Pro,jungle dire
1857333,59,81,dire,%40MiSeRyDOTA,1,1082800,1083,0.000410206607015631,Pro,jungle dire
1858266,61,79,dire,%40MiSeRyDOTA,1,1083733,1084,0.000410585375812506,Pro,jungle dire
1859266,61,76,dire,%40MiSeRyDOTA,1,1084733,1085,0.000410964144609381,Pro,jungle dire
1860533,62,74,dire,%40MiSeRyDOTA,1,1086000,1086,0.000411342913406256,Pro,jungle dire
1861400,64,74,dire,%40MiSeRyDOTA,1,1086867,1087,0.000411721682203131,Pro,jungle dire
1862533,65,77,dire,%40MiSeRyDOTA,1,1088000,1088,0.000412100451000006,Pro,jungle dire
1863200,66,79,dire,%40MiSeRyDOTA,1,1088667,1089,0.000412479219796881,Pro,jungle dire
1864266,66,82,dire,%40MiSeRyDOTA,1,1089733,1090,0.000412857988593756,Pro,jungle dire
1865266,66,83,dire,%40MiSeRyDOTA,1,1090733,1091,0.000413236757390631,Pro,jungle dire
1866533,68,81,dire,%40MiSeRyDOTA,1,1092000,1092,0.000413615526187506,Pro,jungle dire
1867333,70,80,dire,%40MiSeRyDOTA,1,1092800,1093,0.000413994294984381,Pro,void dire
1868466,72,78,dire,%40MiSeRyDOTA,1,1093933,1094,0.000414373063781256,Pro,midlane dire
1869533,75,78,dire,%40MiSeRyDOTA,1,1095000,1095,0.000414751832578131,Pro,midlane dire
1870466,75,75,dire,%40MiSeRyDOTA,1,1095933,1096,0.000415130601375006,Pro,midlane dire
1871533,75,72,dire,%40MiSeRyDOTA,1,1097000,1097,0.000415509370171881,Pro,midlane dire
1872533,77,70,dire,%40MiSeRyDOTA,1,1098000,1098,0.000415888138968756,Pro,midlane dire
1872733,77,69,dire,%40MiSeRyDOTA,1,1098200,1099,0.000416266907765631,Pro,midlane dire
1872733,77,69,dire,%40MiSeRyDOTA,1,1098200,1100,0.000416645676562507,Pro,midlane dire
1872733,77,69,dire,%40MiSeRyDOTA,1,1098200,1101,0.000417024445359382,Pro,midlane dire
1872733,77,69,dire,%40MiSeRyDOTA,1,1098200,1102,0.000417403214156257,Pro,midlane dire
1877200,76,68,dire,%40MiSeRyDOTA,1,1102667,1103,0.000417781982953132,Pro,midlane dire
1877200,76,68,dire,%40MiSeRyDOTA,1,1102667,1104,0.000418160751750007,Pro,midlane dire
1877200,76,68,dire,%40MiSeRyDOTA,1,1102667,1105,0.000418539520546882,Pro,midlane dire
1877200,76,68,dire,%40MiSeRyDOTA,1,1102667,1106,0.000418918289343757,Pro,midlane dire
1877200,76,68,dire,%40MiSeRyDOTA,1,1102667,1107,0.000419297058140632,Pro,midlane dire
1877200,76,68,dire,%40MiSeRyDOTA,1,1102667,1108,0.000419675826937507,Pro,midlane dire
1883400,73,67,dire,%40MiSeRyDOTA,1,1108867,1109,0.000420054595734382,Pro,midlane dire
1884533,75,67,dire,%40MiSeRyDOTA,1,1110000,1110,0.000420433364531257,Pro,midlane dire
1885466,78,67,dire,%40MiSeRyDOTA,1,1110933,1111,0.000420812133328132,Pro,midlane dire
1886466,79,64,dire,%40MiSeRyDOTA,1,1111933,1112,0.000421190902125007,Pro,void dire
1887533,79,62,dire,%40MiSeRyDOTA,1,1113000,1113,0.000421569670921882,Pro,jungle dire
1887533,79,62,dire,%40MiSeRyDOTA,1,1113000,1114,0.000421948439718757,Pro,jungle dire
1887533,79,62,dire,%40MiSeRyDOTA,1,1113000,1115,0.000422327208515632,Pro,jungle dire
1887533,79,62,dire,%40MiSeRyDOTA,1,1113000,1116,0.000422705977312507,Pro,jungle dire
1887533,79,62,dire,%40MiSeRyDOTA,1,1113000,1117,0.000423084746109382,Pro,jungle dire
1887533,79,62,dire,%40MiSeRyDOTA,1,1113000,1118,0.000423463514906257,Pro,jungle dire
1887533,79,62,dire,%40MiSeRyDOTA,1,1113000,1119,0.000423842283703132,Pro,jungle dire
1894333,78,60,dire,%40MiSeRyDOTA,1,1119800,1120,0.000424221052500007,Pro,jungle dire
1895400,79,57,dire,%40MiSeRyDOTA,1,1120867,1121,0.000424599821296882,Pro,jungle dire
1896400,79,54,dire,%40MiSeRyDOTA,1,1121867,1122,0.000424978590093757,Pro,jungle dire
1897533,80,51,dire,%40MiSeRyDOTA,1,1123000,1123,0.000425357358890632,Pro,jungle dire
1898333,81,49,dire,%40MiSeRyDOTA,1,1123800,1124,0.000425736127687507,Pro,jungle dire
1899333,81,46,dire,%40MiSeRyDOTA,1,1124800,1125,0.000426114896484382,Pro,river
1900400,80,43,dire,%40MiSeRyDOTA,1,1125867,1126,0.000426493665281257,Pro,river
1901133,82,43,dire,%40MiSeRyDOTA,1,1126600,1127,0.000426872434078132,Pro,river
1902400,84,45,dire,%40MiSeRyDOTA,1,1127867,1128,0.000427251202875007,Pro,river
1903466,84,48,dire,%40MiSeRyDOTA,1,1128933,1129,0.000427629971671882,Pro,jungle dire
1904533,85,51,dire,%40MiSeRyDOTA,1,1130000,1130,0.000428008740468757,Pro,jungle dire
1905266,86,53,dire,%40MiSeRyDOTA,1,1130733,1131,0.000428387509265632,Pro,pit dire
1906533,87,52,dire,%40MiSeRyDOTA,1,1132000,1132,0.000428766278062507,Pro,jungle dire
1907266,89,51,dire,%40MiSeRyDOTA,1,1132733,1133,0.000429145046859382,Pro,jungle dire
1908466,87,50,dire,%40MiSeRyDOTA,1,1133933,1134,0.000429523815656257,Pro,jungle dire
1909533,84,51,dire,%40MiSeRyDOTA,1,1135000,1135,0.000429902584453132,Pro,void dire
1910266,82,51,dire,%40MiSeRyDOTA,1,1135733,1136,0.000430281353250007,Pro,jungle dire
1911466,79,53,dire,%40MiSeRyDOTA,1,1136933,1137,0.000430660122046882,Pro,jungle dire
1912466,79,51,dire,%40MiSeRyDOTA,1,1137933,1138,0.000431038890843757,Pro,jungle dire
1913533,82,50,dire,%40MiSeRyDOTA,1,1139000,1139,0.000431417659640632,Pro,jungle dire
1914533,85,51,dire,%40MiSeRyDOTA,1,1140000,1140,0.000431796428437507,Pro,jungle dire
1914933,86,50,dire,%40MiSeRyDOTA,1,1140400,1141,0.000432175197234382,Pro,jungle dire
1916266,84,48,dire,%40MiSeRyDOTA,1,1141733,1142,0.000432553966031257,Pro,jungle dire
1917400,82,46,dire,%40MiSeRyDOTA,1,1142867,1143,0.000432932734828132,Pro,river
1918400,81,43,dire,%40MiSeRyDOTA,1,1143867,1144,0.000433311503625007,Pro,river
1919333,79,41,dire,%40MiSeRyDOTA,1,1144800,1145,0.000433690272421882,Pro,river
1920133,78,40,dire,%40MiSeRyDOTA,1,1145600,1146,0.000434069041218757,Pro,void radiant
1920133,78,40,dire,%40MiSeRyDOTA,1,1145600,1147,0.000434447810015632,Pro,void radiant
1922400,80,39,dire,%40MiSeRyDOTA,1,1147867,1148,0.000434826578812507,Pro,void radiant
1923466,81,36,dire,%40MiSeRyDOTA,1,1148933,1149,0.000435205347609382,Pro,jungle radiant
1924533,81,33,dire,%40MiSeRyDOTA,1,1150000,1150,0.000435584116406257,Pro,jungle radiant
1925533,81,30,dire,%40MiSeRyDOTA,1,1151000,1151,0.000435962885203132,Pro,jungle radiant
1926400,80,28,dire,%40MiSeRyDOTA,1,1151867,1152,0.000436341654000007,Pro,jungle radiant
1927333,77,28,dire,%40MiSeRyDOTA,1,1152800,1153,0.000436720422796882,Pro,jungle radiant
1928400,74,29,dire,%40MiSeRyDOTA,1,1153867,1154,0.000437099191593757,Pro,jungle radiant
1929333,71,30,dire,%40MiSeRyDOTA,1,1154800,1155,0.000437477960390632,Pro,jungle radiant
1929333,71,30,dire,%40MiSeRyDOTA,1,1154800,1156,0.000437856729187507,Pro,jungle radiant
1929333,71,30,dire,%40MiSeRyDOTA,1,1154800,1157,0.000438235497984382,Pro,jungle radiant
1932466,31,108,dire,%40MiSeRyDOTA,1,1157933,1158,0.000438614266781257,Pro,toplane dire
1933533,32,106,dire,%40MiSeRyDOTA,1,1159000,1159,0.000438993035578132,Pro,toplane dire
1933533,32,106,dire,%40MiSeRyDOTA,1,1159000,1160,0.000439371804375007,Pro,toplane dire
1935333,32,107,dire,%40MiSeRyDOTA,1,1160800,1161,0.000439750573171882,Pro,toplane dire
1935733,33,108,dire,%40MiSeRyDOTA,1,1161200,1162,0.000440129341968757,Pro,toplane dire
1937466,36,107,dire,%40MiSeRyDOTA,1,1162933,1163,0.000440508110765632,Pro,toplane dire
1938466,39,105,dire,%40MiSeRyDOTA,1,1163933,1164,0.000440886879562507,Pro,toplane dire
1939266,40,106,dire,%40MiSeRyDOTA,1,1164733,1165,0.000441265648359382,Pro,toplane dire
1940200,40,107,dire,%40MiSeRyDOTA,1,1165667,1166,0.000441644417156257,Pro,toplane dire
1940200,40,107,dire,%40MiSeRyDOTA,1,1165667,1167,0.000442023185953132,Pro,toplane dire
1940200,40,107,dire,%40MiSeRyDOTA,1,1165667,1168,0.000442401954750007,Pro,toplane dire
1943400,43,108,dire,%40MiSeRyDOTA,1,1168867,1169,0.000442780723546882,Pro,toplane dire
1944333,46,109,dire,%40MiSeRyDOTA,1,1169800,1170,0.000443159492343757,Pro,toplane dire
1945533,50,110,dire,%40MiSeRyDOTA,1,1171000,1171,0.000443538261140632,Pro,toplane dire
1946133,48,110,dire,%40MiSeRyDOTA,1,1171600,1172,0.000443917029937507,Pro,toplane dire
1946133,48,110,dire,%40MiSeRyDOTA,1,1171600,1173,0.000444295798734382,Pro,toplane dire
1946133,48,110,dire,%40MiSeRyDOTA,1,1171600,1174,0.000444674567531257,Pro,toplane dire
1946133,48,110,dire,%40MiSeRyDOTA,1,1171600,1175,0.000445053336328132,Pro,toplane dire
1946133,48,110,dire,%40MiSeRyDOTA,1,1171600,1176,0.000445432105125007,Pro,toplane dire
1951466,49,109,dire,%40MiSeRyDOTA,1,1176933,1177,0.000445810873921882,Pro,toplane dire
1952400,49,109,dire,%40MiSeRyDOTA,1,1177867,1178,0.000446189642718757,Pro,toplane dire
1953266,46,109,dire,%40MiSeRyDOTA,1,1178733,1179,0.000446568411515632,Pro,toplane dire
1954533,42,109,dire,%40MiSeRyDOTA,1,1180000,1180,0.000446947180312507,Pro,toplane dire
1955400,39,108,dire,%40MiSeRyDOTA,1,1180867,1181,0.000447325949109382,Pro,toplane dire
1955733,38,108,dire,%40MiSeRyDOTA,1,1181200,1182,0.000447704717906257,Pro,toplane dire
1955733,38,108,dire,%40MiSeRyDOTA,1,1181200,1183,0.000448083486703132,Pro,toplane dire
1958533,37,108,dire,%40MiSeRyDOTA,1,1184000,1184,0.000448462255500007,Pro,toplane dire
1959466,34,108,dire,%40MiSeRyDOTA,1,1184933,1185,0.000448841024296882,Pro,toplane dire
1960400,31,108,dire,%40MiSeRyDOTA,1,1185867,1186,0.000449219793093757,Pro,toplane dire
1961533,28,107,dire,%40MiSeRyDOTA,1,1187000,1187,0.000449598561890632,Pro,toplane dire
1962266,26,108,dire,%40MiSeRyDOTA,1,1187733,1188,0.000449977330687507,Pro,toplane dire
1962933,24,107,dire,%40MiSeRyDOTA,1,1188400,1189,0.000450356099484382,Pro,toplane dire
1963866,24,106,dire,%40MiSeRyDOTA,1,1189333,1190,0.000450734868281257,Pro,toplane dire
1965533,22,105,dire,%40MiSeRyDOTA,1,1191000,1191,0.000451113637078132,Pro,toplane dire
1966333,20,104,dire,%40MiSeRyDOTA,1,1191800,1192,0.000451492405875007,Pro,toplane dire
1966333,20,104,dire,%40MiSeRyDOTA,1,1191800,1193,0.000451871174671882,Pro,toplane dire
1966333,20,104,dire,%40MiSeRyDOTA,1,1191800,1194,0.000452249943468757,Pro,toplane dire
1966333,20,104,dire,%40MiSeRyDOTA,1,1191800,1195,0.000452628712265632,Pro,toplane dire
1966333,20,104,dire,%40MiSeRyDOTA,1,1191800,1196,0.000453007481062507,Pro,toplane dire
1970600,19,103,dire,%40MiSeRyDOTA,1,1196067,1197,0.000453386249859382,Pro,toplane dire
1970600,19,103,dire,%40MiSeRyDOTA,1,1196067,1198,0.000453765018656257,Pro,toplane dire
1973533,18,102,dire,%40MiSeRyDOTA,1,1199000,1199,0.000454143787453132,Pro,toplane dire
1974133,17,102,dire,%40MiSeRyDOTA,1,1199600,1200,0.000454522556250007,Pro,toplane dire
1975066,18,103,dire,%40MiSeRyDOTA,1,1200533,1201,0.000454901325046882,Pro,toplane dire
1976533,17,102,dire,%40MiSeRyDOTA,1,1202000,1202,0.000455280093843757,Pro,toplane dire
1977466,16,102,dire,%40MiSeRyDOTA,1,1202933,1203,0.000455658862640632,Pro,toplane dire
1977666,16,101,dire,%40MiSeRyDOTA,1,1203133,1204,0.000456037631437507,Pro,toplane dire
1979533,15,98,dire,%40MiSeRyDOTA,1,1205000,1205,0.000456416400234382,Pro,toplane dire
1980266,14,96,dire,%40MiSeRyDOTA,1,1205733,1206,0.000456795169031257,Pro,toplane dire
1981333,14,93,dire,%40MiSeRyDOTA,1,1206800,1207,0.000457173937828132,Pro,toplane dire
1982400,13,90,dire,%40MiSeRyDOTA,1,1207867,1208,0.000457552706625007,Pro,toplane dire
1983400,13,87,dire,%40MiSeRyDOTA,1,1208867,1209,0.000457931475421882,Pro,toplane dire
1984466,13,84,dire,%40MiSeRyDOTA,1,1209933,1210,0.000458310244218757,Pro,toplane dire
1985533,13,81,dire,%40MiSeRyDOTA,1,1211000,1211,0.000458689013015632,Pro,toplane dire
1986200,12,79,dire,%40MiSeRyDOTA,1,1211667,1212,0.000459067781812507,Pro,toplane radiant
1987466,13,82,dire,%40MiSeRyDOTA,1,1212933,1213,0.000459446550609382,Pro,toplane dire
1988200,14,84,dire,%40MiSeRyDOTA,1,1213667,1214,0.000459825319406257,Pro,toplane dire
1989533,16,85,dire,%40MiSeRyDOTA,1,1215000,1215,0.000460204088203132,Pro,toplane dire
1990533,14,83,dire,%40MiSeRyDOTA,1,1216000,1216,0.000460582857000007,Pro,toplane dire
1991266,13,81,dire,%40MiSeRyDOTA,1,1216733,1217,0.000460961625796882,Pro,toplane dire
1992333,13,78,dire,%40MiSeRyDOTA,1,1217800,1218,0.000461340394593757,Pro,toplane radiant
1993533,13,75,dire,%40MiSeRyDOTA,1,1219000,1219,0.000461719163390632,Pro,toplane radiant
1994200,14,73,dire,%40MiSeRyDOTA,1,1219667,1220,0.000462097932187507,Pro,toplane radiant
1994200,14,73,dire,%40MiSeRyDOTA,1,1219667,1221,0.000462476700984382,Pro,toplane radiant
1996200,15,73,dire,%40MiSeRyDOTA,1,1221667,1222,0.000462855469781257,Pro,toplane radiant
1997400,17,71,dire,%40MiSeRyDOTA,1,1222867,1223,0.000463234238578132,Pro,toplane radiant
1998400,18,69,dire,%40MiSeRyDOTA,1,1223867,1224,0.000463613007375007,Pro,toplane radiant
1999333,17,67,dire,%40MiSeRyDOTA,1,1224800,1225,0.000463991776171882,Pro,toplane radiant
2000133,16,69,dire,%40MiSeRyDOTA,1,1225600,1226,0.000464370544968757,Pro,toplane radiant
2000133,16,69,dire,%40MiSeRyDOTA,1,1225600,1227,0.000464749313765632,Pro,toplane radiant
2000133,16,69,dire,%40MiSeRyDOTA,1,1225600,1228,0.000465128082562507,Pro,toplane radiant
2003066,15,70,dire,%40MiSeRyDOTA,1,1228533,1229,0.000465506851359382,Pro,toplane radiant
2004466,15,68,dire,%40MiSeRyDOTA,1,1229933,1230,0.000465885620156257,Pro,toplane radiant
2005533,15,65,dire,%40MiSeRyDOTA,1,1231000,1231,0.000466264388953132,Pro,toplane radiant
2005533,15,65,dire,%40MiSeRyDOTA,1,1231000,1232,0.000466643157750007,Pro,toplane radiant
2007133,15,63,dire,%40MiSeRyDOTA,1,1232600,1233,0.000467021926546882,Pro,toplane radiant
2008466,14,63,dire,%40MiSeRyDOTA,1,1233933,1234,0.000467400695343757,Pro,toplane radiant
2008466,14,63,dire,%40MiSeRyDOTA,1,1233933,1235,0.000467779464140632,Pro,toplane radiant
2010333,14,62,dire,%40MiSeRyDOTA,1,1235800,1236,0.000468158232937507,Pro,toplane radiant
2010333,14,62,dire,%40MiSeRyDOTA,1,1235800,1237,0.000468537001734382,Pro,toplane radiant
2010333,14,62,dire,%40MiSeRyDOTA,1,1235800,1238,0.000468915770531257,Pro,toplane radiant
2013333,17,62,dire,%40MiSeRyDOTA,1,1238800,1239,0.000469294539328132,Pro,toplane radiant
2014133,19,63,dire,%40MiSeRyDOTA,1,1239600,1240,0.000469673308125007,Pro,toplane radiant
2014133,19,63,dire,%40MiSeRyDOTA,1,1239600,1241,0.000470052076921882,Pro,toplane radiant
2016266,18,63,dire,%40MiSeRyDOTA,1,1241733,1242,0.000470430845718757,Pro,toplane radiant
2016600,17,63,dire,%40MiSeRyDOTA,1,1242067,1243,0.000470809614515632,Pro,toplane radiant
2016600,17,63,dire,%40MiSeRyDOTA,1,1242067,1244,0.000471188383312507,Pro,toplane radiant
2016600,17,63,dire,%40MiSeRyDOTA,1,1242067,1245,0.000471567152109382,Pro,toplane radiant
2016600,17,63,dire,%40MiSeRyDOTA,1,1242067,1246,0.000471945920906257,Pro,toplane radiant
2016600,17,63,dire,%40MiSeRyDOTA,1,1242067,1247,0.000472324689703132,Pro,toplane radiant
2016600,17,63,dire,%40MiSeRyDOTA,1,1242067,1248,0.000472703458500007,Pro,toplane radiant
2023400,16,63,dire,%40MiSeRyDOTA,1,1248867,1249,0.000473082227296882,Pro,toplane radiant
2024466,13,63,dire,%40MiSeRyDOTA,1,1249933,1250,0.000473460996093757,Pro,toplane radiant
2024466,13,63,dire,%40MiSeRyDOTA,1,1249933,1251,0.000473839764890632,Pro,toplane radiant
2024466,13,63,dire,%40MiSeRyDOTA,1,1249933,1252,0.000474218533687507,Pro,toplane radiant
2024466,13,63,dire,%40MiSeRyDOTA,1,1249933,1253,0.000474597302484382,Pro,toplane radiant
2028466,14,62,dire,%40MiSeRyDOTA,1,1253933,1254,0.000474976071281257,Pro,toplane radiant
2029533,14,59,dire,%40MiSeRyDOTA,1,1255000,1255,0.000475354840078132,Pro,toplane radiant
2030466,15,59,dire,%40MiSeRyDOTA,1,1255933,1256,0.000475733608875007,Pro,toplane radiant
2030800,15,60,dire,%40MiSeRyDOTA,1,1256267,1257,0.000476112377671882,Pro,toplane radiant
2030800,15,60,dire,%40MiSeRyDOTA,1,1256267,1258,0.000476491146468757,Pro,toplane radiant
2030800,15,60,dire,%40MiSeRyDOTA,1,1256267,1259,0.000476869915265632,Pro,toplane radiant
2030800,15,60,dire,%40MiSeRyDOTA,1,1256267,1260,0.000477248684062507,Pro,toplane radiant
2030800,15,60,dire,%40MiSeRyDOTA,1,1256267,1261,0.000477627452859382,Pro,toplane radiant
2030800,15,60,dire,%40MiSeRyDOTA,1,1256267,1262,0.000478006221656257,Pro,toplane radiant
2030800,15,60,dire,%40MiSeRyDOTA,1,1256267,1263,0.000478384990453132,Pro,toplane radiant
2030800,15,60,dire,%40MiSeRyDOTA,1,1256267,1264,0.000478763759250007,Pro,toplane radiant
2030800,15,60,dire,%40MiSeRyDOTA,1,1256267,1265,0.000479142528046882,Pro,toplane radiant
2040133,15,60,dire,%40MiSeRyDOTA,1,1265600,1266,0.000479521296843757,Pro,toplane radiant
2040133,15,60,dire,%40MiSeRyDOTA,1,1265600,1267,0.000479900065640632,Pro,toplane radiant
2040133,15,60,dire,%40MiSeRyDOTA,1,1265600,1268,0.000480278834437507,Pro,toplane radiant
2040133,15,60,dire,%40MiSeRyDOTA,1,1265600,1269,0.000480657603234383,Pro,toplane radiant
2040133,15,60,dire,%40MiSeRyDOTA,1,1265600,1270,0.000481036372031258,Pro,toplane radiant
2040133,15,60,dire,%40MiSeRyDOTA,1,1265600,1271,0.000481415140828133,Pro,toplane radiant
2040133,15,60,dire,%40MiSeRyDOTA,1,1265600,1272,0.000481793909625008,Pro,toplane radiant
2040133,15,60,dire,%40MiSeRyDOTA,1,1265600,1273,0.000482172678421883,Pro,toplane radiant
2040133,15,60,dire,%40MiSeRyDOTA,1,1265600,1274,0.000482551447218758,Pro,toplane radiant
2040133,15,60,dire,%40MiSeRyDOTA,1,1265600,1275,0.000482930216015633,Pro,toplane radiant
2040133,15,60,dire,%40MiSeRyDOTA,1,1265600,1276,0.000483308984812508,Pro,toplane radiant
2040133,15,60,dire,%40MiSeRyDOTA,1,1265600,1277,0.000483687753609383,Pro,toplane radiant
2040133,15,60,dire,%40MiSeRyDOTA,1,1265600,1278,0.000484066522406258,Pro,toplane radiant
2040133,15,60,dire,%40MiSeRyDOTA,1,1265600,1279,0.000484445291203133,Pro,toplane radiant
2040133,15,60,dire,%40MiSeRyDOTA,1,1265600,1280,0.000484824060000008,Pro,toplane radiant
2040133,15,60,dire,%40MiSeRyDOTA,1,1265600,1281,0.000485202828796883,Pro,toplane radiant
2040133,15,60,dire,%40MiSeRyDOTA,1,1265600,1282,0.000485581597593758,Pro,toplane radiant
2040133,15,60,dire,%40MiSeRyDOTA,1,1265600,1283,0.000485960366390633,Pro,toplane radiant
2040133,15,60,dire,%40MiSeRyDOTA,1,1265600,1284,0.000486339135187508,Pro,toplane radiant
2040133,15,60,dire,%40MiSeRyDOTA,1,1265600,1285,0.000486717903984383,Pro,toplane radiant
2040133,15,60,dire,%40MiSeRyDOTA,1,1265600,1286,0.000487096672781258,Pro,toplane radiant
2040133,15,60,dire,%40MiSeRyDOTA,1,1265600,1287,0.000487475441578133,Pro,toplane radiant
2040133,15,60,dire,%40MiSeRyDOTA,1,1265600,1288,0.000487854210375008,Pro,toplane radiant
2040133,15,60,dire,%40MiSeRyDOTA,1,1265600,1289,0.000488232979171883,Pro,toplane radiant
2040133,15,60,dire,%40MiSeRyDOTA,1,1265600,1290,0.000488611747968758,Pro,toplane radiant
2040133,15,60,dire,%40MiSeRyDOTA,1,1265600,1291,0.000488990516765633,Pro,toplane radiant
2040133,15,60,dire,%40MiSeRyDOTA,1,1265600,1292,0.000489369285562508,Pro,toplane radiant
2040133,15,60,dire,%40MiSeRyDOTA,1,1265600,1293,0.000489748054359383,Pro,toplane radiant
2040133,15,60,dire,%40MiSeRyDOTA,1,1265600,1294,0.000490126823156258,Pro,toplane radiant
2040133,15,60,dire,%40MiSeRyDOTA,1,1265600,1295,0.000490505591953133,Pro,toplane radiant
2070533,118,108,dire,%40MiSeRyDOTA,1,1296000,1296,0.000490884360750008,Pro,base2 dire
2071333,118,107,dire,%40MiSeRyDOTA,1,1296800,1297,0.000491263129546883,Pro,base2 dire
2072533,117,107,dire,%40MiSeRyDOTA,1,1298000,1298,0.000491641898343758,Pro,base2 dire
2073200,116,107,dire,%40MiSeRyDOTA,1,1298667,1299,0.000492020667140633,Pro,base2 dire
2073200,116,107,dire,%40MiSeRyDOTA,1,1298667,1300,0.000492399435937508,Pro,base2 dire
2073200,116,107,dire,%40MiSeRyDOTA,1,1298667,1301,0.000492778204734383,Pro,base2 dire
2073200,116,107,dire,%40MiSeRyDOTA,1,1298667,1302,0.000493156973531258,Pro,base2 dire
2073200,116,107,dire,%40MiSeRyDOTA,1,1298667,1303,0.000493535742328133,Pro,base2 dire
2073200,116,107,dire,%40MiSeRyDOTA,1,1298667,1304,0.000493914511125008,Pro,base2 dire
2079533,117,107,dire,%40MiSeRyDOTA,1,1305000,1305,0.000494293279921883,Pro,base2 dire
2080333,115,105,dire,%40MiSeRyDOTA,1,1305800,1306,0.000494672048718758,Pro,base2 dire
2081466,114,102,dire,%40MiSeRyDOTA,1,1306933,1307,0.000495050817515633,Pro,base2 dire
2082400,114,99,dire,%40MiSeRyDOTA,1,1307867,1308,0.000495429586312508,Pro,base2 dire
2083466,113,96,dire,%40MiSeRyDOTA,1,1308933,1309,0.000495808355109383,Pro,base2 dire
2084533,113,93,dire,%40MiSeRyDOTA,1,1310000,1310,0.000496187123906258,Pro,base2 dire
2085200,113,91,dire,%40MiSeRyDOTA,1,1310667,1311,0.000496565892703133,Pro,base2 dire
2086266,112,88,dire,%40MiSeRyDOTA,1,1311733,1312,0.000496944661500008,Pro,base2 dire
2087333,112,85,dire,%40MiSeRyDOTA,1,1312800,1313,0.000497323430296883,Pro,base2 dire
2088400,111,82,dire,%40MiSeRyDOTA,1,1313867,1314,0.000497702199093758,Pro,base2 dire
2089466,111,79,dire,%40MiSeRyDOTA,1,1314933,1315,0.000498080967890633,Pro,base2 dire
2090533,111,76,dire,%40MiSeRyDOTA,1,1316000,1316,0.000498459736687508,Pro,bottomlane dire
2091533,111,73,dire,%40MiSeRyDOTA,1,1317000,1317,0.000498838505484383,Pro,bottomlane dire
2092200,111,71,dire,%40MiSeRyDOTA,1,1317667,1318,0.000499217274281258,Pro,bottomlane dire
2093266,111,68,dire,%40MiSeRyDOTA,1,1318733,1319,0.000499596043078133,Pro,bottomlane dire
2094266,111,65,dire,%40MiSeRyDOTA,1,1319733,1320,0.000499974811875008,Pro,bottomlane dire
2095333,111,62,dire,%40MiSeRyDOTA,1,1320800,1321,0.000500353580671883,Pro,bottomlane dire
2096400,111,59,dire,%40MiSeRyDOTA,1,1321867,1322,0.000500732349468758,Pro,bottomlane dire
2097400,110,56,dire,%40MiSeRyDOTA,1,1322867,1323,0.000501111118265633,Pro,bottomlane dire
2098466,110,53,dire,%40MiSeRyDOTA,1,1323933,1324,0.000501489887062508,Pro,bottomlane dire
2099466,110,50,dire,%40MiSeRyDOTA,1,1324933,1325,0.000501868655859383,Pro,bottomlane dire
2100533,110,47,dire,%40MiSeRyDOTA,1,1326000,1326,0.000502247424656258,Pro,bottomlane dire
2101200,110,45,dire,%40MiSeRyDOTA,1,1326667,1327,0.000502626193453133,Pro,bottomlane dire
2102266,110,42,dire,%40MiSeRyDOTA,1,1327733,1328,0.000503004962250008,Pro,bottomlane dire
2103333,109,39,dire,%40MiSeRyDOTA,1,1328800,1329,0.000503383731046883,Pro,bottomlane dire
2104533,108,36,dire,%40MiSeRyDOTA,1,1330000,1330,0.000503762499843758,Pro,bottomlane radiant
2105466,107,34,dire,%40MiSeRyDOTA,1,1330933,1331,0.000504141268640633,Pro,river
2106533,104,33,dire,%40MiSeRyDOTA,1,1332000,1332,0.000504520037437508,Pro,river
2107466,101,33,dire,%40MiSeRyDOTA,1,1332933,1333,0.000504898806234383,Pro,river
2108466,98,33,dire,%40MiSeRyDOTA,1,1333933,1334,0.000505277575031258,Pro,river
2109333,97,31,dire,%40MiSeRyDOTA,1,1334800,1335,0.000505656343828133,Pro,jungle radiant
2110400,98,28,dire,%40MiSeRyDOTA,1,1335867,1336,0.000506035112625008,Pro,jungle radiant
2111533,100,26,dire,%40MiSeRyDOTA,1,1337000,1337,0.000506413881421883,Pro,jungle radiant
2112400,101,27,dire,%40MiSeRyDOTA,1,1337867,1338,0.000506792650218758,Pro,jungle radiant
2112666,100,27,dire,%40MiSeRyDOTA,1,1338133,1339,0.000507171419015633,Pro,jungle radiant
2112666,100,27,dire,%40MiSeRyDOTA,1,1338133,1340,0.000507550187812508,Pro,jungle radiant
2112666,100,27,dire,%40MiSeRyDOTA,1,1338133,1341,0.000507928956609383,Pro,jungle radiant
2116333,98,27,dire,%40MiSeRyDOTA,1,1341800,1342,0.000508307725406258,Pro,jungle radiant
2117400,96,29,dire,%40MiSeRyDOTA,1,1342867,1343,0.000508686494203133,Pro,jungle radiant
2118266,93,29,dire,%40MiSeRyDOTA,1,1343733,1344,0.000509065263000008,Pro,jungle radiant
2119333,90,29,dire,%40MiSeRyDOTA,1,1344800,1345,0.000509444031796883,Pro,jungle radiant
2120400,87,29,dire,%40MiSeRyDOTA,1,1345867,1346,0.000509822800593758,Pro,jungle radiant
2120666,87,28,dire,%40MiSeRyDOTA,1,1346133,1347,0.000510201569390633,Pro,jungle radiant
2122333,90,28,dire,%40MiSeRyDOTA,1,1347800,1348,0.000510580338187508,Pro,jungle radiant
2123400,93,28,dire,%40MiSeRyDOTA,1,1348867,1349,0.000510959106984383,Pro,jungle radiant
2124466,96,29,dire,%40MiSeRyDOTA,1,1349933,1350,0.000511337875781258,Pro,jungle radiant
2125466,97,26,dire,%40MiSeRyDOTA,1,1350933,1351,0.000511716644578133,Pro,jungle radiant
2126200,97,25,dire,%40MiSeRyDOTA,1,1351667,1352,0.000512095413375008,Pro,jungle radiant
2127466,99,22,dire,%40MiSeRyDOTA,1,1352933,1353,0.000512474182171883,Pro,jungle radiant
2128066,99,20,dire,%40MiSeRyDOTA,1,1353533,1354,0.000512852950968758,Pro,jungle radiant
2128066,99,20,dire,%40MiSeRyDOTA,1,1353533,1355,0.000513231719765633,Pro,jungle radiant
2128066,99,20,dire,%40MiSeRyDOTA,1,1353533,1356,0.000513610488562508,Pro,jungle radiant
2128066,99,20,dire,%40MiSeRyDOTA,1,1353533,1357,0.000513989257359383,Pro,jungle radiant
2128066,99,20,dire,%40MiSeRyDOTA,1,1353533,1358,0.000514368026156258,Pro,jungle radiant
2128066,99,20,dire,%40MiSeRyDOTA,1,1353533,1359,0.000514746794953133,Pro,jungle radiant
2128066,99,20,dire,%40MiSeRyDOTA,1,1353533,1360,0.000515125563750008,Pro,jungle radiant
2128066,99,20,dire,%40MiSeRyDOTA,1,1353533,1361,0.000515504332546883,Pro,jungle radiant
2128066,99,20,dire,%40MiSeRyDOTA,1,1353533,1362,0.000515883101343758,Pro,jungle radiant
2128066,99,20,dire,%40MiSeRyDOTA,1,1353533,1363,0.000516261870140633,Pro,jungle radiant
2128066,99,20,dire,%40MiSeRyDOTA,1,1353533,1364,0.000516640638937508,Pro,jungle radiant
2128066,99,20,dire,%40MiSeRyDOTA,1,1353533,1365,0.000517019407734383,Pro,jungle radiant
2128066,99,20,dire,%40MiSeRyDOTA,1,1353533,1366,0.000517398176531258,Pro,jungle radiant
2128066,99,20,dire,%40MiSeRyDOTA,1,1353533,1367,0.000517776945328133,Pro,jungle radiant
2128066,99,20,dire,%40MiSeRyDOTA,1,1353533,1368,0.000518155714125008,Pro,jungle radiant
2128066,99,20,dire,%40MiSeRyDOTA,1,1353533,1369,0.000518534482921883,Pro,jungle radiant
2144200,99,19,dire,%40MiSeRyDOTA,1,1369667,1370,0.000518913251718758,Pro,jungle radiant
2145466,96,18,dire,%40MiSeRyDOTA,1,1370933,1371,0.000519292020515633,Pro,jungle radiant
2146200,96,16,dire,%40MiSeRyDOTA,1,1371667,1372,0.000519670789312508,Pro,jungle radiant
2147533,97,18,dire,%40MiSeRyDOTA,1,1373000,1373,0.000520049558109383,Pro,jungle radiant
2147933,98,19,dire,%40MiSeRyDOTA,1,1373400,1374,0.000520428326906258,Pro,jungle radiant
2147933,98,19,dire,%40MiSeRyDOTA,1,1373400,1375,0.000520807095703133,Pro,jungle radiant
2147933,98,19,dire,%40MiSeRyDOTA,1,1373400,1376,0.000521185864500008,Pro,jungle radiant
2147933,98,19,dire,%40MiSeRyDOTA,1,1373400,1377,0.000521564633296883,Pro,jungle radiant
2147933,98,19,dire,%40MiSeRyDOTA,1,1373400,1378,0.000521943402093758,Pro,jungle radiant
2147933,98,19,dire,%40MiSeRyDOTA,1,1373400,1379,0.000522322170890633,Pro,jungle radiant
2147933,98,19,dire,%40MiSeRyDOTA,1,1373400,1380,0.000522700939687508,Pro,jungle radiant
2155466,84,73,dire,%40MiSeRyDOTA,1,1380933,1381,0.000523079708484383,Pro,midlane dire
2156466,82,71,dire,%40MiSeRyDOTA,1,1381933,1382,0.000523458477281258,Pro,midlane dire
2157333,80,69,dire,%40MiSeRyDOTA,1,1382800,1383,0.000523837246078133,Pro,midlane dire
2158533,79,66,dire,%40MiSeRyDOTA,1,1384000,1384,0.000524216014875008,Pro,midlane dire
2159533,79,65,dire,%40MiSeRyDOTA,1,1385000,1385,0.000524594783671883,Pro,void dire
2160400,80,66,dire,%40MiSeRyDOTA,1,1385867,1386,0.000524973552468758,Pro,midlane dire
2161466,79,69,dire,%40MiSeRyDOTA,1,1386933,1387,0.000525352321265633,Pro,midlane dire
2162533,78,72,dire,%40MiSeRyDOTA,1,1388000,1388,0.000525731090062508,Pro,midlane dire
2163333,76,73,dire,%40MiSeRyDOTA,1,1388800,1389,0.000526109858859383,Pro,midlane dire
2164533,73,75,dire,%40MiSeRyDOTA,1,1390000,1390,0.000526488627656258,Pro,midlane dire
2165266,71,75,dire,%40MiSeRyDOTA,1,1390733,1391,0.000526867396453133,Pro,midlane dire
2166333,68,76,dire,%40MiSeRyDOTA,1,1391800,1392,0.000527246165250008,Pro,midlane dire
2167466,65,75,dire,%40MiSeRyDOTA,1,1392933,1393,0.000527624934046883,Pro,midlane dire
2168400,63,74,dire,%40MiSeRyDOTA,1,1393867,1394,0.000528003702843758,Pro,jungle dire
2169400,61,72,dire,%40MiSeRyDOTA,1,1394867,1395,0.000528382471640633,Pro,jungle dire
2170200,61,71,dire,%40MiSeRyDOTA,1,1395667,1396,0.000528761240437508,Pro,jungle dire
2171400,64,70,dire,%40MiSeRyDOTA,1,1396867,1397,0.000529140009234383,Pro,midlane dire
2172533,63,73,dire,%40MiSeRyDOTA,1,1398000,1398,0.000529518778031258,Pro,midlane dire
2173466,65,75,dire,%40MiSeRyDOTA,1,1398933,1399,0.000529897546828133,Pro,midlane dire
2174200,67,76,dire,%40MiSeRyDOTA,1,1399667,1400,0.000530276315625008,Pro,midlane dire
2175333,70,75,dire,%40MiSeRyDOTA,1,1400800,1401,0.000530655084421883,Pro,midlane dire
2176400,73,75,dire,%40MiSeRyDOTA,1,1401867,1402,0.000531033853218758,Pro,midlane dire
2177333,74,73,dire,%40MiSeRyDOTA,1,1402800,1403,0.000531412622015633,Pro,midlane dire
2178400,74,70,dire,%40MiSeRyDOTA,1,1403867,1404,0.000531791390812508,Pro,midlane dire
2179466,74,67,dire,%40MiSeRyDOTA,1,1404933,1405,0.000532170159609383,Pro,midlane dire
2180333,76,65,dire,%40MiSeRyDOTA,1,1405800,1406,0.000532548928406258,Pro,midlane dire
2181533,77,62,dire,%40MiSeRyDOTA,1,1407000,1407,0.000532927697203133,Pro,jungle dire
2182333,78,60,dire,%40MiSeRyDOTA,1,1407800,1408,0.000533306466000008,Pro,jungle dire
2183400,79,57,dire,%40MiSeRyDOTA,1,1408867,1409,0.000533685234796883,Pro,jungle dire
2184466,79,54,dire,%40MiSeRyDOTA,1,1409933,1410,0.000534064003593758,Pro,jungle dire
2185533,80,51,dire,%40MiSeRyDOTA,1,1411000,1411,0.000534442772390633,Pro,jungle dire
2186333,81,49,dire,%40MiSeRyDOTA,1,1411800,1412,0.000534821541187508,Pro,jungle dire
2187400,83,47,dire,%40MiSeRyDOTA,1,1412867,1413,0.000535200309984383,Pro,void dire
2188400,85,45,dire,%40MiSeRyDOTA,1,1413867,1414,0.000535579078781258,Pro,void dire
2189466,84,43,dire,%40MiSeRyDOTA,1,1414933,1415,0.000535957847578133,Pro,river
2190533,82,41,dire,%40MiSeRyDOTA,1,1416000,1416,0.000536336616375008,Pro,river
2191200,80,40,dire,%40MiSeRyDOTA,1,1416667,1417,0.000536715385171883,Pro,river
2191933,78,40,dire,%40MiSeRyDOTA,1,1417400,1418,0.000537094153968758,Pro,void radiant
2193533,79,40,dire,%40MiSeRyDOTA,1,1419000,1419,0.000537472922765633,Pro,river
2194333,81,38,dire,%40MiSeRyDOTA,1,1419800,1420,0.000537851691562508,Pro,void radiant
2195400,81,35,dire,%40MiSeRyDOTA,1,1420867,1421,0.000538230460359383,Pro,jungle radiant
2196400,81,32,dire,%40MiSeRyDOTA,1,1421867,1422,0.000538609229156258,Pro,jungle radiant
2197533,82,29,dire,%40MiSeRyDOTA,1,1423000,1423,0.000538987997953133,Pro,jungle radiant
2198266,82,27,dire,%40MiSeRyDOTA,1,1423733,1424,0.000539366766750008,Pro,jungle radiant
2199266,81,24,dire,%40MiSeRyDOTA,1,1424733,1425,0.000539745535546883,Pro,jungle radiant
2200466,80,22,dire,%40MiSeRyDOTA,1,1425933,1426,0.000540124304343758,Pro,jungle radiant
2201333,82,21,dire,%40MiSeRyDOTA,1,1426800,1427,0.000540503073140633,Pro,jungle radiant
2202400,85,20,dire,%40MiSeRyDOTA,1,1427867,1428,0.000540881841937508,Pro,jungle radiant
2203400,88,21,dire,%40MiSeRyDOTA,1,1428867,1429,0.000541260610734383,Pro,jungle radiant
2204333,90,19,dire,%40MiSeRyDOTA,1,1429800,1430,0.000541639379531258,Pro,jungle radiant
2204333,90,19,dire,%40MiSeRyDOTA,1,1429800,1431,0.000542018148328133,Pro,jungle radiant
2204333,90,19,dire,%40MiSeRyDOTA,1,1429800,1432,0.000542396917125008,Pro,jungle radiant
2207400,87,19,dire,%40MiSeRyDOTA,1,1432867,1433,0.000542775685921884,Pro,jungle radiant
2208400,84,19,dire,%40MiSeRyDOTA,1,1433867,1434,0.000543154454718759,Pro,void radiant
2209466,81,19,dire,%40MiSeRyDOTA,1,1434933,1435,0.000543533223515634,Pro,void radiant
2210400,80,19,dire,%40MiSeRyDOTA,1,1435867,1436,0.000543911992312509,Pro,void radiant
2211533,81,19,dire,%40MiSeRyDOTA,1,1437000,1437,0.000544290761109384,Pro,void radiant
2212533,84,18,dire,%40MiSeRyDOTA,1,1438000,1438,0.000544669529906259,Pro,void radiant
2212533,84,18,dire,%40MiSeRyDOTA,1,1438000,1439,0.000545048298703134,Pro,void radiant
2212533,84,18,dire,%40MiSeRyDOTA,1,1438000,1440,0.000545427067500009,Pro,void radiant
2212533,84,18,dire,%40MiSeRyDOTA,1,1438000,1441,0.000545805836296884,Pro,void radiant
2212533,84,18,dire,%40MiSeRyDOTA,1,1438000,1442,0.000546184605093759,Pro,void radiant
2216800,83,19,dire,%40MiSeRyDOTA,1,1442267,1443,0.000546563373890634,Pro,void radiant
2216800,83,19,dire,%40MiSeRyDOTA,1,1442267,1444,0.000546942142687509,Pro,void radiant
2216800,83,19,dire,%40MiSeRyDOTA,1,1442267,1445,0.000547320911484384,Pro,void radiant
2220133,82,20,dire,%40MiSeRyDOTA,1,1445600,1446,0.000547699680281259,Pro,jungle radiant
2220133,82,20,dire,%40MiSeRyDOTA,1,1445600,1447,0.000548078449078134,Pro,jungle radiant
2220133,82,20,dire,%40MiSeRyDOTA,1,1445600,1448,0.000548457217875009,Pro,jungle radiant
2222600,82,19,dire,%40MiSeRyDOTA,1,1448067,1449,0.000548835986671884,Pro,void radiant
2222600,82,19,dire,%40MiSeRyDOTA,1,1448067,1450,0.000549214755468759,Pro,void radiant
2222600,82,19,dire,%40MiSeRyDOTA,1,1448067,1451,0.000549593524265634,Pro,void radiant
2222600,82,19,dire,%40MiSeRyDOTA,1,1448067,1452,0.000549972293062509,Pro,void radiant
2222600,82,19,dire,%40MiSeRyDOTA,1,1448067,1453,0.000550351061859384,Pro,void radiant
2228266,80,19,dire,%40MiSeRyDOTA,1,1453733,1454,0.000550729830656259,Pro,void radiant
2229333,77,18,dire,%40MiSeRyDOTA,1,1454800,1455,0.000551108599453134,Pro,void radiant
2230466,74,17,dire,%40MiSeRyDOTA,1,1455933,1456,0.000551487368250009,Pro,void radiant
2231533,71,17,dire,%40MiSeRyDOTA,1,1457000,1457,0.000551866137046884,Pro,bottomlane radiant
2232266,69,17,dire,%40MiSeRyDOTA,1,1457733,1458,0.000552244905843759,Pro,bottomlane radiant
2233466,70,17,dire,%40MiSeRyDOTA,1,1458933,1459,0.000552623674640634,Pro,bottomlane radiant
2234466,69,16,dire,%40MiSeRyDOTA,1,1459933,1460,0.000553002443437509,Pro,bottomlane radiant
2234800,68,16,dire,%40MiSeRyDOTA,1,1460267,1461,0.000553381212234384,Pro,bottomlane radiant
2236533,67,16,dire,%40MiSeRyDOTA,1,1462000,1462,0.000553759981031259,Pro,bottomlane radiant
2237466,69,17,dire,%40MiSeRyDOTA,1,1462933,1463,0.000554138749828134,Pro,bottomlane radiant
2238466,68,16,dire,%40MiSeRyDOTA,1,1463933,1464,0.000554517518625009,Pro,bottomlane radiant
2238466,68,16,dire,%40MiSeRyDOTA,1,1463933,1465,0.000554896287421884,Pro,bottomlane radiant
2240066,67,16,dire,%40MiSeRyDOTA,1,1465533,1466,0.000555275056218759,Pro,bottomlane radiant
2241266,65,15,dire,%40MiSeRyDOTA,1,1466733,1467,0.000555653825015634,Pro,bottomlane radiant
2242533,66,16,dire,%40MiSeRyDOTA,1,1468000,1468,0.000556032593812509,Pro,void radiant
2243266,65,16,dire,%40MiSeRyDOTA,1,1468733,1469,0.000556411362609384,Pro,void radiant
2244466,65,17,dire,%40MiSeRyDOTA,1,1469933,1470,0.000556790131406259,Pro,jungle radiant
2245466,62,16,dire,%40MiSeRyDOTA,1,1470933,1471,0.000557168900203134,Pro,jungle radiant
2246533,64,17,dire,%40MiSeRyDOTA,1,1472000,1472,0.000557547669000009,Pro,jungle radiant
2247066,66,17,dire,%40MiSeRyDOTA,1,1472533,1473,0.000557926437796884,Pro,jungle radiant
2248266,68,19,dire,%40MiSeRyDOTA,1,1473733,1474,0.000558305206593759,Pro,jungle radiant
2249466,70,20,dire,%40MiSeRyDOTA,1,1474933,1475,0.000558683975390634,Pro,jungle radiant
2249933,69,19,dire,%40MiSeRyDOTA,1,1475400,1476,0.000559062744187509,Pro,jungle radiant
2251266,69,18,dire,%40MiSeRyDOTA,1,1476733,1477,0.000559441512984384,Pro,jungle radiant
2251266,69,18,dire,%40MiSeRyDOTA,1,1476733,1478,0.000559820281781259,Pro,jungle radiant
2251266,69,18,dire,%40MiSeRyDOTA,1,1476733,1479,0.000560199050578134,Pro,jungle radiant
2254333,70,20,dire,%40MiSeRyDOTA,1,1479800,1480,0.000560577819375009,Pro,jungle radiant
2255533,71,23,dire,%40MiSeRyDOTA,1,1481000,1481,0.000560956588171884,Pro,jungle radiant
2256400,73,25,dire,%40MiSeRyDOTA,1,1481867,1482,0.000561335356968759,Pro,jungle radiant
2257466,72,28,dire,%40MiSeRyDOTA,1,1482933,1483,0.000561714125765634,Pro,jungle radiant
2258200,71,30,dire,%40MiSeRyDOTA,1,1483667,1484,0.000562092894562509,Pro,jungle radiant
2259533,69,33,dire,%40MiSeRyDOTA,1,1485000,1485,0.000562471663359384,Pro,jungle radiant
2260466,69,36,dire,%40MiSeRyDOTA,1,1485933,1486,0.000562850432156259,Pro,jungle radiant
2261533,67,38,dire,%40MiSeRyDOTA,1,1487000,1487,0.000563229200953134,Pro,jungle radiant
2262466,64,39,dire,%40MiSeRyDOTA,1,1487933,1488,0.000563607969750009,Pro,jungle radiant
2263333,66,40,dire,%40MiSeRyDOTA,1,1488800,1489,0.000563986738546884,Pro,jungle radiant
2263666,67,40,dire,%40MiSeRyDOTA,1,1489133,1490,0.000564365507343759,Pro,jungle radiant
2264933,66,40,dire,%40MiSeRyDOTA,1,1490400,1491,0.000564744276140634,Pro,jungle radiant
2265600,67,40,dire,%40MiSeRyDOTA,1,1491067,1492,0.000565123044937509,Pro,jungle radiant
2267266,69,40,dire,%40MiSeRyDOTA,1,1492733,1493,0.000565501813734384,Pro,jungle radiant
2268266,71,41,dire,%40MiSeRyDOTA,1,1493733,1494,0.000565880582531259,Pro,jungle radiant
2269200,71,41,dire,%40MiSeRyDOTA,1,1494667,1495,0.000566259351328134,Pro,jungle radiant
2269200,71,41,dire,%40MiSeRyDOTA,1,1494667,1496,0.000566638120125009,Pro,jungle radiant
2269200,71,41,dire,%40MiSeRyDOTA,1,1494667,1497,0.000567016888921884,Pro,jungle radiant
2269200,71,41,dire,%40MiSeRyDOTA,1,1494667,1498,0.000567395657718759,Pro,jungle radiant
2269200,71,41,dire,%40MiSeRyDOTA,1,1494667,1499,0.000567774426515634,Pro,jungle radiant
2269200,71,41,dire,%40MiSeRyDOTA,1,1494667,1500,0.000568153195312509,Pro,jungle radiant
2269200,71,41,dire,%40MiSeRyDOTA,1,1494667,1501,0.000568531964109384,Pro,jungle radiant
2269200,71,41,dire,%40MiSeRyDOTA,1,1494667,1502,0.000568910732906259,Pro,jungle radiant
2269200,71,41,dire,%40MiSeRyDOTA,1,1494667,1503,0.000569289501703134,Pro,jungle radiant
2269200,71,41,dire,%40MiSeRyDOTA,1,1494667,1504,0.000569668270500009,Pro,jungle radiant
2269200,71,41,dire,%40MiSeRyDOTA,1,1494667,1505,0.000570047039296884,Pro,jungle radiant
2280133,71,41,dire,%40MiSeRyDOTA,1,1505600,1506,0.000570425808093759,Pro,jungle radiant
2280133,71,41,dire,%40MiSeRyDOTA,1,1505600,1507,0.000570804576890634,Pro,jungle radiant
2280133,71,41,dire,%40MiSeRyDOTA,1,1505600,1508,0.000571183345687509,Pro,jungle radiant
2280133,71,41,dire,%40MiSeRyDOTA,1,1505600,1509,0.000571562114484384,Pro,jungle radiant
2280133,71,41,dire,%40MiSeRyDOTA,1,1505600,1510,0.000571940883281259,Pro,jungle radiant
2280133,71,41,dire,%40MiSeRyDOTA,1,1505600,1511,0.000572319652078134,Pro,jungle radiant
2280133,71,41,dire,%40MiSeRyDOTA,1,1505600,1512,0.000572698420875009,Pro,jungle radiant
2280133,71,41,dire,%40MiSeRyDOTA,1,1505600,1513,0.000573077189671884,Pro,jungle radiant
2280133,71,41,dire,%40MiSeRyDOTA,1,1505600,1514,0.000573455958468759,Pro,jungle radiant
2280133,71,41,dire,%40MiSeRyDOTA,1,1505600,1515,0.000573834727265634,Pro,jungle radiant
2280133,71,41,dire,%40MiSeRyDOTA,1,1505600,1516,0.000574213496062509,Pro,jungle radiant
2280133,71,41,dire,%40MiSeRyDOTA,1,1505600,1517,0.000574592264859384,Pro,jungle radiant
2280133,71,41,dire,%40MiSeRyDOTA,1,1505600,1518,0.000574971033656259,Pro,jungle radiant
2280133,71,41,dire,%40MiSeRyDOTA,1,1505600,1519,0.000575349802453134,Pro,jungle radiant
2280133,71,41,dire,%40MiSeRyDOTA,1,1505600,1520,0.000575728571250009,Pro,jungle radiant
2280133,71,41,dire,%40MiSeRyDOTA,1,1505600,1521,0.000576107340046884,Pro,jungle radiant
2280133,71,41,dire,%40MiSeRyDOTA,1,1505600,1522,0.000576486108843759,Pro,jungle radiant
2280133,71,41,dire,%40MiSeRyDOTA,1,1505600,1523,0.000576864877640634,Pro,jungle radiant
2280133,71,41,dire,%40MiSeRyDOTA,1,1505600,1524,0.000577243646437509,Pro,jungle radiant
2280133,71,41,dire,%40MiSeRyDOTA,1,1505600,1525,0.000577622415234384,Pro,jungle radiant
2280133,71,41,dire,%40MiSeRyDOTA,1,1505600,1526,0.000578001184031259,Pro,jungle radiant
2280133,71,41,dire,%40MiSeRyDOTA,1,1505600,1527,0.000578379952828134,Pro,jungle radiant
2280133,71,41,dire,%40MiSeRyDOTA,1,1505600,1528,0.000578758721625009,Pro,jungle radiant
2280133,71,41,dire,%40MiSeRyDOTA,1,1505600,1529,0.000579137490421884,Pro,jungle radiant
2280133,71,41,dire,%40MiSeRyDOTA,1,1505600,1530,0.000579516259218759,Pro,jungle radiant
2305466,115,107,dire,%40MiSeRyDOTA,1,1530933,1531,0.000579895028015634,Pro,base2 dire
2306400,113,105,dire,%40MiSeRyDOTA,1,1531867,1532,0.000580273796812509,Pro,base2 dire
2307400,110,104,dire,%40MiSeRyDOTA,1,1532867,1533,0.000580652565609384,Pro,base2 dire
2308533,107,103,dire,%40MiSeRyDOTA,1,1534000,1534,0.000581031334406259,Pro,base2 dire
2309466,105,101,dire,%40MiSeRyDOTA,1,1534933,1535,0.000581410103203134,Pro,base2 dire
2310133,103,100,dire,%40MiSeRyDOTA,1,1535600,1536,0.000581788872000009,Pro,base2 dire
2311466,101,97,dire,%40MiSeRyDOTA,1,1536933,1537,0.000582167640796884,Pro,base2 dire
2312466,99,95,dire,%40MiSeRyDOTA,1,1537933,1538,0.000582546409593759,Pro,base2 dire
2313533,97,93,dire,%40MiSeRyDOTA,1,1539000,1539,0.000582925178390634,Pro,base2 dire
2314400,95,91,dire,%40MiSeRyDOTA,1,1539867,1540,0.000583303947187509,Pro,base2 dire
2315333,93,89,dire,%40MiSeRyDOTA,1,1540800,1541,0.000583682715984384,Pro,midlane dire
2316466,91,87,dire,%40MiSeRyDOTA,1,1541933,1542,0.000584061484781259,Pro,midlane dire
2317333,89,85,dire,%40MiSeRyDOTA,1,1542800,1543,0.000584440253578134,Pro,midlane dire
2318266,87,83,dire,%40MiSeRyDOTA,1,1543733,1544,0.000584819022375009,Pro,midlane dire
2319266,85,81,dire,%40MiSeRyDOTA,1,1544733,1545,0.000585197791171884,Pro,midlane dire
2320266,83,79,dire,%40MiSeRyDOTA,1,1545733,1546,0.000585576559968759,Pro,midlane dire
2321200,81,77,dire,%40MiSeRyDOTA,1,1546667,1547,0.000585955328765634,Pro,midlane dire
2322533,79,74,dire,%40MiSeRyDOTA,1,1548000,1548,0.000586334097562509,Pro,midlane dire
2323400,77,72,dire,%40MiSeRyDOTA,1,1548867,1549,0.000586712866359384,Pro,midlane dire
2324333,75,70,dire,%40MiSeRyDOTA,1,1549800,1550,0.000587091635156259,Pro,midlane dire
2325400,73,68,dire,%40MiSeRyDOTA,1,1550867,1551,0.000587470403953134,Pro,midlane dire
2326400,71,66,dire,%40MiSeRyDOTA,1,1551867,1552,0.000587849172750009,Pro,midlane dire
2327400,69,64,dire,%40MiSeRyDOTA,1,1552867,1553,0.000588227941546884,Pro,midlane dire
2328533,66,62,dire,%40MiSeRyDOTA,1,1554000,1554,0.000588606710343759,Pro,midlane dire
2329400,64,61,dire,%40MiSeRyDOTA,1,1554867,1555,0.000588985479140634,Pro,midlane dire
2330333,62,59,dire,%40MiSeRyDOTA,1,1555800,1556,0.000589364247937509,Pro,midlane dire
2331533,59,57,dire,%40MiSeRyDOTA,1,1557000,1557,0.000589743016734384,Pro,midlane radiant
2332333,57,56,dire,%40MiSeRyDOTA,1,1557800,1558,0.000590121785531259,Pro,midlane radiant
2333200,55,54,dire,%40MiSeRyDOTA,1,1558667,1559,0.000590500554328134,Pro,midlane radiant
2334533,52,52,dire,%40MiSeRyDOTA,1,1560000,1560,0.000590879323125009,Pro,midlane radiant
2335466,50,50,dire,%40MiSeRyDOTA,1,1560933,1561,0.000591258091921884,Pro,midlane radiant
2336266,48,49,dire,%40MiSeRyDOTA,1,1561733,1562,0.000591636860718759,Pro,midlane radiant
2337200,46,47,dire,%40MiSeRyDOTA,1,1562667,1563,0.000592015629515634,Pro,midlane radiant
2338533,43,45,dire,%40MiSeRyDOTA,1,1564000,1564,0.000592394398312509,Pro,midlane radiant
2339466,41,43,dire,%40MiSeRyDOTA,1,1564933,1565,0.000592773167109384,Pro,midlane radiant
2340400,39,41,dire,%40MiSeRyDOTA,1,1565867,1566,0.000593151935906259,Pro,midlane radiant
2341400,37,39,dire,%40MiSeRyDOTA,1,1566867,1567,0.000593530704703134,Pro,midlane radiant
2342200,36,37,dire,%40MiSeRyDOTA,1,1567667,1568,0.000593909473500009,Pro,midlane radiant
2342200,36,37,dire,%40MiSeRyDOTA,1,1567667,1569,0.000594288242296884,Pro,midlane radiant
2342200,36,37,dire,%40MiSeRyDOTA,1,1567667,1570,0.000594667011093759,Pro,midlane radiant
2342200,36,37,dire,%40MiSeRyDOTA,1,1567667,1571,0.000595045779890634,Pro,midlane radiant
2342200,36,37,dire,%40MiSeRyDOTA,1,1567667,1572,0.000595424548687509,Pro,midlane radiant
2347333,38,36,dire,%40MiSeRyDOTA,1,1572800,1573,0.000595803317484384,Pro,midlane radiant
2348266,40,37,dire,%40MiSeRyDOTA,1,1573733,1574,0.000596182086281259,Pro,midlane radiant
2349000,41,39,dire,%40MiSeRyDOTA,1,1574467,1575,0.000596560855078134,Pro,midlane radiant
2350533,39,38,dire,%40MiSeRyDOTA,1,1576000,1576,0.000596939623875009,Pro,midlane radiant
2351533,42,39,dire,%40MiSeRyDOTA,1,1577000,1577,0.000597318392671884,Pro,midlane radiant
2352333,43,41,dire,%40MiSeRyDOTA,1,1577800,1578,0.000597697161468759,Pro,midlane radiant
2353200,45,43,dire,%40MiSeRyDOTA,1,1578667,1579,0.000598075930265634,Pro,midlane radiant
2354333,48,43,dire,%40MiSeRyDOTA,1,1579800,1580,0.000598454699062509,Pro,midlane radiant
2355466,51,43,dire,%40MiSeRyDOTA,1,1580933,1581,0.000598833467859384,Pro,midlane radiant
2356466,54,43,dire,%40MiSeRyDOTA,1,1581933,1582,0.000599212236656259,Pro,midlane radiant
2357400,56,42,dire,%40MiSeRyDOTA,1,1582867,1583,0.000599591005453134,Pro,jungle radiant
2358466,59,41,dire,%40MiSeRyDOTA,1,1583933,1584,0.000599969774250009,Pro,jungle radiant
2359200,61,41,dire,%40MiSeRyDOTA,1,1584667,1585,0.000600348543046884,Pro,jungle radiant
2360266,64,40,dire,%40MiSeRyDOTA,1,1585733,1586,0.000600727311843759,Pro,jungle radiant
2361533,67,39,dire,%40MiSeRyDOTA,1,1587000,1587,0.000601106080640634,Pro,jungle radiant
2362266,68,37,dire,%40MiSeRyDOTA,1,1587733,1588,0.000601484849437509,Pro,jungle radiant
2363533,70,34,dire,%40MiSeRyDOTA,1,1589000,1589,0.000601863618234384,Pro,jungle radiant
2364333,71,32,dire,%40MiSeRyDOTA,1,1589800,1590,0.000602242387031259,Pro,jungle radiant
2365400,72,29,dire,%40MiSeRyDOTA,1,1590867,1591,0.000602621155828134,Pro,jungle radiant
2366400,74,29,dire,%40MiSeRyDOTA,1,1591867,1592,0.000602999924625009,Pro,jungle radiant
2367266,75,29,dire,%40MiSeRyDOTA,1,1592733,1593,0.000603378693421884,Pro,jungle radiant
2368466,77,29,dire,%40MiSeRyDOTA,1,1593933,1594,0.000603757462218759,Pro,jungle radiant
2369533,76,29,dire,%40MiSeRyDOTA,1,1595000,1595,0.000604136231015634,Pro,jungle radiant
2370000,75,29,dire,%40MiSeRyDOTA,1,1595467,1596,0.000604514999812509,Pro,jungle radiant
2371533,72,29,dire,%40MiSeRyDOTA,1,1597000,1597,0.000604893768609384,Pro,jungle radiant
2372533,73,29,dire,%40MiSeRyDOTA,1,1598000,1598,0.000605272537406259,Pro,jungle radiant
2373266,75,29,dire,%40MiSeRyDOTA,1,1598733,1599,0.000605651306203134,Pro,jungle radiant
2374266,78,28,dire,%40MiSeRyDOTA,1,1599733,1600,0.000606030075000009,Pro,jungle radiant
2375333,81,29,dire,%40MiSeRyDOTA,1,1600800,1601,0.000606408843796884,Pro,jungle radiant
2376400,84,29,dire,%40MiSeRyDOTA,1,1601867,1602,0.000606787612593759,Pro,jungle radiant
2377266,86,30,dire,%40MiSeRyDOTA,1,1602733,1603,0.000607166381390634,Pro,jungle radiant
2378000,87,31,dire,%40MiSeRyDOTA,1,1603467,1604,0.000607545150187509,Pro,jungle radiant
2379333,88,31,dire,%40MiSeRyDOTA,1,1604800,1605,0.000607923918984384,Pro,jungle radiant
2380533,90,31,dire,%40MiSeRyDOTA,1,1606000,1606,0.000608302687781259,Pro,jungle radiant
2381333,92,30,dire,%40MiSeRyDOTA,1,1606800,1607,0.000608681456578134,Pro,jungle radiant
2382400,95,30,dire,%40MiSeRyDOTA,1,1607867,1608,0.000609060225375009,Pro,jungle radiant
2383466,98,31,dire,%40MiSeRyDOTA,1,1608933,1609,0.000609438994171884,Pro,jungle radiant
2384200,100,32,dire,%40MiSeRyDOTA,1,1609667,1610,0.000609817762968759,Pro,river
2385333,103,33,dire,%40MiSeRyDOTA,1,1610800,1611,0.000610196531765635,Pro,river
2386400,106,34,dire,%40MiSeRyDOTA,1,1611867,1612,0.00061057530056251,Pro,river
2387133,108,35,dire,%40MiSeRyDOTA,1,1612600,1613,0.000610954069359385,Pro,bottomlane radiant
2388466,109,38,dire,%40MiSeRyDOTA,1,1613933,1614,0.00061133283815626,Pro,bottomlane dire
2389533,110,41,dire,%40MiSeRyDOTA,1,1615000,1615,0.000611711606953135,Pro,bottomlane dire
2390533,110,44,dire,%40MiSeRyDOTA,1,1616000,1616,0.00061209037575001,Pro,bottomlane dire
2391266,109,46,dire,%40MiSeRyDOTA,1,1616733,1617,0.000612469144546885,Pro,bottomlane dire
2391933,109,48,dire,%40MiSeRyDOTA,1,1617400,1618,0.00061284791334376,Pro,bottomlane dire
2393533,110,51,dire,%40MiSeRyDOTA,1,1619000,1619,0.000613226682140635,Pro,bottomlane dire
2394266,109,53,dire,%40MiSeRyDOTA,1,1619733,1620,0.00061360545093751,Pro,bottomlane dire
2395333,107,54,dire,%40MiSeRyDOTA,1,1620800,1621,0.000613984219734385,Pro,jungle dire
2396400,104,54,dire,%40MiSeRyDOTA,1,1621867,1622,0.00061436298853126,Pro,jungle dire
2397466,101,54,dire,%40MiSeRyDOTA,1,1622933,1623,0.000614741757328135,Pro,jungle dire
2398466,99,56,dire,%40MiSeRyDOTA,1,1623933,1624,0.00061512052612501,Pro,jungle dire
2399466,96,57,dire,%40MiSeRyDOTA,1,1624933,1625,0.000615499294921885,Pro,jungle dire
2400400,94,59,dire,%40MiSeRyDOTA,1,1625867,1626,0.00061587806371876,Pro,jungle dire
2401533,92,61,dire,%40MiSeRyDOTA,1,1627000,1627,0.000616256832515635,Pro,jungle dire
2402533,91,64,dire,%40MiSeRyDOTA,1,1628000,1628,0.00061663560131251,Pro,secretshop dire
2402533,91,64,dire,%40MiSeRyDOTA,1,1628000,1629,0.000617014370109385,Pro,secretshop dire
2402533,91,64,dire,%40MiSeRyDOTA,1,1628000,1630,0.00061739313890626,Pro,secretshop dire
2405333,91,67,dire,%40MiSeRyDOTA,1,1630800,1631,0.000617771907703135,Pro,jungle dire
2406400,90,70,dire,%40MiSeRyDOTA,1,1631867,1632,0.00061815067650001,Pro,jungle dire
2407266,88,71,dire,%40MiSeRyDOTA,1,1632733,1633,0.000618529445296885,Pro,jungle dire
2408333,85,71,dire,%40MiSeRyDOTA,1,1633800,1634,0.00061890821409376,Pro,midlane dire
2409466,82,70,dire,%40MiSeRyDOTA,1,1634933,1635,0.000619286982890635,Pro,midlane dire
2410266,80,69,dire,%40MiSeRyDOTA,1,1635733,1636,0.00061966575168751,Pro,midlane dire
2411466,77,67,dire,%40MiSeRyDOTA,1,1636933,1637,0.000620044520484385,Pro,midlane dire
2412533,74,66,dire,%40MiSeRyDOTA,1,1638000,1638,0.00062042328928126,Pro,midlane dire
2413333,72,65,dire,%40MiSeRyDOTA,1,1638800,1639,0.000620802058078135,Pro,midlane dire
2414400,69,64,dire,%40MiSeRyDOTA,1,1639867,1640,0.00062118082687501,Pro,midlane dire
2415133,67,64,dire,%40MiSeRyDOTA,1,1640600,1641,0.000621559595671885,Pro,midlane dire
2416400,64,66,dire,%40MiSeRyDOTA,1,1641867,1642,0.00062193836446876,Pro,midlane dire
2417533,61,67,dire,%40MiSeRyDOTA,1,1643000,1643,0.000622317133265635,Pro,void dire
2418266,59,68,dire,%40MiSeRyDOTA,1,1643733,1644,0.00062269590206251,Pro,jungle dire
2419400,56,69,dire,%40MiSeRyDOTA,1,1644867,1645,0.000623074670859385,Pro,jungle dire
2420533,53,71,dire,%40MiSeRyDOTA,1,1646000,1646,0.00062345343965626,Pro,void dire
2421266,51,71,dire,%40MiSeRyDOTA,1,1646733,1647,0.000623832208453135,Pro,river
2422333,48,72,dire,%40MiSeRyDOTA,1,1647800,1648,0.00062421097725001,Pro,river
2423400,45,73,dire,%40MiSeRyDOTA,1,1648867,1649,0.000624589746046885,Pro,river
2424533,42,74,dire,%40MiSeRyDOTA,1,1650000,1650,0.00062496851484376,Pro,river
2425266,40,73,dire,%40MiSeRyDOTA,1,1650733,1651,0.000625347283640635,Pro,jungle radiant
2426200,38,71,dire,%40MiSeRyDOTA,1,1651667,1652,0.00062572605243751,Pro,jungle radiant
2427466,35,70,dire,%40MiSeRyDOTA,1,1652933,1653,0.000626104821234385,Pro,jungle radiant
2428333,33,68,dire,%40MiSeRyDOTA,1,1653800,1654,0.00062648359003126,Pro,jungle radiant
2429400,31,66,dire,%40MiSeRyDOTA,1,1654867,1655,0.000626862358828135,Pro,jungle radiant
2430533,30,63,dire,%40MiSeRyDOTA,1,1656000,1656,0.00062724112762501,Pro,jungle radiant
2431466,27,63,dire,%40MiSeRyDOTA,1,1656933,1657,0.000627619896421885,Pro,jungle radiant
2432533,24,63,dire,%40MiSeRyDOTA,1,1658000,1658,0.00062799866521876,Pro,jungle radiant
2433533,21,63,dire,%40MiSeRyDOTA,1,1659000,1659,0.000628377434015635,Pro,jungle radiant
2434533,19,62,dire,%40MiSeRyDOTA,1,1660000,1660,0.00062875620281251,Pro,toplane radiant
2435333,16,62,dire,%40MiSeRyDOTA,1,1660800,1661,0.000629134971609385,Pro,toplane radiant
2436400,17,63,dire,%40MiSeRyDOTA,1,1661867,1662,0.00062951374040626,Pro,toplane radiant
2437133,15,62,dire,%40MiSeRyDOTA,1,1662600,1663,0.000629892509203135,Pro,toplane radiant
2437133,15,62,dire,%40MiSeRyDOTA,1,1662600,1664,0.00063027127800001,Pro,toplane radiant
2439333,16,62,dire,%40MiSeRyDOTA,1,1664800,1665,0.000630650046796885,Pro,toplane radiant
2439933,17,62,dire,%40MiSeRyDOTA,1,1665400,1666,0.00063102881559376,Pro,toplane radiant
2439933,17,62,dire,%40MiSeRyDOTA,1,1665400,1667,0.000631407584390635,Pro,toplane radiant
2442333,17,59,dire,%40MiSeRyDOTA,1,1667800,1668,0.00063178635318751,Pro,toplane radiant
2443066,17,57,dire,%40MiSeRyDOTA,1,1668533,1669,0.000632165121984385,Pro,toplane radiant
2443733,18,57,dire,%40MiSeRyDOTA,1,1669200,1670,0.00063254389078126,Pro,toplane radiant
2445133,18,55,dire,%40MiSeRyDOTA,1,1670600,1671,0.000632922659578135,Pro,toplane radiant
2446333,18,56,dire,%40MiSeRyDOTA,1,1671800,1672,0.00063330142837501,Pro,toplane radiant
2447533,16,57,dire,%40MiSeRyDOTA,1,1673000,1673,0.000633680197171885,Pro,toplane radiant
2448333,14,56,dire,%40MiSeRyDOTA,1,1673800,1674,0.00063405896596876,Pro,toplane radiant
2449533,14,53,dire,%40MiSeRyDOTA,1,1675000,1675,0.000634437734765635,Pro,toplane radiant
2449600,13,53,dire,%40MiSeRyDOTA,1,1675067,1676,0.00063481650356251,Pro,toplane radiant
2449600,13,53,dire,%40MiSeRyDOTA,1,1675067,1677,0.000635195272359385,Pro,toplane radiant
2452266,12,51,dire,%40MiSeRyDOTA,1,1677733,1678,0.00063557404115626,Pro,toplane radiant
2453400,11,48,dire,%40MiSeRyDOTA,1,1678867,1679,0.000635952809953135,Pro,toplane radiant
2454400,11,45,dire,%40MiSeRyDOTA,1,1679867,1680,0.00063633157875001,Pro,toplane radiant
2454733,11,44,dire,%40MiSeRyDOTA,1,1680200,1681,0.000636710347546885,Pro,toplane radiant
2454733,11,44,dire,%40MiSeRyDOTA,1,1680200,1682,0.00063708911634376,Pro,toplane radiant
2457333,11,47,dire,%40MiSeRyDOTA,1,1682800,1683,0.000637467885140635,Pro,toplane radiant
2457333,11,47,dire,%40MiSeRyDOTA,1,1682800,1684,0.00063784665393751,Pro,toplane radiant
2459133,13,48,dire,%40MiSeRyDOTA,1,1684600,1685,0.000638225422734385,Pro,toplane radiant
2460333,11,48,dire,%40MiSeRyDOTA,1,1685800,1686,0.00063860419153126,Pro,toplane radiant
2461533,12,46,dire,%40MiSeRyDOTA,1,1687000,1687,0.000638982960328135,Pro,toplane radiant
2462200,14,46,dire,%40MiSeRyDOTA,1,1687667,1688,0.00063936172912501,Pro,toplane radiant
2462200,14,46,dire,%40MiSeRyDOTA,1,1687667,1689,0.000639740497921885,Pro,toplane radiant
2462200,14,46,dire,%40MiSeRyDOTA,1,1687667,1690,0.00064011926671876,Pro,toplane radiant
2462200,14,46,dire,%40MiSeRyDOTA,1,1687667,1691,0.000640498035515635,Pro,toplane radiant
2462200,14,46,dire,%40MiSeRyDOTA,1,1687667,1692,0.00064087680431251,Pro,toplane radiant
2462200,14,46,dire,%40MiSeRyDOTA,1,1687667,1693,0.000641255573109385,Pro,toplane radiant
2462200,14,46,dire,%40MiSeRyDOTA,1,1687667,1694,0.00064163434190626,Pro,toplane radiant
2469466,12,44,dire,%40MiSeRyDOTA,1,1694933,1695,0.000642013110703135,Pro,toplane radiant
2469866,11,43,dire,%40MiSeRyDOTA,1,1695333,1696,0.00064239187950001,Pro,toplane radiant
2471466,9,43,dire,%40MiSeRyDOTA,1,1696933,1697,0.000642770648296885,Pro,toplane radiant
2472400,9,44,dire,%40MiSeRyDOTA,1,1697867,1698,0.00064314941709376,Pro,toplane radiant
2472800,10,45,dire,%40MiSeRyDOTA,1,1698267,1699,0.000643528185890635,Pro,toplane radiant
2472800,10,45,dire,%40MiSeRyDOTA,1,1698267,1700,0.00064390695468751,Pro,toplane radiant
2472800,10,45,dire,%40MiSeRyDOTA,1,1698267,1701,0.000644285723484385,Pro,toplane radiant
2472800,10,45,dire,%40MiSeRyDOTA,1,1698267,1702,0.00064466449228126,Pro,toplane radiant
2472800,10,45,dire,%40MiSeRyDOTA,1,1698267,1703,0.000645043261078135,Pro,toplane radiant
2478266,9,44,dire,%40MiSeRyDOTA,1,1703733,1704,0.00064542202987501,Pro,toplane radiant
2478666,9,43,dire,%40MiSeRyDOTA,1,1704133,1705,0.000645800798671885,Pro,toplane radiant
2478666,9,43,dire,%40MiSeRyDOTA,1,1704133,1706,0.00064617956746876,Pro,toplane radiant
2478666,9,43,dire,%40MiSeRyDOTA,1,1704133,1707,0.000646558336265635,Pro,toplane radiant
2482466,10,43,dire,%40MiSeRyDOTA,1,1707933,1708,0.00064693710506251,Pro,toplane radiant
2483466,8,42,dire,%40MiSeRyDOTA,1,1708933,1709,0.000647315873859385,Pro,void radiant
2483733,8,41,dire,%40MiSeRyDOTA,1,1709200,1710,0.00064769464265626,Pro,void radiant
2485466,8,42,dire,%40MiSeRyDOTA,1,1710933,1711,0.000648073411453135,Pro,void radiant
2486066,10,43,dire,%40MiSeRyDOTA,1,1711533,1712,0.00064845218025001,Pro,toplane radiant
2487400,8,42,dire,%40MiSeRyDOTA,1,1712867,1713,0.000648830949046885,Pro,void radiant
2487400,8,42,dire,%40MiSeRyDOTA,1,1712867,1714,0.00064920971784376,Pro,void radiant
2489533,10,45,dire,%40MiSeRyDOTA,1,1715000,1715,0.000649588486640635,Pro,toplane radiant
2489533,10,45,dire,%40MiSeRyDOTA,1,1715000,1716,0.00064996725543751,Pro,toplane radiant
2491466,10,44,dire,%40MiSeRyDOTA,1,1716933,1717,0.000650346024234385,Pro,toplane radiant
2492533,9,42,dire,%40MiSeRyDOTA,1,1718000,1718,0.00065072479303126,Pro,toplane radiant
2492800,8,42,dire,%40MiSeRyDOTA,1,1718267,1719,0.000651103561828135,Pro,void radiant
2494400,9,44,dire,%40MiSeRyDOTA,1,1719867,1720,0.00065148233062501,Pro,toplane radiant
2494866,10,45,dire,%40MiSeRyDOTA,1,1720333,1721,0.000651861099421885,Pro,toplane radiant
2494866,10,45,dire,%40MiSeRyDOTA,1,1720333,1722,0.00065223986821876,Pro,toplane radiant
2497466,12,47,dire,%40MiSeRyDOTA,1,1722933,1723,0.000652618637015635,Pro,toplane radiant
2497600,12,48,dire,%40MiSeRyDOTA,1,1723067,1724,0.00065299740581251,Pro,toplane radiant
2499466,15,49,dire,%40MiSeRyDOTA,1,1724933,1725,0.000653376174609385,Pro,toplane radiant
2500466,16,50,dire,%40MiSeRyDOTA,1,1725933,1726,0.00065375494340626,Pro,toplane radiant
2501533,17,53,dire,%40MiSeRyDOTA,1,1727000,1727,0.000654133712203135,Pro,toplane radiant
2502200,17,55,dire,%40MiSeRyDOTA,1,1727667,1728,0.00065451248100001,Pro,toplane radiant
2503266,18,58,dire,%40MiSeRyDOTA,1,1728733,1729,0.000654891249796885,Pro,toplane radiant
2504333,18,61,dire,%40MiSeRyDOTA,1,1729800,1730,0.00065527001859376,Pro,toplane radiant
2505333,20,63,dire,%40MiSeRyDOTA,1,1730800,1731,0.000655648787390635,Pro,jungle radiant
2506400,23,63,dire,%40MiSeRyDOTA,1,1731867,1732,0.00065602755618751,Pro,jungle radiant
2507400,26,63,dire,%40MiSeRyDOTA,1,1732867,1733,0.000656406324984385,Pro,jungle radiant
2508466,29,63,dire,%40MiSeRyDOTA,1,1733933,1734,0.00065678509378126,Pro,jungle radiant
2509466,30,65,dire,%40MiSeRyDOTA,1,1734933,1735,0.000657163862578135,Pro,jungle radiant
2510333,30,68,dire,%40MiSeRyDOTA,1,1735800,1736,0.00065754263137501,Pro,jungle radiant
2511400,31,68,dire,%40MiSeRyDOTA,1,1736867,1737,0.000657921400171885,Pro,jungle radiant
2512533,34,69,dire,%40MiSeRyDOTA,1,1738000,1738,0.00065830016896876,Pro,jungle radiant
2513400,36,70,dire,%40MiSeRyDOTA,1,1738867,1739,0.000658678937765635,Pro,jungle radiant
2514466,39,70,dire,%40MiSeRyDOTA,1,1739933,1740,0.00065905770656251,Pro,jungle radiant
2515533,41,71,dire,%40MiSeRyDOTA,1,1741000,1741,0.000659436475359385,Pro,jungle radiant
2516400,43,69,dire,%40MiSeRyDOTA,1,1741867,1742,0.00065981524415626,Pro,jungle radiant
2517333,45,67,dire,%40MiSeRyDOTA,1,1742800,1743,0.000660194012953135,Pro,jungle radiant
2518400,48,67,dire,%40MiSeRyDOTA,1,1743867,1744,0.00066057278175001,Pro,jungle radiant
2519466,51,67,dire,%40MiSeRyDOTA,1,1744933,1745,0.000660951550546885,Pro,river
2520400,53,65,dire,%40MiSeRyDOTA,1,1745867,1746,0.00066133031934376,Pro,river
2521466,55,63,dire,%40MiSeRyDOTA,1,1746933,1747,0.000661709088140635,Pro,river
2522533,57,61,dire,%40MiSeRyDOTA,1,1748000,1748,0.00066208785693751,Pro,midlane radiant
2523333,60,61,dire,%40MiSeRyDOTA,1,1748800,1749,0.000662466625734385,Pro,midlane dire
2524400,63,60,dire,%40MiSeRyDOTA,1,1749867,1750,0.00066284539453126,Pro,midlane dire
2525466,66,59,dire,%40MiSeRyDOTA,1,1750933,1751,0.000663224163328135,Pro,jungle dire
2526533,69,58,dire,%40MiSeRyDOTA,1,1752000,1752,0.00066360293212501,Pro,jungle dire
2527333,71,57,dire,%40MiSeRyDOTA,1,1752800,1753,0.000663981700921885,Pro,jungle dire
2528466,74,56,dire,%40MiSeRyDOTA,1,1753933,1754,0.00066436046971876,Pro,jungle dire
2529333,76,55,dire,%40MiSeRyDOTA,1,1754800,1755,0.000664739238515635,Pro,jungle dire
2529333,76,55,dire,%40MiSeRyDOTA,1,1754800,1756,0.00066511800731251,Pro,jungle dire
2531466,78,53,dire,%40MiSeRyDOTA,1,1756933,1757,0.000665496776109385,Pro,jungle dire
2532533,80,51,dire,%40MiSeRyDOTA,1,1758000,1758,0.00066587554490626,Pro,jungle dire
2533466,81,48,dire,%40MiSeRyDOTA,1,1758933,1759,0.000666254313703135,Pro,void dire
2534466,81,45,dire,%40MiSeRyDOTA,1,1759933,1760,0.00066663308250001,Pro,river
2534466,81,45,dire,%40MiSeRyDOTA,1,1759933,1761,0.000667011851296885,Pro,river
2536466,81,42,dire,%40MiSeRyDOTA,1,1761933,1762,0.00066739062009376,Pro,river
2537333,79,41,dire,%40MiSeRyDOTA,1,1762800,1763,0.000667769388890635,Pro,river
2538333,76,41,dire,%40MiSeRyDOTA,1,1763800,1764,0.00066814815768751,Pro,jungle radiant
2539400,73,40,dire,%40MiSeRyDOTA,1,1764867,1765,0.000668526926484385,Pro,jungle radiant
2540466,70,40,dire,%40MiSeRyDOTA,1,1765933,1766,0.00066890569528126,Pro,jungle radiant
2541533,70,37,dire,%40MiSeRyDOTA,1,1767000,1767,0.000669284464078135,Pro,jungle radiant
2542533,71,34,dire,%40MiSeRyDOTA,1,1768000,1768,0.00066966323287501,Pro,jungle radiant
2543266,71,32,dire,%40MiSeRyDOTA,1,1768733,1769,0.000670042001671885,Pro,jungle radiant
2544333,72,29,dire,%40MiSeRyDOTA,1,1769800,1770,0.00067042077046876,Pro,jungle radiant
2545466,74,27,dire,%40MiSeRyDOTA,1,1770933,1771,0.000670799539265635,Pro,jungle radiant
2546466,76,25,dire,%40MiSeRyDOTA,1,1771933,1772,0.000671178308062511,Pro,jungle radiant
2547333,78,23,dire,%40MiSeRyDOTA,1,1772800,1773,0.000671557076859386,Pro,jungle radiant
2548533,81,21,dire,%40MiSeRyDOTA,1,1774000,1774,0.000671935845656261,Pro,jungle radiant
2549400,83,20,dire,%40MiSeRyDOTA,1,1774867,1775,0.000672314614453136,Pro,jungle radiant
2550466,86,19,dire,%40MiSeRyDOTA,1,1775933,1776,0.000672693383250011,Pro,jungle radiant
2551200,88,18,dire,%40MiSeRyDOTA,1,1776667,1777,0.000673072152046886,Pro,jungle radiant
2552333,91,17,dire,%40MiSeRyDOTA,1,1777800,1778,0.000673450920843761,Pro,jungle radiant
2553466,93,15,dire,%40MiSeRyDOTA,1,1778933,1779,0.000673829689640636,Pro,void radiant
2554266,95,14,dire,%40MiSeRyDOTA,1,1779733,1780,0.000674208458437511,Pro,bottomlane radiant
2555333,98,14,dire,%40MiSeRyDOTA,1,1780800,1781,0.000674587227234386,Pro,bottomlane radiant
2556466,99,14,dire,%40MiSeRyDOTA,1,1781933,1782,0.000674965996031261,Pro,bottomlane radiant
2557200,97,14,dire,%40MiSeRyDOTA,1,1782667,1783,0.000675344764828136,Pro,bottomlane radiant
2557200,97,14,dire,%40MiSeRyDOTA,1,1782667,1784,0.000675723533625011,Pro,bottomlane radiant
2559466,97,12,dire,%40MiSeRyDOTA,1,1784933,1785,0.000676102302421886,Pro,bottomlane radiant
2560333,97,15,dire,%40MiSeRyDOTA,1,1785800,1786,0.000676481071218761,Pro,void radiant
2561266,96,17,dire,%40MiSeRyDOTA,1,1786733,1787,0.000676859840015636,Pro,jungle radiant
2562533,94,19,dire,%40MiSeRyDOTA,1,1788000,1788,0.000677238608812511,Pro,jungle radiant
2563533,91,19,dire,%40MiSeRyDOTA,1,1789000,1789,0.000677617377609386,Pro,jungle radiant
2564266,89,19,dire,%40MiSeRyDOTA,1,1789733,1790,0.000677996146406261,Pro,jungle radiant
2565333,86,19,dire,%40MiSeRyDOTA,1,1790800,1791,0.000678374915203136,Pro,jungle radiant
2566333,83,19,dire,%40MiSeRyDOTA,1,1791800,1792,0.000678753684000011,Pro,void radiant
2567400,80,19,dire,%40MiSeRyDOTA,1,1792867,1793,0.000679132452796886,Pro,void radiant
2568466,77,19,dire,%40MiSeRyDOTA,1,1793933,1794,0.000679511221593761,Pro,jungle radiant
2569466,75,21,dire,%40MiSeRyDOTA,1,1794933,1795,0.000679889990390636,Pro,jungle radiant
2570466,72,20,dire,%40MiSeRyDOTA,1,1795933,1796,0.000680268759187511,Pro,jungle radiant
2571533,69,19,dire,%40MiSeRyDOTA,1,1797000,1797,0.000680647527984386,Pro,jungle radiant
2572200,67,19,dire,%40MiSeRyDOTA,1,1797667,1798,0.000681026296781261,Pro,jungle radiant
2573333,64,18,dire,%40MiSeRyDOTA,1,1798800,1799,0.000681405065578136,Pro,jungle radiant
2573800,64,19,dire,%40MiSeRyDOTA,1,1799267,1800,0.000681783834375011,Pro,void radiant
2573800,64,19,dire,%40MiSeRyDOTA,1,1799267,1801,0.000682162603171886,Pro,void radiant
2573800,64,19,dire,%40MiSeRyDOTA,1,1799267,1802,0.000682541371968761,Pro,void radiant
2573800,64,19,dire,%40MiSeRyDOTA,1,1799267,1803,0.000682920140765636,Pro,void radiant
2573800,64,19,dire,%40MiSeRyDOTA,1,1799267,1804,0.000683298909562511,Pro,void radiant
2579400,64,17,dire,%40MiSeRyDOTA,1,1804867,1805,0.000683677678359386,Pro,jungle radiant
2580266,62,15,dire,%40MiSeRyDOTA,1,1805733,1806,0.000684056447156261,Pro,jungle radiant
2581333,60,13,dire,%40MiSeRyDOTA,1,1806800,1807,0.000684435215953136,Pro,void radiant
2582400,57,12,dire,%40MiSeRyDOTA,1,1807867,1808,0.000684813984750011,Pro,bottomlane radiant
2583466,54,12,dire,%40MiSeRyDOTA,1,1808933,1809,0.000685192753546886,Pro,bottomlane radiant
2584333,52,12,dire,%40MiSeRyDOTA,1,1809800,1810,0.000685571522343761,Pro,bottomlane radiant
2585466,49,12,dire,%40MiSeRyDOTA,1,1810933,1811,0.000685950291140636,Pro,bottomlane radiant
2586466,46,13,dire,%40MiSeRyDOTA,1,1811933,1812,0.000686329059937511,Pro,bottomlane radiant
2587533,43,13,dire,%40MiSeRyDOTA,1,1813000,1813,0.000686707828734386,Pro,bottomlane radiant
2588333,41,14,dire,%40MiSeRyDOTA,1,1813800,1814,0.000687086597531261,Pro,bottomlane radiant
2589533,44,14,dire,%40MiSeRyDOTA,1,1815000,1815,0.000687465366328136,Pro,bottomlane radiant
2590066,43,15,dire,%40MiSeRyDOTA,1,1815533,1816,0.000687844135125011,Pro,bottomlane radiant
2590066,43,15,dire,%40MiSeRyDOTA,1,1815533,1817,0.000688222903921886,Pro,bottomlane radiant
2590066,43,15,dire,%40MiSeRyDOTA,1,1815533,1818,0.000688601672718761,Pro,bottomlane radiant
2593466,44,15,dire,%40MiSeRyDOTA,1,1818933,1819,0.000688980441515636,Pro,bottomlane radiant
2594466,44,16,dire,%40MiSeRyDOTA,1,1819933,1820,0.000689359210312511,Pro,bottomlane radiant
2595466,43,16,dire,%40MiSeRyDOTA,1,1820933,1821,0.000689737979109386,Pro,bottomlane radiant
2596466,40,16,dire,%40MiSeRyDOTA,1,1821933,1822,0.000690116747906261,Pro,bottomlane radiant
2597400,40,17,dire,%40MiSeRyDOTA,1,1822867,1823,0.000690495516703136,Pro,void radiant
2598533,40,17,dire,%40MiSeRyDOTA,1,1824000,1824,0.000690874285500011,Pro,void radiant
2599533,42,18,dire,%40MiSeRyDOTA,1,1825000,1825,0.000691253054296886,Pro,jungle radiant
2600533,44,18,dire,%40MiSeRyDOTA,1,1826000,1826,0.000691631823093761,Pro,jungle radiant
2601533,45,17,dire,%40MiSeRyDOTA,1,1827000,1827,0.000692010591890636,Pro,jungle radiant
2602266,44,15,dire,%40MiSeRyDOTA,1,1827733,1828,0.000692389360687511,Pro,bottomlane radiant
2603333,41,16,dire,%40MiSeRyDOTA,1,1828800,1829,0.000692768129484386,Pro,bottomlane radiant
2604400,41,17,dire,%40MiSeRyDOTA,1,1829867,1830,0.000693146898281261,Pro,jungle radiant
2604400,41,17,dire,%40MiSeRyDOTA,1,1829867,1831,0.000693525667078136,Pro,jungle radiant
2604400,41,17,dire,%40MiSeRyDOTA,1,1829867,1832,0.000693904435875011,Pro,jungle radiant
2604400,41,17,dire,%40MiSeRyDOTA,1,1829867,1833,0.000694283204671886,Pro,jungle radiant
2604400,41,17,dire,%40MiSeRyDOTA,1,1829867,1834,0.000694661973468761,Pro,jungle radiant
2604400,41,17,dire,%40MiSeRyDOTA,1,1829867,1835,0.000695040742265636,Pro,jungle radiant
2610400,40,16,dire,%40MiSeRyDOTA,1,1835867,1836,0.000695419511062511,Pro,bottomlane radiant
2611333,38,14,dire,%40MiSeRyDOTA,1,1836800,1837,0.000695798279859386,Pro,bottomlane radiant
2612200,36,12,dire,%40MiSeRyDOTA,1,1837667,1838,0.000696177048656261,Pro,bottomlane radiant
2613400,34,10,dire,%40MiSeRyDOTA,1,1838867,1839,0.000696555817453136,Pro,base1 radiant
2614533,31,8,dire,%40MiSeRyDOTA,1,1840000,1840,0.000696934586250011,Pro,base1 radiant
2615466,28,8,dire,%40MiSeRyDOTA,1,1840933,1841,0.000697313355046886,Pro,base1 radiant
2616400,25,9,dire,%40MiSeRyDOTA,1,1841867,1842,0.000697692123843761,Pro,base1 radiant
2617466,22,9,dire,%40MiSeRyDOTA,1,1842933,1843,0.000698070892640636,Pro,base1 radiant
2618533,19,9,dire,%40MiSeRyDOTA,1,1844000,1844,0.000698449661437511,Pro,void radiant
2619533,16,9,dire,%40MiSeRyDOTA,1,1845000,1845,0.000698828430234386,Pro,void radiant
2620533,17,10,dire,%40MiSeRyDOTA,1,1846000,1846,0.000699207199031261,Pro,base1 radiant
2621466,17,9,dire,%40MiSeRyDOTA,1,1846933,1847,0.000699585967828136,Pro,void radiant
2622333,18,10,dire,%40MiSeRyDOTA,1,1847800,1848,0.000699964736625011,Pro,base1 radiant
2623333,21,10,dire,%40MiSeRyDOTA,1,1848800,1849,0.000700343505421886,Pro,base1 radiant
2624533,21,10,dire,%40MiSeRyDOTA,1,1850000,1850,0.000700722274218761,Pro,base1 radiant
2625466,20,9,dire,%40MiSeRyDOTA,1,1850933,1851,0.000701101043015636,Pro,void radiant
2626000,20,7,dire,%40MiSeRyDOTA,1,1851467,1852,0.000701479811812511,Pro,void radiant
2626000,20,7,dire,%40MiSeRyDOTA,1,1851467,1853,0.000701858580609386,Pro,void radiant
2626000,20,7,dire,%40MiSeRyDOTA,1,1851467,1854,0.000702237349406261,Pro,void radiant
2626000,20,7,dire,%40MiSeRyDOTA,1,1851467,1855,0.000702616118203136,Pro,void radiant
2626000,20,7,dire,%40MiSeRyDOTA,1,1851467,1856,0.000702994887000011,Pro,void radiant
2626000,20,7,dire,%40MiSeRyDOTA,1,1851467,1857,0.000703373655796886,Pro,void radiant
2626000,20,7,dire,%40MiSeRyDOTA,1,1851467,1858,0.000703752424593761,Pro,void radiant
2626000,20,7,dire,%40MiSeRyDOTA,1,1851467,1859,0.000704131193390636,Pro,void radiant
2626000,20,7,dire,%40MiSeRyDOTA,1,1851467,1860,0.000704509962187511,Pro,void radiant
2626000,20,7,dire,%40MiSeRyDOTA,1,1851467,1861,0.000704888730984386,Pro,void radiant
2626000,20,7,dire,%40MiSeRyDOTA,1,1851467,1862,0.000705267499781261,Pro,void radiant
2626000,20,7,dire,%40MiSeRyDOTA,1,1851467,1863,0.000705646268578136,Pro,void radiant
2626000,20,7,dire,%40MiSeRyDOTA,1,1851467,1864,0.000706025037375011,Pro,void radiant
2626000,20,7,dire,%40MiSeRyDOTA,1,1851467,1865,0.000706403806171886,Pro,void radiant
2640133,20,7,dire,%40MiSeRyDOTA,1,1865600,1866,0.000706782574968761,Pro,void radiant
777866,114,105,dire,%40MSSDota,1,3333,0,0,Pro,base2 dire
777866,114,105,dire,%40MSSDota,1,3333,1,3.78768796875006e-07,Pro,base2 dire
777866,114,105,dire,%40MSSDota,1,3333,2,7.57537593750012e-07,Pro,base2 dire
777866,114,105,dire,%40MSSDota,1,3333,3,1.13630639062502e-06,Pro,base2 dire
777866,114,105,dire,%40MSSDota,1,3333,4,1.51507518750002e-06,Pro,base2 dire
779533,114,104,dire,%40MSSDota,1,5000,5,1.89384398437503e-06,Pro,base2 dire
780533,114,102,dire,%40MSSDota,1,6000,6,2.27261278125004e-06,Pro,base2 dire
781066,113,101,dire,%40MSSDota,1,6533,7,2.65138157812504e-06,Pro,base2 dire
782133,112,99,dire,%40MSSDota,1,7600,8,3.03015037500005e-06,Pro,base2 dire
783133,111,97,dire,%40MSSDota,1,8600,9,3.40891917187505e-06,Pro,base2 dire
784533,111,94,dire,%40MSSDota,1,10000,10,3.78768796875006e-06,Pro,base2 dire
785466,111,92,dire,%40MSSDota,1,10933,11,4.16645676562507e-06,Pro,base2 dire
786333,112,90,dire,%40MSSDota,1,11800,12,4.54522556250007e-06,Pro,base2 dire
787266,112,88,dire,%40MSSDota,1,12733,13,4.92399435937508e-06,Pro,base2 dire
788200,112,86,dire,%40MSSDota,1,13667,14,5.30276315625008e-06,Pro,base2 dire
789466,111,84,dire,%40MSSDota,1,14933,15,5.68153195312509e-06,Pro,base2 dire
790133,111,82,dire,%40MSSDota,1,15600,16,6.06030075000009e-06,Pro,base2 dire
791533,110,79,dire,%40MSSDota,1,17000,17,6.4390695468751e-06,Pro,base2 dire
792466,110,77,dire,%40MSSDota,1,17933,18,6.81783834375011e-06,Pro,bottomlane dire
793466,108,76,dire,%40MSSDota,1,18933,19,7.19660714062511e-06,Pro,jungle dire
794133,107,77,dire,%40MSSDota,1,19600,20,7.57537593750012e-06,Pro,jungle dire
795533,104,77,dire,%40MSSDota,1,21000,21,7.95414473437513e-06,Pro,jungle dire
796533,102,78,dire,%40MSSDota,1,22000,22,8.33291353125013e-06,Pro,jungle dire
797466,100,78,dire,%40MSSDota,1,22933,23,8.71168232812514e-06,Pro,jungle dire
798466,98,79,dire,%40MSSDota,1,23933,24,9.09045112500014e-06,Pro,jungle dire
799400,97,81,dire,%40MSSDota,1,24867,25,9.46921992187515e-06,Pro,jungle dire
800333,95,82,dire,%40MSSDota,1,25800,26,9.84798871875015e-06,Pro,midlane dire
801200,94,84,dire,%40MSSDota,1,26667,27,1.02267575156252e-05,Pro,midlane dire
802533,94,85,dire,%40MSSDota,1,28000,28,1.06055263125002e-05,Pro,midlane dire
802666,93,85,dire,%40MSSDota,1,28133,29,1.09842951093752e-05,Pro,midlane dire
802666,93,85,dire,%40MSSDota,1,28133,30,1.13630639062502e-05,Pro,midlane dire
802666,93,85,dire,%40MSSDota,1,28133,31,1.17418327031252e-05,Pro,midlane dire
802666,93,85,dire,%40MSSDota,1,28133,32,1.21206015000002e-05,Pro,midlane dire
802666,93,85,dire,%40MSSDota,1,28133,33,1.24993702968752e-05,Pro,midlane dire
802666,93,85,dire,%40MSSDota,1,28133,34,1.28781390937502e-05,Pro,midlane dire
802666,93,85,dire,%40MSSDota,1,28133,35,1.32569078906252e-05,Pro,midlane dire
802666,93,85,dire,%40MSSDota,1,28133,36,1.36356766875002e-05,Pro,midlane dire
802666,93,85,dire,%40MSSDota,1,28133,37,1.40144454843752e-05,Pro,midlane dire
802666,93,85,dire,%40MSSDota,1,28133,38,1.43932142812502e-05,Pro,midlane dire
802666,93,85,dire,%40MSSDota,1,28133,39,1.47719830781252e-05,Pro,midlane dire
802666,93,85,dire,%40MSSDota,1,28133,40,1.51507518750002e-05,Pro,midlane dire
802666,93,85,dire,%40MSSDota,1,28133,41,1.55295206718752e-05,Pro,midlane dire
802666,93,85,dire,%40MSSDota,1,28133,42,1.59082894687503e-05,Pro,midlane dire
802666,93,85,dire,%40MSSDota,1,28133,43,1.62870582656253e-05,Pro,midlane dire
802666,93,85,dire,%40MSSDota,1,28133,44,1.66658270625003e-05,Pro,midlane dire
818933,94,85,dire,%40MSSDota,1,44400,45,1.70445958593753e-05,Pro,midlane dire
818933,94,85,dire,%40MSSDota,1,44400,46,1.74233646562503e-05,Pro,midlane dire
818933,94,85,dire,%40MSSDota,1,44400,47,1.78021334531253e-05,Pro,midlane dire
818933,94,85,dire,%40MSSDota,1,44400,48,1.81809022500003e-05,Pro,midlane dire
818933,94,85,dire,%40MSSDota,1,44400,49,1.85596710468753e-05,Pro,midlane dire
818933,94,85,dire,%40MSSDota,1,44400,50,1.89384398437503e-05,Pro,midlane dire
818933,94,85,dire,%40MSSDota,1,44400,51,1.93172086406253e-05,Pro,midlane dire
818933,94,85,dire,%40MSSDota,1,44400,52,1.96959774375003e-05,Pro,midlane dire
818933,94,85,dire,%40MSSDota,1,44400,53,2.00747462343753e-05,Pro,midlane dire
818933,94,85,dire,%40MSSDota,1,44400,54,2.04535150312503e-05,Pro,midlane dire
818933,94,85,dire,%40MSSDota,1,44400,55,2.08322838281253e-05,Pro,midlane dire
818933,94,85,dire,%40MSSDota,1,44400,56,2.12110526250003e-05,Pro,midlane dire
818933,94,85,dire,%40MSSDota,1,44400,57,2.15898214218753e-05,Pro,midlane dire
818933,94,85,dire,%40MSSDota,1,44400,58,2.19685902187503e-05,Pro,midlane dire
818933,94,85,dire,%40MSSDota,1,44400,59,2.23473590156253e-05,Pro,midlane dire
818933,94,85,dire,%40MSSDota,1,44400,60,2.27261278125004e-05,Pro,midlane dire
818933,94,85,dire,%40MSSDota,1,44400,61,2.31048966093754e-05,Pro,midlane dire
818933,94,85,dire,%40MSSDota,1,44400,62,2.34836654062504e-05,Pro,midlane dire
818933,94,85,dire,%40MSSDota,1,44400,63,2.38624342031254e-05,Pro,midlane dire
818933,94,85,dire,%40MSSDota,1,44400,64,2.42412030000004e-05,Pro,midlane dire
818933,94,85,dire,%40MSSDota,1,44400,65,2.46199717968754e-05,Pro,midlane dire
840066,94,85,dire,%40MSSDota,1,65533,66,2.49987405937504e-05,Pro,midlane dire
840066,94,85,dire,%40MSSDota,1,65533,67,2.53775093906254e-05,Pro,midlane dire
840066,94,85,dire,%40MSSDota,1,65533,68,2.57562781875004e-05,Pro,midlane dire
840066,94,85,dire,%40MSSDota,1,65533,69,2.61350469843754e-05,Pro,midlane dire
840066,94,85,dire,%40MSSDota,1,65533,70,2.65138157812504e-05,Pro,midlane dire
845200,93,86,dire,%40MSSDota,1,70667,71,2.68925845781254e-05,Pro,midlane dire
846400,94,85,dire,%40MSSDota,1,71867,72,2.72713533750004e-05,Pro,midlane dire
846733,94,86,dire,%40MSSDota,1,72200,73,2.76501221718754e-05,Pro,midlane dire
846733,94,86,dire,%40MSSDota,1,72200,74,2.80288909687504e-05,Pro,midlane dire
846733,94,86,dire,%40MSSDota,1,72200,75,2.84076597656254e-05,Pro,midlane dire
846733,94,86,dire,%40MSSDota,1,72200,76,2.87864285625005e-05,Pro,midlane dire
846733,94,86,dire,%40MSSDota,1,72200,77,2.91651973593755e-05,Pro,midlane dire
846733,94,86,dire,%40MSSDota,1,72200,78,2.95439661562505e-05,Pro,midlane dire
846733,94,86,dire,%40MSSDota,1,72200,79,2.99227349531255e-05,Pro,midlane dire
854266,92,85,dire,%40MSSDota,1,79733,80,3.03015037500005e-05,Pro,midlane dire
855400,91,83,dire,%40MSSDota,1,80867,81,3.06802725468755e-05,Pro,midlane dire
856133,90,82,dire,%40MSSDota,1,81600,82,3.10590413437505e-05,Pro,midlane dire
857266,89,81,dire,%40MSSDota,1,82733,83,3.14378101406255e-05,Pro,midlane dire
858533,87,79,dire,%40MSSDota,1,84000,84,3.18165789375005e-05,Pro,midlane dire
859466,86,78,dire,%40MSSDota,1,84933,85,3.21953477343755e-05,Pro,midlane dire
860333,85,77,dire,%40MSSDota,1,85800,86,3.25741165312505e-05,Pro,midlane dire
861200,84,75,dire,%40MSSDota,1,86667,87,3.29528853281255e-05,Pro,midlane dire
862200,83,74,dire,%40MSSDota,1,87667,88,3.33316541250005e-05,Pro,midlane dire
863533,81,73,dire,%40MSSDota,1,89000,89,3.37104229218755e-05,Pro,midlane dire
864466,80,72,dire,%40MSSDota,1,89933,90,3.40891917187505e-05,Pro,midlane dire
865200,79,71,dire,%40MSSDota,1,90667,91,3.44679605156255e-05,Pro,midlane dire
866200,77,70,dire,%40MSSDota,1,91667,92,3.48467293125005e-05,Pro,midlane dire
867133,76,69,dire,%40MSSDota,1,92600,93,3.52254981093756e-05,Pro,midlane dire
868400,74,68,dire,%40MSSDota,1,93867,94,3.56042669062506e-05,Pro,midlane dire
869333,73,66,dire,%40MSSDota,1,94800,95,3.59830357031256e-05,Pro,midlane dire
870333,71,66,dire,%40MSSDota,1,95800,96,3.63618045000006e-05,Pro,midlane dire
871400,70,64,dire,%40MSSDota,1,96867,97,3.67405732968756e-05,Pro,midlane dire
872400,69,63,dire,%40MSSDota,1,97867,98,3.71193420937506e-05,Pro,midlane dire
873333,67,63,dire,%40MSSDota,1,98800,99,3.74981108906256e-05,Pro,midlane dire
874533,65,63,dire,%40MSSDota,1,1e+05,100,3.78768796875006e-05,Pro,midlane dire
875533,67,63,dire,%40MSSDota,1,101000,101,3.82556484843756e-05,Pro,midlane dire
876266,67,63,dire,%40MSSDota,1,101733,102,3.86344172812506e-05,Pro,midlane dire
876800,66,63,dire,%40MSSDota,1,102267,103,3.90131860781256e-05,Pro,midlane dire
878133,64,63,dire,%40MSSDota,1,103600,104,3.93919548750006e-05,Pro,midlane dire
879533,65,63,dire,%40MSSDota,1,105000,105,3.97707236718756e-05,Pro,midlane dire
880533,67,63,dire,%40MSSDota,1,106000,106,4.01494924687506e-05,Pro,midlane dire
881333,67,62,dire,%40MSSDota,1,106800,107,4.05282612656256e-05,Pro,midlane dire
882466,66,61,dire,%40MSSDota,1,107933,108,4.09070300625006e-05,Pro,midlane dire
883233,65,60,dire,%40MSSDota,1,108700,109,4.12857988593756e-05,Pro,midlane dire
884433,66,60,dire,%40MSSDota,1,109900,110,4.16645676562507e-05,Pro,midlane dire
885233,65,60,dire,%40MSSDota,1,110700,111,4.20433364531257e-05,Pro,midlane dire
885233,65,60,dire,%40MSSDota,1,110700,112,4.24221052500007e-05,Pro,midlane dire
887166,65,59,dire,%40MSSDota,1,112633,113,4.28008740468757e-05,Pro,void dire
887700,64,59,dire,%40MSSDota,1,113167,114,4.31796428437507e-05,Pro,midlane dire
889233,64,59,dire,%40MSSDota,1,114700,115,4.35584116406257e-05,Pro,midlane dire
890166,65,60,dire,%40MSSDota,1,115633,116,4.39371804375007e-05,Pro,midlane dire
891233,63,61,dire,%40MSSDota,1,116700,117,4.43159492343757e-05,Pro,midlane dire
892433,62,59,dire,%40MSSDota,1,117900,118,4.46947180312507e-05,Pro,midlane dire
892433,62,59,dire,%40MSSDota,1,117900,119,4.50734868281257e-05,Pro,midlane dire
894166,64,60,dire,%40MSSDota,1,119633,120,4.54522556250007e-05,Pro,midlane dire
895300,64,59,dire,%40MSSDota,1,120767,121,4.58310244218757e-05,Pro,midlane dire
896033,63,58,dire,%40MSSDota,1,121500,122,4.62097932187507e-05,Pro,void dire
897033,64,59,dire,%40MSSDota,1,122500,123,4.65885620156257e-05,Pro,midlane dire
898366,63,60,dire,%40MSSDota,1,123833,124,4.69673308125007e-05,Pro,midlane dire
898366,63,60,dire,%40MSSDota,1,123833,125,4.73460996093757e-05,Pro,midlane dire
900166,62,59,dire,%40MSSDota,1,125633,126,4.77248684062507e-05,Pro,midlane dire
901433,63,59,dire,%40MSSDota,1,126900,127,4.81036372031258e-05,Pro,midlane dire
902100,63,60,dire,%40MSSDota,1,127567,128,4.84824060000008e-05,Pro,midlane dire
903366,63,59,dire,%40MSSDota,1,128833,129,4.88611747968758e-05,Pro,midlane dire
903966,62,58,dire,%40MSSDota,1,129433,130,4.92399435937508e-05,Pro,midlane dire
905433,64,59,dire,%40MSSDota,1,130900,131,4.96187123906258e-05,Pro,midlane dire
906433,63,59,dire,%40MSSDota,1,131900,132,4.99974811875008e-05,Pro,midlane dire
907233,62,58,dire,%40MSSDota,1,132700,133,5.03762499843758e-05,Pro,midlane dire
908166,61,59,dire,%40MSSDota,1,133633,134,5.07550187812508e-05,Pro,midlane dire
909366,63,60,dire,%40MSSDota,1,134833,135,5.11337875781258e-05,Pro,midlane dire
909766,62,59,dire,%40MSSDota,1,135233,136,5.15125563750008e-05,Pro,midlane dire
911500,62,60,dire,%40MSSDota,1,136967,137,5.18913251718758e-05,Pro,midlane dire
911500,62,60,dire,%40MSSDota,1,136967,138,5.22700939687508e-05,Pro,midlane dire
913233,61,58,dire,%40MSSDota,1,138700,139,5.26488627656258e-05,Pro,midlane radiant
914233,60,59,dire,%40MSSDota,1,139700,140,5.30276315625008e-05,Pro,midlane radiant
914700,60,58,dire,%40MSSDota,1,140167,141,5.34064003593758e-05,Pro,midlane radiant
915966,59,58,dire,%40MSSDota,1,141433,142,5.37851691562508e-05,Pro,midlane radiant
917366,58,59,dire,%40MSSDota,1,142833,143,5.41639379531258e-05,Pro,midlane radiant
917766,58,58,dire,%40MSSDota,1,143233,144,5.45427067500008e-05,Pro,midlane radiant
919366,57,56,dire,%40MSSDota,1,144833,145,5.49214755468759e-05,Pro,midlane radiant
919633,56,56,dire,%40MSSDota,1,145100,146,5.53002443437509e-05,Pro,midlane radiant
921100,55,56,dire,%40MSSDota,1,146567,147,5.56790131406259e-05,Pro,midlane radiant
922300,54,56,dire,%40MSSDota,1,147767,148,5.60577819375009e-05,Pro,midlane radiant
923433,52,54,dire,%40MSSDota,1,148900,149,5.64365507343759e-05,Pro,midlane radiant
924500,51,55,dire,%40MSSDota,1,149967,150,5.68153195312509e-05,Pro,midlane radiant
925100,53,55,dire,%40MSSDota,1,150567,151,5.71940883281259e-05,Pro,midlane radiant
926500,56,55,dire,%40MSSDota,1,151967,152,5.75728571250009e-05,Pro,midlane radiant
926500,56,55,dire,%40MSSDota,1,151967,153,5.79516259218759e-05,Pro,midlane radiant
928166,57,56,dire,%40MSSDota,1,153633,154,5.83303947187509e-05,Pro,midlane radiant
929500,58,58,dire,%40MSSDota,1,154967,155,5.87091635156259e-05,Pro,midlane radiant
930433,60,58,dire,%40MSSDota,1,155900,156,5.90879323125009e-05,Pro,midlane radiant
931500,58,57,dire,%40MSSDota,1,156967,157,5.94667011093759e-05,Pro,midlane radiant
931833,58,56,dire,%40MSSDota,1,157300,158,5.98454699062509e-05,Pro,midlane radiant
933100,56,56,dire,%40MSSDota,1,158567,159,6.02242387031259e-05,Pro,midlane radiant
934366,55,56,dire,%40MSSDota,1,159833,160,6.06030075000009e-05,Pro,midlane radiant
935366,55,56,dire,%40MSSDota,1,160833,161,6.0981776296876e-05,Pro,midlane radiant
935700,55,56,dire,%40MSSDota,1,161167,162,6.1360545093751e-05,Pro,midlane radiant
937500,55,55,dire,%40MSSDota,1,162967,163,6.1739313890626e-05,Pro,midlane radiant
937966,55,54,dire,%40MSSDota,1,163433,164,6.2118082687501e-05,Pro,midlane radiant
938633,56,55,dire,%40MSSDota,1,164100,165,6.2496851484376e-05,Pro,midlane radiant
940300,58,55,dire,%40MSSDota,1,165767,166,6.2875620281251e-05,Pro,midlane radiant
941433,58,54,dire,%40MSSDota,1,166900,167,6.3254389078126e-05,Pro,midlane radiant
942233,58,56,dire,%40MSSDota,1,167700,168,6.3633157875001e-05,Pro,midlane radiant
943366,56,57,dire,%40MSSDota,1,168833,169,6.4011926671876e-05,Pro,midlane radiant
944233,55,56,dire,%40MSSDota,1,169700,170,6.4390695468751e-05,Pro,midlane radiant
945166,56,57,dire,%40MSSDota,1,170633,171,6.4769464265626e-05,Pro,midlane radiant
946166,58,57,dire,%40MSSDota,1,171633,172,6.5148233062501e-05,Pro,midlane radiant
947100,60,57,dire,%40MSSDota,1,172567,173,6.5527001859376e-05,Pro,midlane radiant
948033,61,57,dire,%40MSSDota,1,173500,174,6.5905770656251e-05,Pro,midlane radiant
949366,63,59,dire,%40MSSDota,1,174833,175,6.6284539453126e-05,Pro,midlane dire
950366,63,59,dire,%40MSSDota,1,175833,176,6.6663308250001e-05,Pro,midlane dire
950366,63,59,dire,%40MSSDota,1,175833,177,6.70420770468761e-05,Pro,midlane dire
950366,63,59,dire,%40MSSDota,1,175833,178,6.74208458437511e-05,Pro,midlane dire
953233,63,60,dire,%40MSSDota,1,178700,179,6.77996146406261e-05,Pro,midlane dire
954366,65,61,dire,%40MSSDota,1,179833,180,6.81783834375011e-05,Pro,midlane dire
955366,67,62,dire,%40MSSDota,1,180833,181,6.85571522343761e-05,Pro,midlane dire
956366,69,63,dire,%40MSSDota,1,181833,182,6.89359210312511e-05,Pro,midlane dire
956366,69,63,dire,%40MSSDota,1,181833,183,6.93146898281261e-05,Pro,midlane dire
958433,71,63,dire,%40MSSDota,1,183900,184,6.96934586250011e-05,Pro,midlane dire
958433,71,63,dire,%40MSSDota,1,183900,185,7.00722274218761e-05,Pro,midlane dire
960100,71,64,dire,%40MSSDota,1,185567,186,7.04509962187511e-05,Pro,midlane dire
960100,71,64,dire,%40MSSDota,1,185567,187,7.08297650156261e-05,Pro,midlane dire
961566,70,63,dire,%40MSSDota,1,187033,188,7.12085338125011e-05,Pro,midlane dire
962766,69,63,dire,%40MSSDota,1,188233,189,7.15873026093761e-05,Pro,midlane dire
963833,68,63,dire,%40MSSDota,1,189300,190,7.19660714062511e-05,Pro,midlane dire
965433,69,64,dire,%40MSSDota,1,190900,191,7.23448402031261e-05,Pro,midlane dire
966100,70,65,dire,%40MSSDota,1,191567,192,7.27236090000011e-05,Pro,midlane dire
967300,69,63,dire,%40MSSDota,1,192767,193,7.31023777968761e-05,Pro,midlane dire
968166,68,61,dire,%40MSSDota,1,193633,194,7.34811465937511e-05,Pro,midlane dire
969433,67,61,dire,%40MSSDota,1,194900,195,7.38599153906262e-05,Pro,midlane dire
970233,66,63,dire,%40MSSDota,1,195700,196,7.42386841875012e-05,Pro,midlane dire
971100,67,64,dire,%40MSSDota,1,196567,197,7.46174529843762e-05,Pro,midlane dire
972300,67,63,dire,%40MSSDota,1,197767,198,7.49962217812512e-05,Pro,midlane dire
973233,66,61,dire,%40MSSDota,1,198700,199,7.53749905781262e-05,Pro,midlane dire
974300,66,60,dire,%40MSSDota,1,199767,200,7.57537593750012e-05,Pro,midlane dire
975033,67,61,dire,%40MSSDota,1,200500,201,7.61325281718762e-05,Pro,midlane dire
976500,67,60,dire,%40MSSDota,1,201967,202,7.65112969687512e-05,Pro,midlane dire
976500,67,60,dire,%40MSSDota,1,201967,203,7.68900657656262e-05,Pro,midlane dire
978166,65,59,dire,%40MSSDota,1,203633,204,7.72688345625012e-05,Pro,void dire
979100,66,60,dire,%40MSSDota,1,204567,205,7.76476033593762e-05,Pro,midlane dire
980233,67,61,dire,%40MSSDota,1,205700,206,7.80263721562512e-05,Pro,midlane dire
981433,68,62,dire,%40MSSDota,1,206900,207,7.84051409531262e-05,Pro,midlane dire
982366,66,62,dire,%40MSSDota,1,207833,208,7.87839097500012e-05,Pro,midlane dire
983366,64,63,dire,%40MSSDota,1,208833,209,7.91626785468762e-05,Pro,midlane dire
983766,63,63,dire,%40MSSDota,1,209233,210,7.95414473437512e-05,Pro,midlane dire
985233,64,63,dire,%40MSSDota,1,210700,211,7.99202161406263e-05,Pro,midlane dire
986433,65,63,dire,%40MSSDota,1,211900,212,8.02989849375013e-05,Pro,midlane dire
986833,66,63,dire,%40MSSDota,1,212300,213,8.06777537343763e-05,Pro,midlane dire
988366,65,62,dire,%40MSSDota,1,213833,214,8.10565225312513e-05,Pro,midlane dire
989433,64,62,dire,%40MSSDota,1,214900,215,8.14352913281263e-05,Pro,midlane dire
990166,63,61,dire,%40MSSDota,1,215633,216,8.18140601250013e-05,Pro,midlane dire
991433,63,64,dire,%40MSSDota,1,216900,217,8.21928289218763e-05,Pro,midlane dire
992233,63,63,dire,%40MSSDota,1,217700,218,8.25715977187513e-05,Pro,midlane dire
992766,62,62,dire,%40MSSDota,1,218233,219,8.29503665156263e-05,Pro,midlane dire
992766,62,62,dire,%40MSSDota,1,218233,220,8.33291353125013e-05,Pro,midlane dire
992766,62,62,dire,%40MSSDota,1,218233,221,8.37079041093763e-05,Pro,midlane dire
995900,62,61,dire,%40MSSDota,1,221367,222,8.40866729062513e-05,Pro,midlane dire
997300,62,59,dire,%40MSSDota,1,222767,223,8.44654417031263e-05,Pro,midlane dire
998100,61,60,dire,%40MSSDota,1,223567,224,8.48442105000013e-05,Pro,midlane dire
998700,60,61,dire,%40MSSDota,1,224167,225,8.52229792968763e-05,Pro,midlane dire
999700,61,60,dire,%40MSSDota,1,225167,226,8.56017480937513e-05,Pro,midlane dire
1001200,61,62,dire,%40MSSDota,1,226667,227,8.59805168906263e-05,Pro,midlane dire
1002533,63,62,dire,%40MSSDota,1,228000,228,8.63592856875013e-05,Pro,midlane dire
1002600,63,61,dire,%40MSSDota,1,228067,229,8.67380544843764e-05,Pro,midlane dire
1004400,65,59,dire,%40MSSDota,1,229867,230,8.71168232812514e-05,Pro,void dire
1005066,63,59,dire,%40MSSDota,1,230533,231,8.74955920781264e-05,Pro,midlane dire
1006533,66,59,dire,%40MSSDota,1,232000,232,8.78743608750014e-05,Pro,jungle dire
1007400,65,60,dire,%40MSSDota,1,232867,233,8.82531296718764e-05,Pro,midlane dire
1008266,64,61,dire,%40MSSDota,1,233733,234,8.86318984687514e-05,Pro,midlane dire
1009266,64,62,dire,%40MSSDota,1,234733,235,8.90106672656264e-05,Pro,midlane dire
1010066,66,62,dire,%40MSSDota,1,235533,236,8.93894360625014e-05,Pro,midlane dire
1011533,68,61,dire,%40MSSDota,1,237000,237,8.97682048593764e-05,Pro,midlane dire
1011666,67,61,dire,%40MSSDota,1,237133,238,9.01469736562514e-05,Pro,midlane dire
1012933,66,62,dire,%40MSSDota,1,238400,239,9.05257424531264e-05,Pro,midlane dire
1014466,64,62,dire,%40MSSDota,1,239933,240,9.09045112500014e-05,Pro,midlane dire
1015400,64,61,dire,%40MSSDota,1,240867,241,9.12832800468764e-05,Pro,midlane dire
1016400,63,59,dire,%40MSSDota,1,241867,242,9.16620488437514e-05,Pro,midlane dire
1016800,62,59,dire,%40MSSDota,1,242267,243,9.20408176406264e-05,Pro,midlane dire
1018200,61,59,dire,%40MSSDota,1,243667,244,9.24195864375014e-05,Pro,midlane dire
1019466,62,58,dire,%40MSSDota,1,244933,245,9.27983552343764e-05,Pro,midlane dire
1020466,61,59,dire,%40MSSDota,1,245933,246,9.31771240312515e-05,Pro,midlane dire
1020733,60,59,dire,%40MSSDota,1,246200,247,9.35558928281265e-05,Pro,midlane radiant
1022066,59,59,dire,%40MSSDota,1,247533,248,9.39346616250015e-05,Pro,midlane radiant
1023533,62,60,dire,%40MSSDota,1,249000,249,9.43134304218765e-05,Pro,midlane dire
1024333,63,60,dire,%40MSSDota,1,249800,250,9.46921992187515e-05,Pro,midlane dire
1025066,62,59,dire,%40MSSDota,1,250533,251,9.50709680156265e-05,Pro,midlane dire
1026466,62,60,dire,%40MSSDota,1,251933,252,9.54497368125015e-05,Pro,midlane dire
1026733,62,61,dire,%40MSSDota,1,252200,253,9.58285056093765e-05,Pro,midlane dire
1028333,63,60,dire,%40MSSDota,1,253800,254,9.62072744062515e-05,Pro,midlane dire
1028333,63,60,dire,%40MSSDota,1,253800,255,9.65860432031265e-05,Pro,midlane dire
1030266,64,59,dire,%40MSSDota,1,255733,256,9.69648120000015e-05,Pro,midlane dire
1031466,64,59,dire,%40MSSDota,1,256933,257,9.73435807968765e-05,Pro,midlane dire
1032466,63,58,dire,%40MSSDota,1,257933,258,9.77223495937515e-05,Pro,void dire
1033400,63,59,dire,%40MSSDota,1,258867,259,9.81011183906265e-05,Pro,midlane dire
1034000,63,58,dire,%40MSSDota,1,259467,260,9.84798871875015e-05,Pro,void dire
1035333,62,59,dire,%40MSSDota,1,260800,261,9.88586559843765e-05,Pro,midlane dire
1036266,63,59,dire,%40MSSDota,1,261733,262,9.92374247812516e-05,Pro,midlane dire
1036600,63,58,dire,%40MSSDota,1,262067,263,9.96161935781266e-05,Pro,void dire
1038400,64,59,dire,%40MSSDota,1,263867,264,9.99949623750016e-05,Pro,midlane dire
1039200,63,58,dire,%40MSSDota,1,264667,265,0.000100373731171877,Pro,void dire
1039200,63,58,dire,%40MSSDota,1,264667,266,0.000100752499968752,Pro,void dire
1041266,64,59,dire,%40MSSDota,1,266733,267,0.000101131268765627,Pro,midlane dire
1041800,63,59,dire,%40MSSDota,1,267267,268,0.000101510037562502,Pro,midlane dire
1043133,61,59,dire,%40MSSDota,1,268600,269,0.000101888806359377,Pro,midlane dire
1044266,62,60,dire,%40MSSDota,1,269733,270,0.000102267575156252,Pro,midlane dire
1045266,62,60,dire,%40MSSDota,1,270733,271,0.000102646343953127,Pro,midlane dire
1046533,62,60,dire,%40MSSDota,1,272000,272,0.000103025112750002,Pro,midlane dire
1047333,60,61,dire,%40MSSDota,1,272800,273,0.000103403881546877,Pro,midlane dire
1048266,60,60,dire,%40MSSDota,1,273733,274,0.000103782650343752,Pro,midlane dire
1049466,60,58,dire,%40MSSDota,1,274933,275,0.000104161419140627,Pro,midlane radiant
1050466,60,56,dire,%40MSSDota,1,275933,276,0.000104540187937502,Pro,midlane radiant
1050466,60,56,dire,%40MSSDota,1,275933,277,0.000104918956734377,Pro,midlane radiant
1050466,60,56,dire,%40MSSDota,1,275933,278,0.000105297725531252,Pro,midlane radiant
1053466,60,57,dire,%40MSSDota,1,278933,279,0.000105676494328127,Pro,midlane radiant
1054466,62,59,dire,%40MSSDota,1,279933,280,0.000106055263125002,Pro,midlane dire
1055133,62,59,dire,%40MSSDota,1,280600,281,0.000106434031921877,Pro,midlane dire
1056466,63,59,dire,%40MSSDota,1,281933,282,0.000106812800718752,Pro,midlane dire
1057400,62,59,dire,%40MSSDota,1,282867,283,0.000107191569515627,Pro,midlane dire
1058266,60,58,dire,%40MSSDota,1,283733,284,0.000107570338312502,Pro,midlane radiant
1059466,61,60,dire,%40MSSDota,1,284933,285,0.000107949107109377,Pro,midlane dire
1060466,59,60,dire,%40MSSDota,1,285933,286,0.000108327875906252,Pro,midlane radiant
1060600,59,59,dire,%40MSSDota,1,286067,287,0.000108706644703127,Pro,midlane radiant
1062200,60,60,dire,%40MSSDota,1,287667,288,0.000109085413500002,Pro,midlane dire
1063533,63,61,dire,%40MSSDota,1,289000,289,0.000109464182296877,Pro,midlane dire
1064466,64,59,dire,%40MSSDota,1,289933,290,0.000109842951093752,Pro,midlane dire
1064466,64,59,dire,%40MSSDota,1,289933,291,0.000110221719890627,Pro,midlane dire
1066533,63,60,dire,%40MSSDota,1,292000,292,0.000110600488687502,Pro,midlane dire
1066933,62,60,dire,%40MSSDota,1,292400,293,0.000110979257484377,Pro,midlane dire
1068400,63,59,dire,%40MSSDota,1,293867,294,0.000111358026281252,Pro,midlane dire
1068800,62,58,dire,%40MSSDota,1,294267,295,0.000111736795078127,Pro,midlane dire
1070533,63,58,dire,%40MSSDota,1,296000,296,0.000112115563875002,Pro,void dire
1071266,63,60,dire,%40MSSDota,1,296733,297,0.000112494332671877,Pro,midlane dire
1072333,63,59,dire,%40MSSDota,1,297800,298,0.000112873101468752,Pro,midlane dire
1072333,63,59,dire,%40MSSDota,1,297800,299,0.000113251870265627,Pro,midlane dire
1074533,62,61,dire,%40MSSDota,1,3e+05,300,0.000113630639062502,Pro,midlane dire
1075533,63,60,dire,%40MSSDota,1,301000,301,0.000114009407859377,Pro,midlane dire
1075666,63,61,dire,%40MSSDota,1,301133,302,0.000114388176656252,Pro,midlane dire
1077266,64,62,dire,%40MSSDota,1,302733,303,0.000114766945453127,Pro,midlane dire
1078533,65,65,dire,%40MSSDota,1,304000,304,0.000115145714250002,Pro,midlane dire
1079533,65,64,dire,%40MSSDota,1,305000,305,0.000115524483046877,Pro,midlane dire
1080200,63,63,dire,%40MSSDota,1,305667,306,0.000115903251843752,Pro,midlane dire
1081266,62,61,dire,%40MSSDota,1,306733,307,0.000116282020640627,Pro,midlane dire
1081666,62,60,dire,%40MSSDota,1,307133,308,0.000116660789437502,Pro,midlane dire
1083266,64,61,dire,%40MSSDota,1,308733,309,0.000117039558234377,Pro,midlane dire
1084400,65,62,dire,%40MSSDota,1,309867,310,0.000117418327031252,Pro,midlane dire
1084800,66,62,dire,%40MSSDota,1,310267,311,0.000117797095828127,Pro,midlane dire
1086466,65,61,dire,%40MSSDota,1,311933,312,0.000118175864625002,Pro,midlane dire
1086866,64,61,dire,%40MSSDota,1,312333,313,0.000118554633421877,Pro,midlane dire
1088400,63,63,dire,%40MSSDota,1,313867,314,0.000118933402218752,Pro,midlane dire
1088733,64,63,dire,%40MSSDota,1,314200,315,0.000119312171015627,Pro,midlane dire
1090533,65,61,dire,%40MSSDota,1,316000,316,0.000119690939812502,Pro,midlane dire
1091266,64,60,dire,%40MSSDota,1,316733,317,0.000120069708609377,Pro,midlane dire
1092266,63,59,dire,%40MSSDota,1,317733,318,0.000120448477406252,Pro,midlane dire
1092266,63,59,dire,%40MSSDota,1,317733,319,0.000120827246203127,Pro,midlane dire
1094200,65,59,dire,%40MSSDota,1,319667,320,0.000121206015000002,Pro,void dire
1095533,66,60,dire,%40MSSDota,1,321000,321,0.000121584783796877,Pro,midlane dire
1096400,66,61,dire,%40MSSDota,1,321867,322,0.000121963552593752,Pro,midlane dire
1097333,66,63,dire,%40MSSDota,1,322800,323,0.000122342321390627,Pro,midlane dire
1098333,66,63,dire,%40MSSDota,1,323800,324,0.000122721090187502,Pro,midlane dire
1098666,66,62,dire,%40MSSDota,1,324133,325,0.000123099858984377,Pro,midlane dire
1100266,66,61,dire,%40MSSDota,1,325733,326,0.000123478627781252,Pro,midlane dire
1101466,67,59,dire,%40MSSDota,1,326933,327,0.000123857396578127,Pro,jungle dire
1102533,66,61,dire,%40MSSDota,1,328000,328,0.000124236165375002,Pro,midlane dire
1103533,67,62,dire,%40MSSDota,1,329000,329,0.000124614934171877,Pro,midlane dire
1104200,67,61,dire,%40MSSDota,1,329667,330,0.000124993702968752,Pro,midlane dire
1105533,66,60,dire,%40MSSDota,1,331000,331,0.000125372471765627,Pro,midlane dire
1105733,65,60,dire,%40MSSDota,1,331200,332,0.000125751240562502,Pro,midlane dire
1107400,64,62,dire,%40MSSDota,1,332867,333,0.000126130009359377,Pro,midlane dire
1108133,65,63,dire,%40MSSDota,1,333600,334,0.000126508778156252,Pro,midlane dire
1109066,65,63,dire,%40MSSDota,1,334533,335,0.000126887546953127,Pro,midlane dire
1110266,64,61,dire,%40MSSDota,1,335733,336,0.000127266315750002,Pro,midlane dire
1111266,65,61,dire,%40MSSDota,1,336733,337,0.000127645084546877,Pro,midlane dire
1111666,64,60,dire,%40MSSDota,1,337133,338,0.000128023853343752,Pro,midlane dire
1113400,64,62,dire,%40MSSDota,1,338867,339,0.000128402622140627,Pro,midlane dire
1114400,64,61,dire,%40MSSDota,1,339867,340,0.000128781390937502,Pro,midlane dire
1115333,64,60,dire,%40MSSDota,1,340800,341,0.000129160159734377,Pro,midlane dire
1115333,64,60,dire,%40MSSDota,1,340800,342,0.000129538928531252,Pro,midlane dire
1115333,64,60,dire,%40MSSDota,1,340800,343,0.000129917697328127,Pro,midlane dire
1117866,63,59,dire,%40MSSDota,1,343333,344,0.000130296466125002,Pro,midlane dire
1119200,63,59,dire,%40MSSDota,1,344667,345,0.000130675234921877,Pro,midlane dire
1119200,63,59,dire,%40MSSDota,1,344667,346,0.000131054003718752,Pro,midlane dire
1121133,64,61,dire,%40MSSDota,1,346600,347,0.000131432772515627,Pro,midlane dire
1122466,62,62,dire,%40MSSDota,1,347933,348,0.000131811541312502,Pro,midlane dire
1123333,62,62,dire,%40MSSDota,1,348800,349,0.000132190310109377,Pro,midlane dire
1124533,59,61,dire,%40MSSDota,1,350000,350,0.000132569078906252,Pro,midlane dire
1125400,58,60,dire,%40MSSDota,1,350867,351,0.000132947847703127,Pro,midlane radiant
1126400,56,58,dire,%40MSSDota,1,351867,352,0.000133326616500002,Pro,midlane radiant
1127400,55,56,dire,%40MSSDota,1,352867,353,0.000133705385296877,Pro,midlane radiant
1128533,56,55,dire,%40MSSDota,1,354000,354,0.000134084154093752,Pro,midlane radiant
1128800,56,54,dire,%40MSSDota,1,354267,355,0.000134462922890627,Pro,midlane radiant
1129800,55,54,dire,%40MSSDota,1,355267,356,0.000134841691687502,Pro,midlane radiant
1131400,55,55,dire,%40MSSDota,1,356867,357,0.000135220460484377,Pro,midlane radiant
1132400,55,55,dire,%40MSSDota,1,357867,358,0.000135599229281252,Pro,midlane radiant
1133466,57,57,dire,%40MSSDota,1,358933,359,0.000135977998078127,Pro,midlane radiant
1134400,57,58,dire,%40MSSDota,1,359867,360,0.000136356766875002,Pro,midlane radiant
1135533,60,59,dire,%40MSSDota,1,361000,361,0.000136735535671877,Pro,midlane radiant
1136400,62,60,dire,%40MSSDota,1,361867,362,0.000137114304468752,Pro,midlane dire
1137200,64,61,dire,%40MSSDota,1,362667,363,0.000137493073265627,Pro,midlane dire
1138533,65,62,dire,%40MSSDota,1,364000,364,0.000137871842062502,Pro,midlane dire
1139200,67,63,dire,%40MSSDota,1,364667,365,0.000138250610859377,Pro,midlane dire
1140200,67,64,dire,%40MSSDota,1,365667,366,0.000138629379656252,Pro,midlane dire
1141533,64,63,dire,%40MSSDota,1,367000,367,0.000139008148453127,Pro,midlane dire
1141533,64,63,dire,%40MSSDota,1,367000,368,0.000139386917250002,Pro,midlane dire
1143000,65,62,dire,%40MSSDota,1,368467,369,0.000139765686046877,Pro,midlane dire
1144066,66,61,dire,%40MSSDota,1,369533,370,0.000140144454843752,Pro,midlane dire
1145466,65,62,dire,%40MSSDota,1,370933,371,0.000140523223640627,Pro,midlane dire
1145466,65,62,dire,%40MSSDota,1,370933,372,0.000140901992437502,Pro,midlane dire
1146800,64,61,dire,%40MSSDota,1,372267,373,0.000141280761234377,Pro,midlane dire
1146800,64,61,dire,%40MSSDota,1,372267,374,0.000141659530031252,Pro,midlane dire
1148666,64,60,dire,%40MSSDota,1,374133,375,0.000142038298828127,Pro,midlane dire
1150200,64,61,dire,%40MSSDota,1,375667,376,0.000142417067625002,Pro,midlane dire
1151533,65,59,dire,%40MSSDota,1,377000,377,0.000142795836421877,Pro,void dire
1151533,65,59,dire,%40MSSDota,1,377000,378,0.000143174605218752,Pro,void dire
1152600,65,60,dire,%40MSSDota,1,378067,379,0.000143553374015627,Pro,midlane dire
1154533,66,61,dire,%40MSSDota,1,380000,380,0.000143932142812502,Pro,midlane dire
1154533,66,61,dire,%40MSSDota,1,380000,381,0.000144310911609377,Pro,midlane dire
1156533,65,61,dire,%40MSSDota,1,382000,382,0.000144689680406252,Pro,midlane dire
1157333,65,60,dire,%40MSSDota,1,382800,383,0.000145068449203127,Pro,midlane dire
1158333,65,61,dire,%40MSSDota,1,383800,384,0.000145447218000002,Pro,midlane dire
1159000,65,60,dire,%40MSSDota,1,384467,385,0.000145825986796877,Pro,midlane dire
1160200,66,60,dire,%40MSSDota,1,385667,386,0.000146204755593752,Pro,midlane dire
1161200,64,59,dire,%40MSSDota,1,386667,387,0.000146583524390627,Pro,midlane dire
1162333,66,60,dire,%40MSSDota,1,387800,388,0.000146962293187502,Pro,midlane dire
1162800,66,61,dire,%40MSSDota,1,388267,389,0.000147341061984377,Pro,midlane dire
1163866,67,61,dire,%40MSSDota,1,389333,390,0.000147719830781252,Pro,midlane dire
1165533,67,60,dire,%40MSSDota,1,391000,391,0.000148098599578127,Pro,midlane dire
1166533,68,60,dire,%40MSSDota,1,392000,392,0.000148477368375002,Pro,midlane dire
1167266,69,62,dire,%40MSSDota,1,392733,393,0.000148856137171877,Pro,midlane dire
1168533,69,60,dire,%40MSSDota,1,394000,394,0.000149234905968752,Pro,jungle dire
1169400,68,58,dire,%40MSSDota,1,394867,395,0.000149613674765627,Pro,jungle dire
1169400,68,58,dire,%40MSSDota,1,394867,396,0.000149992443562502,Pro,jungle dire
1169400,68,58,dire,%40MSSDota,1,394867,397,0.000150371212359377,Pro,jungle dire
1169400,68,58,dire,%40MSSDota,1,394867,398,0.000150749981156252,Pro,jungle dire
1173200,67,59,dire,%40MSSDota,1,398667,399,0.000151128749953127,Pro,jungle dire
1174266,65,60,dire,%40MSSDota,1,399733,400,0.000151507518750002,Pro,midlane dire
1174800,64,60,dire,%40MSSDota,1,400267,401,0.000151886287546877,Pro,midlane dire
1175866,65,60,dire,%40MSSDota,1,401333,402,0.000152265056343752,Pro,midlane dire
1177533,62,61,dire,%40MSSDota,1,403000,403,0.000152643825140627,Pro,midlane dire
1178400,64,60,dire,%40MSSDota,1,403867,404,0.000153022593937502,Pro,midlane dire
1178866,63,59,dire,%40MSSDota,1,404333,405,0.000153401362734377,Pro,midlane dire
1180066,64,60,dire,%40MSSDota,1,405533,406,0.000153780131531252,Pro,midlane dire
1180866,63,60,dire,%40MSSDota,1,406333,407,0.000154158900328127,Pro,midlane dire
1182533,63,59,dire,%40MSSDota,1,408000,408,0.000154537669125002,Pro,midlane dire
1183133,62,60,dire,%40MSSDota,1,408600,409,0.000154916437921877,Pro,midlane dire
1184466,63,60,dire,%40MSSDota,1,409933,410,0.000155295206718752,Pro,midlane dire
1185533,65,61,dire,%40MSSDota,1,411000,411,0.000155673975515627,Pro,midlane dire
1186133,67,61,dire,%40MSSDota,1,411600,412,0.000156052744312502,Pro,midlane dire
1187466,64,61,dire,%40MSSDota,1,412933,413,0.000156431513109377,Pro,midlane dire
1188200,62,61,dire,%40MSSDota,1,413667,414,0.000156810281906252,Pro,midlane dire
1189466,59,60,dire,%40MSSDota,1,414933,415,0.000157189050703127,Pro,midlane radiant
1190400,57,58,dire,%40MSSDota,1,415867,416,0.000157567819500002,Pro,midlane radiant
1191466,55,56,dire,%40MSSDota,1,416933,417,0.000157946588296877,Pro,midlane radiant
1192333,54,54,dire,%40MSSDota,1,417800,418,0.000158325357093752,Pro,midlane radiant
1193400,55,53,dire,%40MSSDota,1,418867,419,0.000158704125890627,Pro,midlane radiant
1194133,56,52,dire,%40MSSDota,1,419600,420,0.000159082894687502,Pro,midlane radiant
1195466,56,53,dire,%40MSSDota,1,420933,421,0.000159461663484378,Pro,midlane radiant
1196533,58,55,dire,%40MSSDota,1,422000,422,0.000159840432281253,Pro,midlane radiant
1197133,59,56,dire,%40MSSDota,1,422600,423,0.000160219201078128,Pro,midlane radiant
1198200,61,58,dire,%40MSSDota,1,423667,424,0.000160597969875003,Pro,midlane radiant
1199333,63,60,dire,%40MSSDota,1,424800,425,0.000160976738671878,Pro,midlane dire
1200266,62,60,dire,%40MSSDota,1,425733,426,0.000161355507468753,Pro,midlane dire
1201333,61,59,dire,%40MSSDota,1,426800,427,0.000161734276265628,Pro,midlane dire
1202333,60,58,dire,%40MSSDota,1,427800,428,0.000162113045062503,Pro,midlane radiant
1203400,60,60,dire,%40MSSDota,1,428867,429,0.000162491813859378,Pro,midlane dire
1204466,62,61,dire,%40MSSDota,1,429933,430,0.000162870582656253,Pro,midlane dire
1205266,64,61,dire,%40MSSDota,1,430733,431,0.000163249351453128,Pro,midlane dire
1206533,65,60,dire,%40MSSDota,1,432000,432,0.000163628120250003,Pro,midlane dire
1207333,67,60,dire,%40MSSDota,1,432800,433,0.000164006889046878,Pro,midlane dire
1208400,68,62,dire,%40MSSDota,1,433867,434,0.000164385657843753,Pro,midlane dire
1209533,68,65,dire,%40MSSDota,1,435000,435,0.000164764426640628,Pro,midlane dire
1210333,67,65,dire,%40MSSDota,1,435800,436,0.000165143195437503,Pro,midlane dire
1211533,65,67,dire,%40MSSDota,1,437000,437,0.000165521964234378,Pro,midlane dire
1212400,64,69,dire,%40MSSDota,1,437867,438,0.000165900733031253,Pro,midlane dire
1213200,63,71,dire,%40MSSDota,1,438667,439,0.000166279501828128,Pro,midlane dire
1214466,64,74,dire,%40MSSDota,1,439933,440,0.000166658270625003,Pro,jungle dire
1215400,65,76,dire,%40MSSDota,1,440867,441,0.000167037039421878,Pro,jungle dire
1216466,66,78,dire,%40MSSDota,1,441933,442,0.000167415808218753,Pro,jungle dire
1217333,66,79,dire,%40MSSDota,1,442800,443,0.000167794577015628,Pro,jungle dire
1218466,67,81,dire,%40MSSDota,1,443933,444,0.000168173345812503,Pro,jungle dire
1219400,67,84,dire,%40MSSDota,1,444867,445,0.000168552114609378,Pro,jungle dire
1219866,68,85,dire,%40MSSDota,1,445333,446,0.000168930883406253,Pro,jungle dire
1221466,69,87,dire,%40MSSDota,1,446933,447,0.000169309652203128,Pro,jungle dire
1221466,69,87,dire,%40MSSDota,1,446933,448,0.000169688421000003,Pro,jungle dire
1223466,70,88,dire,%40MSSDota,1,448933,449,0.000170067189796878,Pro,jungle dire
1223466,70,88,dire,%40MSSDota,1,448933,450,0.000170445958593753,Pro,jungle dire
1223466,70,88,dire,%40MSSDota,1,448933,451,0.000170824727390628,Pro,jungle dire
1226066,71,88,dire,%40MSSDota,1,451533,452,0.000171203496187503,Pro,jungle dire
1227466,72,87,dire,%40MSSDota,1,452933,453,0.000171582264984378,Pro,jungle dire
1227466,72,87,dire,%40MSSDota,1,452933,454,0.000171961033781253,Pro,jungle dire
1228666,71,86,dire,%40MSSDota,1,454133,455,0.000172339802578128,Pro,jungle dire
1229733,71,85,dire,%40MSSDota,1,455200,456,0.000172718571375003,Pro,jungle dire
1230800,70,85,dire,%40MSSDota,1,456267,457,0.000173097340171878,Pro,jungle dire
1230800,70,85,dire,%40MSSDota,1,456267,458,0.000173476108968753,Pro,jungle dire
1230800,70,85,dire,%40MSSDota,1,456267,459,0.000173854877765628,Pro,jungle dire
1230800,70,85,dire,%40MSSDota,1,456267,460,0.000174233646562503,Pro,jungle dire
1230800,70,85,dire,%40MSSDota,1,456267,461,0.000174612415359378,Pro,jungle dire
1236200,69,84,dire,%40MSSDota,1,461667,462,0.000174991184156253,Pro,jungle dire
1236733,70,84,dire,%40MSSDota,1,462200,463,0.000175369952953128,Pro,jungle dire
1237733,69,84,dire,%40MSSDota,1,463200,464,0.000175748721750003,Pro,jungle dire
1239066,68,83,dire,%40MSSDota,1,464533,465,0.000176127490546878,Pro,jungle dire
1239066,68,83,dire,%40MSSDota,1,464533,466,0.000176506259343753,Pro,jungle dire
1239066,68,83,dire,%40MSSDota,1,464533,467,0.000176885028140628,Pro,jungle dire
1242400,66,82,dire,%40MSSDota,1,467867,468,0.000177263796937503,Pro,jungle dire
1243133,65,80,dire,%40MSSDota,1,468600,469,0.000177642565734378,Pro,jungle dire
1244533,63,78,dire,%40MSSDota,1,470000,470,0.000178021334531253,Pro,jungle dire
1245133,62,77,dire,%40MSSDota,1,470600,471,0.000178400103328128,Pro,jungle dire
1246333,62,74,dire,%40MSSDota,1,471800,472,0.000178778872125003,Pro,jungle dire
1247533,63,71,dire,%40MSSDota,1,473000,473,0.000179157640921878,Pro,midlane dire
1248400,64,69,dire,%40MSSDota,1,473867,474,0.000179536409718753,Pro,midlane dire
1249533,66,67,dire,%40MSSDota,1,475000,475,0.000179915178515628,Pro,midlane dire
1250266,67,65,dire,%40MSSDota,1,475733,476,0.000180293947312503,Pro,midlane dire
1251200,68,65,dire,%40MSSDota,1,476667,477,0.000180672716109378,Pro,midlane dire
1252533,70,65,dire,%40MSSDota,1,478000,478,0.000181051484906253,Pro,midlane dire
1253333,72,66,dire,%40MSSDota,1,478800,479,0.000181430253703128,Pro,midlane dire
1253866,72,65,dire,%40MSSDota,1,479333,480,0.000181809022500003,Pro,midlane dire
1255333,73,64,dire,%40MSSDota,1,480800,481,0.000182187791296878,Pro,midlane dire
1255733,74,64,dire,%40MSSDota,1,481200,482,0.000182566560093753,Pro,midlane dire
1257266,73,65,dire,%40MSSDota,1,482733,483,0.000182945328890628,Pro,midlane dire
1258333,73,66,dire,%40MSSDota,1,483800,484,0.000183324097687503,Pro,midlane dire
1259533,71,65,dire,%40MSSDota,1,485000,485,0.000183702866484378,Pro,midlane dire
1260533,69,64,dire,%40MSSDota,1,486000,486,0.000184081635281253,Pro,midlane dire
1260533,69,64,dire,%40MSSDota,1,486000,487,0.000184460404078128,Pro,midlane dire
1262400,71,65,dire,%40MSSDota,1,487867,488,0.000184839172875003,Pro,midlane dire
1263066,72,66,dire,%40MSSDota,1,488533,489,0.000185217941671878,Pro,midlane dire
1264466,73,69,dire,%40MSSDota,1,489933,490,0.000185596710468753,Pro,midlane dire
1265266,74,71,dire,%40MSSDota,1,490733,491,0.000185975479265628,Pro,midlane dire
1266533,74,74,dire,%40MSSDota,1,492000,492,0.000186354248062503,Pro,midlane dire
1267133,73,75,dire,%40MSSDota,1,492600,493,0.000186733016859378,Pro,midlane dire
1268466,70,76,dire,%40MSSDota,1,493933,494,0.000187111785656253,Pro,midlane dire
1269200,70,78,dire,%40MSSDota,1,494667,495,0.000187490554453128,Pro,midlane dire
1270066,70,80,dire,%40MSSDota,1,495533,496,0.000187869323250003,Pro,void dire
1271466,67,81,dire,%40MSSDota,1,496933,497,0.000188248092046878,Pro,jungle dire
1272400,65,80,dire,%40MSSDota,1,497867,498,0.000188626860843753,Pro,jungle dire
1272666,64,80,dire,%40MSSDota,1,498133,499,0.000189005629640628,Pro,jungle dire
1274133,65,81,dire,%40MSSDota,1,499600,500,0.000189384398437503,Pro,jungle dire
1275400,67,83,dire,%40MSSDota,1,500867,501,0.000189763167234378,Pro,jungle dire
1275400,67,83,dire,%40MSSDota,1,500867,502,0.000190141936031253,Pro,jungle dire
1275400,67,83,dire,%40MSSDota,1,500867,503,0.000190520704828128,Pro,jungle dire
1278400,69,84,dire,%40MSSDota,1,503867,504,0.000190899473625003,Pro,jungle dire
1279466,70,86,dire,%40MSSDota,1,504933,505,0.000191278242421878,Pro,jungle dire
1280266,70,88,dire,%40MSSDota,1,505733,506,0.000191657011218753,Pro,jungle dire
1280666,70,89,dire,%40MSSDota,1,506133,507,0.000192035780015628,Pro,jungle dire
1282200,71,90,dire,%40MSSDota,1,507667,508,0.000192414548812503,Pro,jungle dire
1283533,72,91,dire,%40MSSDota,1,509000,509,0.000192793317609378,Pro,jungle dire
1284533,70,93,dire,%40MSSDota,1,510000,510,0.000193172086406253,Pro,jungle dire
1285400,69,95,dire,%40MSSDota,1,510867,511,0.000193550855203128,Pro,jungle dire
1286266,69,97,dire,%40MSSDota,1,511733,512,0.000193929624000003,Pro,jungle dire
1287133,70,99,dire,%40MSSDota,1,512600,513,0.000194308392796878,Pro,void dire
1288400,72,101,dire,%40MSSDota,1,513867,514,0.000194687161593753,Pro,toplane dire
1289466,75,102,dire,%40MSSDota,1,514933,515,0.000195065930390628,Pro,toplane dire
1290333,77,102,dire,%40MSSDota,1,515800,516,0.000195444699187503,Pro,toplane dire
1291466,80,102,dire,%40MSSDota,1,516933,517,0.000195823467984378,Pro,toplane dire
1292266,82,103,dire,%40MSSDota,1,517733,518,0.000196202236781253,Pro,toplane dire
1293466,85,102,dire,%40MSSDota,1,518933,519,0.000196581005578128,Pro,toplane dire
1294200,87,103,dire,%40MSSDota,1,519667,520,0.000196959774375003,Pro,base2 dire
1295400,90,103,dire,%40MSSDota,1,520867,521,0.000197338543171878,Pro,base2 dire
1296333,92,104,dire,%40MSSDota,1,521800,522,0.000197717311968753,Pro,base2 dire
1297400,95,104,dire,%40MSSDota,1,522867,523,0.000198096080765628,Pro,base2 dire
1298533,98,104,dire,%40MSSDota,1,524000,524,0.000198474849562503,Pro,base2 dire
1299333,100,104,dire,%40MSSDota,1,524800,525,0.000198853618359378,Pro,base2 dire
1300533,103,105,dire,%40MSSDota,1,526000,526,0.000199232387156253,Pro,base2 dire
1301333,105,105,dire,%40MSSDota,1,526800,527,0.000199611155953128,Pro,base2 dire
1302533,108,106,dire,%40MSSDota,1,528000,528,0.000199989924750003,Pro,base2 dire
1303466,110,107,dire,%40MSSDota,1,528933,529,0.000200368693546878,Pro,base2 dire
1304533,113,107,dire,%40MSSDota,1,530000,530,0.000200747462343753,Pro,base2 dire
1305333,115,107,dire,%40MSSDota,1,530800,531,0.000201126231140628,Pro,base2 dire
1306466,118,108,dire,%40MSSDota,1,531933,532,0.000201504999937503,Pro,base2 dire
1306466,118,108,dire,%40MSSDota,1,531933,533,0.000201883768734378,Pro,base2 dire
1306466,118,108,dire,%40MSSDota,1,531933,534,0.000202262537531253,Pro,base2 dire
1306466,118,108,dire,%40MSSDota,1,531933,535,0.000202641306328128,Pro,base2 dire
1310466,118,108,dire,%40MSSDota,1,535933,536,0.000203020075125003,Pro,base2 dire
1310800,117,108,dire,%40MSSDota,1,536267,537,0.000203398843921878,Pro,base2 dire
1310800,117,108,dire,%40MSSDota,1,536267,538,0.000203777612718753,Pro,base2 dire
1310800,117,108,dire,%40MSSDota,1,536267,539,0.000204156381515628,Pro,base2 dire
1310800,117,108,dire,%40MSSDota,1,536267,540,0.000204535150312503,Pro,base2 dire
1310800,117,108,dire,%40MSSDota,1,536267,541,0.000204913919109378,Pro,base2 dire
1310800,117,108,dire,%40MSSDota,1,536267,542,0.000205292687906253,Pro,base2 dire
1310800,117,108,dire,%40MSSDota,1,536267,543,0.000205671456703128,Pro,base2 dire
1310800,117,108,dire,%40MSSDota,1,536267,544,0.000206050225500003,Pro,base2 dire
1310800,117,108,dire,%40MSSDota,1,536267,545,0.000206428994296878,Pro,base2 dire
1320133,117,108,dire,%40MSSDota,1,545600,546,0.000206807763093753,Pro,base2 dire
1320133,117,108,dire,%40MSSDota,1,545600,547,0.000207186531890628,Pro,base2 dire
1320133,117,108,dire,%40MSSDota,1,545600,548,0.000207565300687503,Pro,base2 dire
1320133,117,108,dire,%40MSSDota,1,545600,549,0.000207944069484378,Pro,base2 dire
1320133,117,108,dire,%40MSSDota,1,545600,550,0.000208322838281253,Pro,base2 dire
1325466,75,63,dire,%40MSSDota,1,550933,551,0.000208701607078128,Pro,midlane dire
1326466,76,65,dire,%40MSSDota,1,551933,552,0.000209080375875003,Pro,midlane dire
1327400,75,65,dire,%40MSSDota,1,552867,553,0.000209459144671878,Pro,midlane dire
1328533,74,64,dire,%40MSSDota,1,554000,554,0.000209837913468753,Pro,midlane dire
1329533,73,63,dire,%40MSSDota,1,555000,555,0.000210216682265628,Pro,midlane dire
1330333,71,63,dire,%40MSSDota,1,555800,556,0.000210595451062503,Pro,midlane dire
1331333,69,62,dire,%40MSSDota,1,556800,557,0.000210974219859378,Pro,midlane dire
1332533,66,61,dire,%40MSSDota,1,558000,558,0.000211352988656253,Pro,midlane dire
1333400,66,61,dire,%40MSSDota,1,558867,559,0.000211731757453128,Pro,midlane dire
1334066,65,61,dire,%40MSSDota,1,559533,560,0.000212110526250003,Pro,midlane dire
1335533,65,59,dire,%40MSSDota,1,561000,561,0.000212489295046878,Pro,void dire
1336133,64,59,dire,%40MSSDota,1,561600,562,0.000212868063843753,Pro,midlane dire
1337266,63,60,dire,%40MSSDota,1,562733,563,0.000213246832640628,Pro,midlane dire
1338400,64,59,dire,%40MSSDota,1,563867,564,0.000213625601437503,Pro,midlane dire
1339200,62,59,dire,%40MSSDota,1,564667,565,0.000214004370234378,Pro,midlane dire
1340400,62,60,dire,%40MSSDota,1,565867,566,0.000214383139031253,Pro,midlane dire
1341200,63,62,dire,%40MSSDota,1,566667,567,0.000214761907828128,Pro,midlane dire
1342333,64,64,dire,%40MSSDota,1,567800,568,0.000215140676625003,Pro,midlane dire
1342733,64,65,dire,%40MSSDota,1,568200,569,0.000215519445421878,Pro,midlane dire
1342733,64,65,dire,%40MSSDota,1,568200,570,0.000215898214218753,Pro,midlane dire
1342733,64,65,dire,%40MSSDota,1,568200,571,0.000216276983015628,Pro,midlane dire
1342733,64,65,dire,%40MSSDota,1,568200,572,0.000216655751812503,Pro,midlane dire
1347400,64,64,dire,%40MSSDota,1,572867,573,0.000217034520609378,Pro,midlane dire
1348266,63,62,dire,%40MSSDota,1,573733,574,0.000217413289406253,Pro,midlane dire
1348666,63,61,dire,%40MSSDota,1,574133,575,0.000217792058203128,Pro,midlane dire
1348666,63,61,dire,%40MSSDota,1,574133,576,0.000218170827000003,Pro,midlane dire
1348666,63,61,dire,%40MSSDota,1,574133,577,0.000218549595796878,Pro,midlane dire
1348666,63,61,dire,%40MSSDota,1,574133,578,0.000218928364593753,Pro,midlane dire
1348666,63,61,dire,%40MSSDota,1,574133,579,0.000219307133390628,Pro,midlane dire
1348666,63,61,dire,%40MSSDota,1,574133,580,0.000219685902187503,Pro,midlane dire
1348666,63,61,dire,%40MSSDota,1,574133,581,0.000220064670984378,Pro,midlane dire
1348666,63,61,dire,%40MSSDota,1,574133,582,0.000220443439781253,Pro,midlane dire
1348666,63,61,dire,%40MSSDota,1,574133,583,0.000220822208578128,Pro,midlane dire
1358466,62,60,dire,%40MSSDota,1,583933,584,0.000221200977375003,Pro,midlane dire
1359333,60,60,dire,%40MSSDota,1,584800,585,0.000221579746171878,Pro,midlane dire
1360533,60,58,dire,%40MSSDota,1,586000,586,0.000221958514968753,Pro,midlane radiant
1361400,58,56,dire,%40MSSDota,1,586867,587,0.000222337283765628,Pro,midlane radiant
1361933,57,55,dire,%40MSSDota,1,587400,588,0.000222716052562503,Pro,midlane radiant
1363400,57,57,dire,%40MSSDota,1,588867,589,0.000223094821359378,Pro,midlane radiant
1364266,57,57,dire,%40MSSDota,1,589733,590,0.000223473590156254,Pro,midlane radiant
1364266,57,57,dire,%40MSSDota,1,589733,591,0.000223852358953129,Pro,midlane radiant
1365933,58,58,dire,%40MSSDota,1,591400,592,0.000224231127750004,Pro,midlane radiant
1367200,59,58,dire,%40MSSDota,1,592667,593,0.000224609896546879,Pro,midlane radiant
1368200,59,56,dire,%40MSSDota,1,593667,594,0.000224988665343754,Pro,midlane radiant
1369466,60,58,dire,%40MSSDota,1,594933,595,0.000225367434140629,Pro,midlane radiant
1370466,59,59,dire,%40MSSDota,1,595933,596,0.000225746202937504,Pro,midlane radiant
1370933,60,58,dire,%40MSSDota,1,596400,597,0.000226124971734379,Pro,midlane radiant
1372333,61,59,dire,%40MSSDota,1,597800,598,0.000226503740531254,Pro,midlane dire
1373400,63,60,dire,%40MSSDota,1,598867,599,0.000226882509328129,Pro,midlane dire
1374466,65,62,dire,%40MSSDota,1,599933,600,0.000227261278125004,Pro,midlane dire
1375533,64,62,dire,%40MSSDota,1,601000,601,0.000227640046921879,Pro,midlane dire
1376466,66,63,dire,%40MSSDota,1,601933,602,0.000228018815718754,Pro,midlane dire
1377266,68,63,dire,%40MSSDota,1,602733,603,0.000228397584515629,Pro,midlane dire
1378066,68,63,dire,%40MSSDota,1,603533,604,0.000228776353312504,Pro,midlane dire
1379200,66,63,dire,%40MSSDota,1,604667,605,0.000229155122109379,Pro,midlane dire
1380133,66,63,dire,%40MSSDota,1,605600,606,0.000229533890906254,Pro,midlane dire
1381533,67,61,dire,%40MSSDota,1,607000,607,0.000229912659703129,Pro,midlane dire
1382533,68,61,dire,%40MSSDota,1,608000,608,0.000230291428500004,Pro,midlane dire
1383533,67,61,dire,%40MSSDota,1,609000,609,0.000230670197296879,Pro,midlane dire
1384266,66,60,dire,%40MSSDota,1,609733,610,0.000231048966093754,Pro,midlane dire
1384800,67,59,dire,%40MSSDota,1,610267,611,0.000231427734890629,Pro,jungle dire
1386400,65,61,dire,%40MSSDota,1,611867,612,0.000231806503687504,Pro,midlane dire
1387066,64,60,dire,%40MSSDota,1,612533,613,0.000232185272484379,Pro,midlane dire
1387066,64,60,dire,%40MSSDota,1,612533,614,0.000232564041281254,Pro,midlane dire
1388933,64,61,dire,%40MSSDota,1,614400,615,0.000232942810078129,Pro,midlane dire
1388933,64,61,dire,%40MSSDota,1,614400,616,0.000233321578875004,Pro,midlane dire
1388933,64,61,dire,%40MSSDota,1,614400,617,0.000233700347671879,Pro,midlane dire
1388933,64,61,dire,%40MSSDota,1,614400,618,0.000234079116468754,Pro,midlane dire
1393400,65,60,dire,%40MSSDota,1,618867,619,0.000234457885265629,Pro,midlane dire
1394000,64,60,dire,%40MSSDota,1,619467,620,0.000234836654062504,Pro,midlane dire
1395200,66,60,dire,%40MSSDota,1,620667,621,0.000235215422859379,Pro,midlane dire
1396400,67,60,dire,%40MSSDota,1,621867,622,0.000235594191656254,Pro,midlane dire
1397200,65,61,dire,%40MSSDota,1,622667,623,0.000235972960453129,Pro,midlane dire
1397200,65,61,dire,%40MSSDota,1,622667,624,0.000236351729250004,Pro,midlane dire
1399200,67,62,dire,%40MSSDota,1,624667,625,0.000236730498046879,Pro,midlane dire
1400466,69,64,dire,%40MSSDota,1,625933,626,0.000237109266843754,Pro,midlane dire
1401466,71,65,dire,%40MSSDota,1,626933,627,0.000237488035640629,Pro,midlane dire
1402333,73,66,dire,%40MSSDota,1,627800,628,0.000237866804437504,Pro,midlane dire
1402800,74,67,dire,%40MSSDota,1,628267,629,0.000238245573234379,Pro,midlane dire
1403866,75,68,dire,%40MSSDota,1,629333,630,0.000238624342031254,Pro,midlane dire
1405533,73,66,dire,%40MSSDota,1,631000,631,0.000239003110828129,Pro,midlane dire
1406200,72,66,dire,%40MSSDota,1,631667,632,0.000239381879625004,Pro,midlane dire
1407266,70,65,dire,%40MSSDota,1,632733,633,0.000239760648421879,Pro,midlane dire
1408400,69,64,dire,%40MSSDota,1,633867,634,0.000240139417218754,Pro,midlane dire
1409400,67,62,dire,%40MSSDota,1,634867,635,0.000240518186015629,Pro,midlane dire
1410466,67,60,dire,%40MSSDota,1,635933,636,0.000240896954812504,Pro,midlane dire
1411133,67,59,dire,%40MSSDota,1,636600,637,0.000241275723609379,Pro,jungle dire
1412266,68,60,dire,%40MSSDota,1,637733,638,0.000241654492406254,Pro,midlane dire
1413466,69,58,dire,%40MSSDota,1,638933,639,0.000242033261203129,Pro,jungle dire
1413466,69,58,dire,%40MSSDota,1,638933,640,0.000242412030000004,Pro,jungle dire
1413466,69,58,dire,%40MSSDota,1,638933,641,0.000242790798796879,Pro,jungle dire
1413466,69,58,dire,%40MSSDota,1,638933,642,0.000243169567593754,Pro,jungle dire
1413466,69,58,dire,%40MSSDota,1,638933,643,0.000243548336390629,Pro,jungle dire
1413466,69,58,dire,%40MSSDota,1,638933,644,0.000243927105187504,Pro,jungle dire
1413466,69,58,dire,%40MSSDota,1,638933,645,0.000244305873984379,Pro,jungle dire
1420333,70,58,dire,%40MSSDota,1,645800,646,0.000244684642781254,Pro,jungle dire
1421066,71,60,dire,%40MSSDota,1,646533,647,0.000245063411578129,Pro,jungle dire
1421800,71,59,dire,%40MSSDota,1,647267,648,0.000245442180375004,Pro,jungle dire
1421800,71,59,dire,%40MSSDota,1,647267,649,0.000245820949171879,Pro,jungle dire
1421800,71,59,dire,%40MSSDota,1,647267,650,0.000246199717968754,Pro,jungle dire
1425533,70,59,dire,%40MSSDota,1,651000,651,0.000246578486765629,Pro,jungle dire
1426066,71,60,dire,%40MSSDota,1,651533,652,0.000246957255562504,Pro,jungle dire
1427266,73,61,dire,%40MSSDota,1,652733,653,0.000247336024359379,Pro,jungle dire
1427266,73,61,dire,%40MSSDota,1,652733,654,0.000247714793156254,Pro,jungle dire
1427266,73,61,dire,%40MSSDota,1,652733,655,0.000248093561953129,Pro,jungle dire
1430400,73,63,dire,%40MSSDota,1,655867,656,0.000248472330750004,Pro,midlane dire
1431133,73,65,dire,%40MSSDota,1,656600,657,0.000248851099546879,Pro,midlane dire
1431133,73,65,dire,%40MSSDota,1,656600,658,0.000249229868343754,Pro,midlane dire
1431133,73,65,dire,%40MSSDota,1,656600,659,0.000249608637140629,Pro,midlane dire
1431133,73,65,dire,%40MSSDota,1,656600,660,0.000249987405937504,Pro,midlane dire
1431133,73,65,dire,%40MSSDota,1,656600,661,0.000250366174734379,Pro,midlane dire
1436533,74,66,dire,%40MSSDota,1,662000,662,0.000250744943531254,Pro,midlane dire
1436533,74,66,dire,%40MSSDota,1,662000,663,0.000251123712328129,Pro,midlane dire
1438266,72,65,dire,%40MSSDota,1,663733,664,0.000251502481125004,Pro,midlane dire
1439400,73,65,dire,%40MSSDota,1,664867,665,0.000251881249921879,Pro,midlane dire
1440533,73,66,dire,%40MSSDota,1,666000,666,0.000252260018718754,Pro,midlane dire
1441466,74,68,dire,%40MSSDota,1,666933,667,0.000252638787515629,Pro,midlane dire
1441800,74,69,dire,%40MSSDota,1,667267,668,0.000253017556312504,Pro,midlane dire
1441800,74,69,dire,%40MSSDota,1,667267,669,0.000253396325109379,Pro,midlane dire
1444466,75,68,dire,%40MSSDota,1,669933,670,0.000253775093906254,Pro,midlane dire
1445533,77,67,dire,%40MSSDota,1,671000,671,0.000254153862703129,Pro,midlane dire
1446266,79,66,dire,%40MSSDota,1,671733,672,0.000254532631500004,Pro,midlane dire
1447200,80,64,dire,%40MSSDota,1,672667,673,0.000254911400296879,Pro,jungle dire
1448066,79,64,dire,%40MSSDota,1,673533,674,0.000255290169093754,Pro,void dire
1448066,79,64,dire,%40MSSDota,1,673533,675,0.000255668937890629,Pro,void dire
1450466,78,65,dire,%40MSSDota,1,675933,676,0.000256047706687504,Pro,midlane dire
1451466,77,67,dire,%40MSSDota,1,676933,677,0.000256426475484379,Pro,midlane dire
1451666,76,67,dire,%40MSSDota,1,677133,678,0.000256805244281254,Pro,midlane dire
1451666,76,67,dire,%40MSSDota,1,677133,679,0.000257184013078129,Pro,midlane dire
1451666,76,67,dire,%40MSSDota,1,677133,680,0.000257562781875004,Pro,midlane dire
1455400,78,68,dire,%40MSSDota,1,680867,681,0.000257941550671879,Pro,midlane dire
1456466,80,70,dire,%40MSSDota,1,681933,682,0.000258320319468754,Pro,midlane dire
1456866,81,70,dire,%40MSSDota,1,682333,683,0.000258699088265629,Pro,midlane dire
1456866,81,70,dire,%40MSSDota,1,682333,684,0.000259077857062504,Pro,midlane dire
1459400,82,70,dire,%40MSSDota,1,684867,685,0.000259456625859379,Pro,midlane dire
1460266,84,70,dire,%40MSSDota,1,685733,686,0.000259835394656254,Pro,midlane dire
1461266,83,69,dire,%40MSSDota,1,686733,687,0.000260214163453129,Pro,midlane dire
1462066,81,68,dire,%40MSSDota,1,687533,688,0.000260592932250004,Pro,midlane dire
1463333,79,66,dire,%40MSSDota,1,688800,689,0.000260971701046879,Pro,midlane dire
1464533,77,64,dire,%40MSSDota,1,690000,690,0.000261350469843754,Pro,midlane dire
1465400,74,64,dire,%40MSSDota,1,690867,691,0.000261729238640629,Pro,midlane dire
1466466,75,64,dire,%40MSSDota,1,691933,692,0.000262108007437504,Pro,midlane dire
1466466,75,64,dire,%40MSSDota,1,691933,693,0.000262486776234379,Pro,midlane dire
1466466,75,64,dire,%40MSSDota,1,691933,694,0.000262865545031254,Pro,midlane dire
1469466,74,64,dire,%40MSSDota,1,694933,695,0.000263244313828129,Pro,midlane dire
1469466,74,64,dire,%40MSSDota,1,694933,696,0.000263623082625004,Pro,midlane dire
1469466,74,64,dire,%40MSSDota,1,694933,697,0.000264001851421879,Pro,midlane dire
1469466,74,64,dire,%40MSSDota,1,694933,698,0.000264380620218754,Pro,midlane dire
1469466,74,64,dire,%40MSSDota,1,694933,699,0.000264759389015629,Pro,midlane dire
1469466,74,64,dire,%40MSSDota,1,694933,700,0.000265138157812504,Pro,midlane dire
1469466,74,64,dire,%40MSSDota,1,694933,701,0.000265516926609379,Pro,midlane dire
1469466,74,64,dire,%40MSSDota,1,694933,702,0.000265895695406254,Pro,midlane dire
1469466,74,64,dire,%40MSSDota,1,694933,703,0.000266274464203129,Pro,midlane dire
1469466,74,64,dire,%40MSSDota,1,694933,704,0.000266653233000004,Pro,midlane dire
1469466,74,64,dire,%40MSSDota,1,694933,705,0.000267032001796879,Pro,midlane dire
1469466,74,64,dire,%40MSSDota,1,694933,706,0.000267410770593754,Pro,midlane dire
1469466,74,64,dire,%40MSSDota,1,694933,707,0.000267789539390629,Pro,midlane dire
1469466,74,64,dire,%40MSSDota,1,694933,708,0.000268168308187504,Pro,midlane dire
1469466,74,64,dire,%40MSSDota,1,694933,709,0.000268547076984379,Pro,midlane dire
1469466,74,64,dire,%40MSSDota,1,694933,710,0.000268925845781254,Pro,midlane dire
1469466,74,64,dire,%40MSSDota,1,694933,711,0.000269304614578129,Pro,midlane dire
1469466,74,64,dire,%40MSSDota,1,694933,712,0.000269683383375004,Pro,midlane dire
1469466,74,64,dire,%40MSSDota,1,694933,713,0.000270062152171879,Pro,midlane dire
1469466,74,64,dire,%40MSSDota,1,694933,714,0.000270440920968754,Pro,midlane dire
1469466,74,64,dire,%40MSSDota,1,694933,715,0.000270819689765629,Pro,midlane dire
1469466,74,64,dire,%40MSSDota,1,694933,716,0.000271198458562504,Pro,midlane dire
1469466,74,64,dire,%40MSSDota,1,694933,717,0.000271577227359379,Pro,midlane dire
1469466,74,64,dire,%40MSSDota,1,694933,718,0.000271955996156254,Pro,midlane dire
1469466,74,64,dire,%40MSSDota,1,694933,719,0.000272334764953129,Pro,midlane dire
1469466,74,64,dire,%40MSSDota,1,694933,720,0.000272713533750004,Pro,midlane dire
1469466,74,64,dire,%40MSSDota,1,694933,721,0.000273092302546879,Pro,midlane dire
1469466,74,64,dire,%40MSSDota,1,694933,722,0.000273471071343754,Pro,midlane dire
1469466,74,64,dire,%40MSSDota,1,694933,723,0.000273849840140629,Pro,midlane dire
1469466,74,64,dire,%40MSSDota,1,694933,724,0.000274228608937504,Pro,midlane dire
1469466,74,64,dire,%40MSSDota,1,694933,725,0.000274607377734379,Pro,midlane dire
1500133,74,64,dire,%40MSSDota,1,725600,726,0.000274986146531254,Pro,midlane dire
1500133,74,64,dire,%40MSSDota,1,725600,727,0.000275364915328129,Pro,midlane dire
1501666,117,109,dire,%40MSSDota,1,727133,728,0.000275743684125004,Pro,base2 dire
1501666,117,109,dire,%40MSSDota,1,727133,729,0.000276122452921879,Pro,base2 dire
1501666,117,109,dire,%40MSSDota,1,727133,730,0.000276501221718754,Pro,base2 dire
1501666,117,109,dire,%40MSSDota,1,727133,731,0.000276879990515629,Pro,base2 dire
1501666,117,109,dire,%40MSSDota,1,727133,732,0.000277258759312504,Pro,base2 dire
1501666,117,109,dire,%40MSSDota,1,727133,733,0.000277637528109379,Pro,base2 dire
1501666,117,109,dire,%40MSSDota,1,727133,734,0.000278016296906254,Pro,base2 dire
1501666,117,109,dire,%40MSSDota,1,727133,735,0.000278395065703129,Pro,base2 dire
1501666,117,109,dire,%40MSSDota,1,727133,736,0.000278773834500004,Pro,base2 dire
1501666,117,109,dire,%40MSSDota,1,727133,737,0.000279152603296879,Pro,base2 dire
1501666,117,109,dire,%40MSSDota,1,727133,738,0.000279531372093754,Pro,base2 dire
1501666,117,109,dire,%40MSSDota,1,727133,739,0.000279910140890629,Pro,base2 dire
1501666,117,109,dire,%40MSSDota,1,727133,740,0.000280288909687504,Pro,base2 dire
1501666,117,109,dire,%40MSSDota,1,727133,741,0.000280667678484379,Pro,base2 dire
1501666,117,109,dire,%40MSSDota,1,727133,742,0.000281046447281254,Pro,base2 dire
1501666,117,109,dire,%40MSSDota,1,727133,743,0.000281425216078129,Pro,base2 dire
1518466,109,40,dire,%40MSSDota,1,743933,744,0.000281803984875004,Pro,bottomlane dire
1519266,109,38,dire,%40MSSDota,1,744733,745,0.000282182753671879,Pro,bottomlane dire
1520466,108,35,dire,%40MSSDota,1,745933,746,0.000282561522468754,Pro,bottomlane radiant
1521333,109,33,dire,%40MSSDota,1,746800,747,0.000282940291265629,Pro,bottomlane radiant
1522200,109,31,dire,%40MSSDota,1,747667,748,0.000283319060062504,Pro,bottomlane radiant
1523400,108,28,dire,%40MSSDota,1,748867,749,0.000283697828859379,Pro,bottomlane radiant
1524533,108,26,dire,%40MSSDota,1,750000,750,0.000284076597656254,Pro,bottomlane radiant
1525333,108,24,dire,%40MSSDota,1,750800,751,0.000284455366453129,Pro,bottomlane radiant
1526533,107,21,dire,%40MSSDota,1,752000,752,0.000284834135250004,Pro,bottomlane radiant
1526866,107,20,dire,%40MSSDota,1,752333,753,0.000285212904046879,Pro,bottomlane radiant
1526866,107,20,dire,%40MSSDota,1,752333,754,0.000285591672843754,Pro,bottomlane radiant
1528933,107,19,dire,%40MSSDota,1,754400,755,0.000285970441640629,Pro,bottomlane radiant
1528933,107,19,dire,%40MSSDota,1,754400,756,0.000286349210437504,Pro,bottomlane radiant
1528933,107,19,dire,%40MSSDota,1,754400,757,0.000286727979234379,Pro,bottomlane radiant
1528933,107,19,dire,%40MSSDota,1,754400,758,0.000287106748031254,Pro,bottomlane radiant
1528933,107,19,dire,%40MSSDota,1,754400,759,0.000287485516828129,Pro,bottomlane radiant
1528933,107,19,dire,%40MSSDota,1,754400,760,0.000287864285625004,Pro,bottomlane radiant
1535333,107,18,dire,%40MSSDota,1,760800,761,0.00028824305442188,Pro,bottomlane radiant
1536333,106,16,dire,%40MSSDota,1,761800,762,0.000288621823218755,Pro,bottomlane radiant
1537400,105,17,dire,%40MSSDota,1,762867,763,0.00028900059201563,Pro,bottomlane radiant
1538466,107,19,dire,%40MSSDota,1,763933,764,0.000289379360812505,Pro,bottomlane radiant
1539533,108,22,dire,%40MSSDota,1,765000,765,0.00028975812960938,Pro,bottomlane radiant
1540200,109,23,dire,%40MSSDota,1,765667,766,0.000290136898406255,Pro,bottomlane radiant
1541533,112,24,dire,%40MSSDota,1,767000,767,0.00029051566720313,Pro,bottomlane radiant
1542333,114,25,dire,%40MSSDota,1,767800,768,0.000290894436000005,Pro,bottomlane radiant
1543466,117,25,dire,%40MSSDota,1,768933,769,0.00029127320479688,Pro,bottomlane radiant
1544266,119,26,dire,%40MSSDota,1,769733,770,0.000291651973593755,Pro,bottomlane radiant
1545400,120,28,dire,%40MSSDota,1,770867,771,0.00029203074239063,Pro,laneshop radiant
1546333,118,29,dire,%40MSSDota,1,771800,772,0.000292409511187505,Pro,bottomlane radiant
1547133,116,30,dire,%40MSSDota,1,772600,773,0.00029278827998438,Pro,bottomlane radiant
1548333,114,32,dire,%40MSSDota,1,773800,774,0.000293167048781255,Pro,bottomlane radiant
1548333,114,32,dire,%40MSSDota,1,773800,775,0.00029354581757813,Pro,bottomlane radiant
1548333,114,32,dire,%40MSSDota,1,773800,776,0.000293924586375005,Pro,bottomlane radiant
1548333,114,32,dire,%40MSSDota,1,773800,777,0.00029430335517188,Pro,bottomlane radiant
1548333,114,32,dire,%40MSSDota,1,773800,778,0.000294682123968755,Pro,bottomlane radiant
1553333,112,34,dire,%40MSSDota,1,778800,779,0.00029506089276563,Pro,bottomlane radiant
1554333,110,35,dire,%40MSSDota,1,779800,780,0.000295439661562505,Pro,bottomlane radiant
1555333,108,36,dire,%40MSSDota,1,780800,781,0.00029581843035938,Pro,bottomlane radiant
1556466,106,38,dire,%40MSSDota,1,781933,782,0.000296197199156255,Pro,river
1557400,104,38,dire,%40MSSDota,1,782867,783,0.00029657596795313,Pro,river
1558533,101,38,dire,%40MSSDota,1,784000,784,0.000296954736750005,Pro,river
1559333,99,38,dire,%40MSSDota,1,784800,785,0.00029733350554688,Pro,river
1560533,96,38,dire,%40MSSDota,1,786000,786,0.000297712274343755,Pro,river
1561466,94,39,dire,%40MSSDota,1,786933,787,0.00029809104314063,Pro,river
1562466,91,39,dire,%40MSSDota,1,787933,788,0.000298469811937505,Pro,river
1563333,89,40,dire,%40MSSDota,1,788800,789,0.00029884858073438,Pro,river
1564266,87,41,dire,%40MSSDota,1,789733,790,0.000299227349531255,Pro,river
1565466,85,43,dire,%40MSSDota,1,790933,791,0.00029960611832813,Pro,river
1566533,83,45,dire,%40MSSDota,1,792000,792,0.000299984887125005,Pro,river
1567400,82,47,dire,%40MSSDota,1,792867,793,0.00030036365592188,Pro,void dire
1568333,81,49,dire,%40MSSDota,1,793800,794,0.000300742424718755,Pro,jungle dire
1569400,79,51,dire,%40MSSDota,1,794867,795,0.00030112119351563,Pro,jungle dire
1570533,77,53,dire,%40MSSDota,1,796000,796,0.000301499962312505,Pro,jungle dire
1571266,75,54,dire,%40MSSDota,1,796733,797,0.00030187873110938,Pro,jungle dire
1572533,73,56,dire,%40MSSDota,1,798000,798,0.000302257499906255,Pro,jungle dire
1573533,70,57,dire,%40MSSDota,1,799000,799,0.00030263626870313,Pro,jungle dire
1574466,68,58,dire,%40MSSDota,1,799933,800,0.000303015037500005,Pro,jungle dire
1575333,66,59,dire,%40MSSDota,1,800800,801,0.00030339380629688,Pro,jungle dire
1576333,65,59,dire,%40MSSDota,1,801800,802,0.000303772575093755,Pro,void dire
1577466,63,60,dire,%40MSSDota,1,802933,803,0.00030415134389063,Pro,midlane dire
1578466,61,59,dire,%40MSSDota,1,803933,804,0.000304530112687505,Pro,midlane dire
1579333,62,59,dire,%40MSSDota,1,804800,805,0.00030490888148438,Pro,midlane dire
1580400,63,62,dire,%40MSSDota,1,805867,806,0.000305287650281255,Pro,midlane dire
1581200,63,64,dire,%40MSSDota,1,806667,807,0.00030566641907813,Pro,midlane dire
1582333,62,67,dire,%40MSSDota,1,807800,808,0.000306045187875005,Pro,midlane dire
1583533,63,70,dire,%40MSSDota,1,809000,809,0.00030642395667188,Pro,midlane dire
1584266,63,72,dire,%40MSSDota,1,809733,810,0.000306802725468755,Pro,midlane dire
1585066,63,74,dire,%40MSSDota,1,810533,811,0.00030718149426563,Pro,jungle dire
1585066,63,74,dire,%40MSSDota,1,810533,812,0.000307560263062505,Pro,jungle dire
1587466,61,76,dire,%40MSSDota,1,812933,813,0.00030793903185938,Pro,jungle dire
1588400,60,78,dire,%40MSSDota,1,813867,814,0.000308317800656255,Pro,jungle dire
1588866,59,78,dire,%40MSSDota,1,814333,815,0.00030869656945313,Pro,jungle dire
1590533,59,80,dire,%40MSSDota,1,816000,816,0.000309075338250005,Pro,jungle dire
1591133,58,81,dire,%40MSSDota,1,816600,817,0.00030945410704688,Pro,jungle dire
1592400,55,82,dire,%40MSSDota,1,817867,818,0.000309832875843755,Pro,jungle dire
1593266,53,82,dire,%40MSSDota,1,818733,819,0.00031021164464063,Pro,jungle dire
1594533,52,82,dire,%40MSSDota,1,820000,820,0.000310590413437505,Pro,jungle dire
1595066,51,83,dire,%40MSSDota,1,820533,821,0.00031096918223438,Pro,jungle dire
1596533,50,85,dire,%40MSSDota,1,822000,822,0.000311347951031255,Pro,jungle dire
1597133,49,86,dire,%40MSSDota,1,822600,823,0.00031172671982813,Pro,jungle dire
1598400,46,87,dire,%40MSSDota,1,823867,824,0.000312105488625005,Pro,jungle dire
1599533,44,89,dire,%40MSSDota,1,825000,825,0.00031248425742188,Pro,jungle dire
1600533,41,89,dire,%40MSSDota,1,826000,826,0.000312863026218755,Pro,jungle dire
1601400,39,90,dire,%40MSSDota,1,826867,827,0.00031324179501563,Pro,jungle dire
1602533,36,90,dire,%40MSSDota,1,828000,828,0.000313620563812505,Pro,jungle dire
1603400,34,91,dire,%40MSSDota,1,828867,829,0.00031399933260938,Pro,jungle dire
1604533,31,91,dire,%40MSSDota,1,830000,830,0.000314378101406255,Pro,jungle dire
1604533,31,91,dire,%40MSSDota,1,830000,831,0.00031475687020313,Pro,jungle dire
1604533,31,91,dire,%40MSSDota,1,830000,832,0.000315135639000005,Pro,jungle dire
1607466,31,92,dire,%40MSSDota,1,832933,833,0.00031551440779688,Pro,jungle dire
1608466,32,92,dire,%40MSSDota,1,833933,834,0.000315893176593755,Pro,jungle dire
1608866,33,92,dire,%40MSSDota,1,834333,835,0.00031627194539063,Pro,jungle dire
1609933,34,92,dire,%40MSSDota,1,835400,836,0.000316650714187505,Pro,jungle dire
1609933,34,92,dire,%40MSSDota,1,835400,837,0.00031702948298438,Pro,jungle dire
1612333,33,92,dire,%40MSSDota,1,837800,838,0.000317408251781255,Pro,jungle dire
1612333,33,92,dire,%40MSSDota,1,837800,839,0.00031778702057813,Pro,jungle dire
1612333,33,92,dire,%40MSSDota,1,837800,840,0.000318165789375005,Pro,jungle dire
1612333,33,92,dire,%40MSSDota,1,837800,841,0.00031854455817188,Pro,jungle dire
1612333,33,92,dire,%40MSSDota,1,837800,842,0.000318923326968755,Pro,jungle dire
1612333,33,92,dire,%40MSSDota,1,837800,843,0.00031930209576563,Pro,jungle dire
1612333,33,92,dire,%40MSSDota,1,837800,844,0.000319680864562505,Pro,jungle dire
1612333,33,92,dire,%40MSSDota,1,837800,845,0.00032005963335938,Pro,jungle dire
1620466,34,92,dire,%40MSSDota,1,845933,846,0.000320438402156255,Pro,jungle dire
1620466,34,92,dire,%40MSSDota,1,845933,847,0.00032081717095313,Pro,jungle dire
1621733,33,92,dire,%40MSSDota,1,847200,848,0.000321195939750005,Pro,jungle dire
1621733,33,92,dire,%40MSSDota,1,847200,849,0.00032157470854688,Pro,jungle dire
1621733,33,92,dire,%40MSSDota,1,847200,850,0.000321953477343755,Pro,jungle dire
1625000,33,91,dire,%40MSSDota,1,850467,851,0.00032233224614063,Pro,jungle dire
1625000,33,91,dire,%40MSSDota,1,850467,852,0.000322711014937505,Pro,jungle dire
1625000,33,91,dire,%40MSSDota,1,850467,853,0.00032308978373438,Pro,jungle dire
1628533,31,92,dire,%40MSSDota,1,854000,854,0.000323468552531255,Pro,jungle dire
1629333,29,93,dire,%40MSSDota,1,854800,855,0.00032384732132813,Pro,jungle dire
1630200,27,94,dire,%40MSSDota,1,855667,856,0.000324226090125005,Pro,jungle dire
1631400,24,95,dire,%40MSSDota,1,856867,857,0.00032460485892188,Pro,jungle dire
1631866,23,95,dire,%40MSSDota,1,857333,858,0.000324983627718755,Pro,toplane dire
1633533,22,95,dire,%40MSSDota,1,859000,859,0.00032536239651563,Pro,toplane dire
1634400,21,97,dire,%40MSSDota,1,859867,860,0.000325741165312505,Pro,toplane dire
1635333,20,97,dire,%40MSSDota,1,860800,861,0.00032611993410938,Pro,toplane dire
1636533,17,97,dire,%40MSSDota,1,862000,862,0.000326498702906255,Pro,toplane dire
1636800,17,96,dire,%40MSSDota,1,862267,863,0.00032687747170313,Pro,toplane dire
1638200,16,97,dire,%40MSSDota,1,863667,864,0.000327256240500005,Pro,toplane dire
1639466,17,97,dire,%40MSSDota,1,864933,865,0.00032763500929688,Pro,toplane dire
1640533,18,97,dire,%40MSSDota,1,866000,866,0.000328013778093755,Pro,toplane dire
1640533,18,97,dire,%40MSSDota,1,866000,867,0.00032839254689063,Pro,toplane dire
1640533,18,97,dire,%40MSSDota,1,866000,868,0.000328771315687505,Pro,toplane dire
1643133,17,97,dire,%40MSSDota,1,868600,869,0.00032915008448438,Pro,toplane dire
1643133,17,97,dire,%40MSSDota,1,868600,870,0.000329528853281255,Pro,toplane dire
1645266,18,99,dire,%40MSSDota,1,870733,871,0.00032990762207813,Pro,toplane dire
1646466,18,102,dire,%40MSSDota,1,871933,872,0.000330286390875005,Pro,toplane dire
1647333,19,104,dire,%40MSSDota,1,872800,873,0.00033066515967188,Pro,toplane dire
1648333,21,105,dire,%40MSSDota,1,873800,874,0.000331043928468755,Pro,toplane dire
1649533,24,105,dire,%40MSSDota,1,875000,875,0.00033142269726563,Pro,toplane dire
1650333,26,104,dire,%40MSSDota,1,875800,876,0.000331801466062505,Pro,toplane dire
1651466,29,104,dire,%40MSSDota,1,876933,877,0.00033218023485938,Pro,toplane dire
1652333,28,103,dire,%40MSSDota,1,877800,878,0.000332559003656255,Pro,toplane dire
1653133,27,101,dire,%40MSSDota,1,878600,879,0.00033293777245313,Pro,toplane dire
1653133,27,101,dire,%40MSSDota,1,878600,880,0.000333316541250005,Pro,toplane dire
1653133,27,101,dire,%40MSSDota,1,878600,881,0.00033369531004688,Pro,toplane dire
1656400,82,71,dire,%40MSSDota,1,881867,882,0.000334074078843755,Pro,midlane dire
1657466,81,69,dire,%40MSSDota,1,882933,883,0.00033445284764063,Pro,midlane dire
1658200,79,68,dire,%40MSSDota,1,883667,884,0.000334831616437505,Pro,midlane dire
1659000,78,68,dire,%40MSSDota,1,884467,885,0.00033521038523438,Pro,midlane dire
1660200,76,67,dire,%40MSSDota,1,885667,886,0.000335589154031255,Pro,midlane dire
1661333,74,65,dire,%40MSSDota,1,886800,887,0.00033596792282813,Pro,midlane dire
1662133,74,63,dire,%40MSSDota,1,887600,888,0.000336346691625005,Pro,midlane dire
1663466,73,61,dire,%40MSSDota,1,888933,889,0.00033672546042188,Pro,jungle dire
1664266,71,60,dire,%40MSSDota,1,889733,890,0.000337104229218755,Pro,jungle dire
1665400,70,61,dire,%40MSSDota,1,890867,891,0.00033748299801563,Pro,jungle dire
1666466,71,60,dire,%40MSSDota,1,891933,892,0.000337861766812505,Pro,jungle dire
1667400,70,60,dire,%40MSSDota,1,892867,893,0.00033824053560938,Pro,jungle dire
1667400,70,60,dire,%40MSSDota,1,892867,894,0.000338619304406255,Pro,jungle dire
1669400,69,62,dire,%40MSSDota,1,894867,895,0.00033899807320313,Pro,midlane dire
1670533,67,64,dire,%40MSSDota,1,896000,896,0.000339376842000005,Pro,midlane dire
1671466,65,65,dire,%40MSSDota,1,896933,897,0.00033975561079688,Pro,midlane dire
1672400,64,67,dire,%40MSSDota,1,897867,898,0.000340134379593755,Pro,midlane dire
1673266,63,69,dire,%40MSSDota,1,898733,899,0.00034051314839063,Pro,midlane dire
1674466,62,70,dire,%40MSSDota,1,899933,900,0.000340891917187505,Pro,midlane dire
1675266,62,68,dire,%40MSSDota,1,900733,901,0.00034127068598438,Pro,midlane dire
1676400,63,65,dire,%40MSSDota,1,901867,902,0.000341649454781255,Pro,midlane dire
1677266,64,63,dire,%40MSSDota,1,902733,903,0.00034202822357813,Pro,midlane dire
1678066,65,64,dire,%40MSSDota,1,903533,904,0.000342406992375005,Pro,midlane dire
1678066,65,64,dire,%40MSSDota,1,903533,905,0.00034278576117188,Pro,midlane dire
1680533,66,66,dire,%40MSSDota,1,906000,906,0.000343164529968755,Pro,midlane dire
1681466,64,68,dire,%40MSSDota,1,906933,907,0.00034354329876563,Pro,midlane dire
1682000,63,69,dire,%40MSSDota,1,907467,908,0.000343922067562505,Pro,midlane dire
1682000,63,69,dire,%40MSSDota,1,907467,909,0.00034430083635938,Pro,midlane dire
1682000,63,69,dire,%40MSSDota,1,907467,910,0.000344679605156255,Pro,midlane dire
1682000,63,69,dire,%40MSSDota,1,907467,911,0.00034505837395313,Pro,midlane dire
1686400,62,71,dire,%40MSSDota,1,911867,912,0.000345437142750005,Pro,midlane dire
1687533,61,73,dire,%40MSSDota,1,913000,913,0.00034581591154688,Pro,jungle dire
1688400,61,76,dire,%40MSSDota,1,913867,914,0.000346194680343755,Pro,jungle dire
1689200,61,74,dire,%40MSSDota,1,914667,915,0.00034657344914063,Pro,jungle dire
1690400,61,71,dire,%40MSSDota,1,915867,916,0.000346952217937505,Pro,jungle dire
1691533,62,68,dire,%40MSSDota,1,917000,917,0.00034733098673438,Pro,midlane dire
1692333,62,66,dire,%40MSSDota,1,917800,918,0.000347709755531255,Pro,midlane dire
1693133,62,64,dire,%40MSSDota,1,918600,919,0.00034808852432813,Pro,midlane dire
1693133,62,64,dire,%40MSSDota,1,918600,920,0.000348467293125005,Pro,midlane dire
1695266,62,63,dire,%40MSSDota,1,920733,921,0.00034884606192188,Pro,midlane dire
1695266,62,63,dire,%40MSSDota,1,920733,922,0.000349224830718755,Pro,midlane dire
1695266,62,63,dire,%40MSSDota,1,920733,923,0.00034960359951563,Pro,midlane dire
1695266,62,63,dire,%40MSSDota,1,920733,924,0.000349982368312505,Pro,midlane dire
1695266,62,63,dire,%40MSSDota,1,920733,925,0.00035036113710938,Pro,midlane dire
1695266,62,63,dire,%40MSSDota,1,920733,926,0.000350739905906255,Pro,midlane dire
1695266,62,63,dire,%40MSSDota,1,920733,927,0.00035111867470313,Pro,midlane dire
1695266,62,63,dire,%40MSSDota,1,920733,928,0.000351497443500005,Pro,midlane dire
1695266,62,63,dire,%40MSSDota,1,920733,929,0.00035187621229688,Pro,midlane dire
1704333,61,63,dire,%40MSSDota,1,929800,930,0.000352254981093755,Pro,midlane dire
1705400,61,61,dire,%40MSSDota,1,930867,931,0.000352633749890631,Pro,midlane dire
1706533,61,60,dire,%40MSSDota,1,932000,932,0.000353012518687506,Pro,midlane dire
1707533,59,58,dire,%40MSSDota,1,933000,933,0.000353391287484381,Pro,midlane radiant
1708466,57,57,dire,%40MSSDota,1,933933,934,0.000353770056281256,Pro,midlane radiant
1709333,55,56,dire,%40MSSDota,1,934800,935,0.000354148825078131,Pro,midlane radiant
1709333,55,56,dire,%40MSSDota,1,934800,936,0.000354527593875006,Pro,midlane radiant
1710800,55,56,dire,%40MSSDota,1,936267,937,0.000354906362671881,Pro,midlane radiant
1711800,55,57,dire,%40MSSDota,1,937267,938,0.000355285131468756,Pro,midlane radiant
1713466,57,58,dire,%40MSSDota,1,938933,939,0.000355663900265631,Pro,midlane radiant
1713466,57,58,dire,%40MSSDota,1,938933,940,0.000356042669062506,Pro,midlane radiant
1715266,56,58,dire,%40MSSDota,1,940733,941,0.000356421437859381,Pro,midlane radiant
1716133,55,58,dire,%40MSSDota,1,941600,942,0.000356800206656256,Pro,midlane radiant
1717266,54,57,dire,%40MSSDota,1,942733,943,0.000357178975453131,Pro,midlane radiant
1718266,55,58,dire,%40MSSDota,1,943733,944,0.000357557744250006,Pro,midlane radiant
1719066,55,57,dire,%40MSSDota,1,944533,945,0.000357936513046881,Pro,midlane radiant
1720200,55,56,dire,%40MSSDota,1,945667,946,0.000358315281843756,Pro,midlane radiant
1721333,55,57,dire,%40MSSDota,1,946800,947,0.000358694050640631,Pro,midlane radiant
1722200,55,56,dire,%40MSSDota,1,947667,948,0.000359072819437506,Pro,midlane radiant
1723133,54,56,dire,%40MSSDota,1,948600,949,0.000359451588234381,Pro,midlane radiant
1723133,54,56,dire,%40MSSDota,1,948600,950,0.000359830357031256,Pro,midlane radiant
1725466,54,55,dire,%40MSSDota,1,950933,951,0.000360209125828131,Pro,midlane radiant
1725466,54,55,dire,%40MSSDota,1,950933,952,0.000360587894625006,Pro,midlane radiant
1727333,53,54,dire,%40MSSDota,1,952800,953,0.000360966663421881,Pro,midlane radiant
1727333,53,54,dire,%40MSSDota,1,952800,954,0.000361345432218756,Pro,midlane radiant
1727333,53,54,dire,%40MSSDota,1,952800,955,0.000361724201015631,Pro,midlane radiant
1727333,53,54,dire,%40MSSDota,1,952800,956,0.000362102969812506,Pro,midlane radiant
1727333,53,54,dire,%40MSSDota,1,952800,957,0.000362481738609381,Pro,midlane radiant
1727333,53,54,dire,%40MSSDota,1,952800,958,0.000362860507406256,Pro,midlane radiant
1732866,54,54,dire,%40MSSDota,1,958333,959,0.000363239276203131,Pro,midlane radiant
1732866,54,54,dire,%40MSSDota,1,958333,960,0.000363618045000006,Pro,midlane radiant
1735066,55,53,dire,%40MSSDota,1,960533,961,0.000363996813796881,Pro,midlane radiant
1735066,55,53,dire,%40MSSDota,1,960533,962,0.000364375582593756,Pro,midlane radiant
1737200,54,51,dire,%40MSSDota,1,962667,963,0.000364754351390631,Pro,midlane radiant
1738200,55,52,dire,%40MSSDota,1,963667,964,0.000365133120187506,Pro,midlane radiant
1739400,55,55,dire,%40MSSDota,1,964867,965,0.000365511888984381,Pro,midlane radiant
1740200,56,57,dire,%40MSSDota,1,965667,966,0.000365890657781256,Pro,midlane radiant
1741466,56,58,dire,%40MSSDota,1,966933,967,0.000366269426578131,Pro,midlane radiant
1742400,57,58,dire,%40MSSDota,1,967867,968,0.000366648195375006,Pro,midlane radiant
1743400,56,56,dire,%40MSSDota,1,968867,969,0.000367026964171881,Pro,midlane radiant
1744333,55,57,dire,%40MSSDota,1,969800,970,0.000367405732968756,Pro,midlane radiant
1744333,55,57,dire,%40MSSDota,1,969800,971,0.000367784501765631,Pro,midlane radiant
1746266,56,56,dire,%40MSSDota,1,971733,972,0.000368163270562506,Pro,midlane radiant
1747200,56,56,dire,%40MSSDota,1,972667,973,0.000368542039359381,Pro,midlane radiant
1748066,58,57,dire,%40MSSDota,1,973533,974,0.000368920808156256,Pro,midlane radiant
1749333,60,58,dire,%40MSSDota,1,974800,975,0.000369299576953131,Pro,midlane radiant
1749333,60,58,dire,%40MSSDota,1,974800,976,0.000369678345750006,Pro,midlane radiant
1751533,62,60,dire,%40MSSDota,1,977000,977,0.000370057114546881,Pro,midlane dire
1752400,63,62,dire,%40MSSDota,1,977867,978,0.000370435883343756,Pro,midlane dire
1753466,63,65,dire,%40MSSDota,1,978933,979,0.000370814652140631,Pro,midlane dire
1754266,63,67,dire,%40MSSDota,1,979733,980,0.000371193420937506,Pro,midlane dire
1755466,63,70,dire,%40MSSDota,1,980933,981,0.000371572189734381,Pro,midlane dire
1756200,63,72,dire,%40MSSDota,1,981667,982,0.000371950958531256,Pro,midlane dire
1757533,64,75,dire,%40MSSDota,1,983000,983,0.000372329727328131,Pro,jungle dire
1758466,65,77,dire,%40MSSDota,1,983933,984,0.000372708496125006,Pro,jungle dire
1759200,66,79,dire,%40MSSDota,1,984667,985,0.000373087264921881,Pro,jungle dire
1760466,66,82,dire,%40MSSDota,1,985933,986,0.000373466033718756,Pro,jungle dire
1761266,67,84,dire,%40MSSDota,1,986733,987,0.000373844802515631,Pro,jungle dire
1762133,68,85,dire,%40MSSDota,1,987600,988,0.000374223571312506,Pro,jungle dire
1762133,68,85,dire,%40MSSDota,1,987600,989,0.000374602340109381,Pro,jungle dire
1762133,68,85,dire,%40MSSDota,1,987600,990,0.000374981108906256,Pro,jungle dire
1762133,68,85,dire,%40MSSDota,1,987600,991,0.000375359877703131,Pro,jungle dire
1765733,68,86,dire,%40MSSDota,1,991200,992,0.000375738646500006,Pro,jungle dire
1766733,68,87,dire,%40MSSDota,1,992200,993,0.000376117415296881,Pro,jungle dire
1768066,69,88,dire,%40MSSDota,1,993533,994,0.000376496184093756,Pro,jungle dire
1768066,69,88,dire,%40MSSDota,1,993533,995,0.000376874952890631,Pro,jungle dire
1769933,70,88,dire,%40MSSDota,1,995400,996,0.000377253721687506,Pro,jungle dire
1771066,71,89,dire,%40MSSDota,1,996533,997,0.000377632490484381,Pro,jungle dire
1771866,72,89,dire,%40MSSDota,1,997333,998,0.000378011259281256,Pro,jungle dire
1773133,71,89,dire,%40MSSDota,1,998600,999,0.000378390028078131,Pro,jungle dire
1774533,69,89,dire,%40MSSDota,1,1e+06,1000,0.000378768796875006,Pro,jungle dire
1775333,67,89,dire,%40MSSDota,1,1000800,1001,0.000379147565671881,Pro,jungle dire
1776000,66,90,dire,%40MSSDota,1,1001467,1002,0.000379526334468756,Pro,jungle dire
1777133,65,89,dire,%40MSSDota,1,1002600,1003,0.000379905103265631,Pro,jungle dire
1778200,65,90,dire,%40MSSDota,1,1003667,1004,0.000380283872062506,Pro,jungle dire
1779533,65,92,dire,%40MSSDota,1,1005000,1005,0.000380662640859381,Pro,jungle dire
1780466,66,92,dire,%40MSSDota,1,1005933,1006,0.000381041409656256,Pro,jungle dire
1780466,66,92,dire,%40MSSDota,1,1005933,1007,0.000381420178453131,Pro,jungle dire
1782533,67,92,dire,%40MSSDota,1,1008000,1008,0.000381798947250006,Pro,jungle dire
1782533,67,92,dire,%40MSSDota,1,1008000,1009,0.000382177716046881,Pro,jungle dire
1784533,68,92,dire,%40MSSDota,1,1010000,1010,0.000382556484843756,Pro,jungle dire
1784866,67,91,dire,%40MSSDota,1,1010333,1011,0.000382935253640631,Pro,jungle dire
1786400,68,91,dire,%40MSSDota,1,1011867,1012,0.000383314022437506,Pro,jungle dire
1787266,69,92,dire,%40MSSDota,1,1012733,1013,0.000383692791234381,Pro,jungle dire
1788466,72,92,dire,%40MSSDota,1,1013933,1014,0.000384071560031256,Pro,jungle dire
1789200,74,93,dire,%40MSSDota,1,1014667,1015,0.000384450328828131,Pro,jungle dire
1790466,77,94,dire,%40MSSDota,1,1015933,1016,0.000384829097625006,Pro,jungle dire
1791400,79,95,dire,%40MSSDota,1,1016867,1017,0.000385207866421881,Pro,jungle dire
1792333,81,97,dire,%40MSSDota,1,1017800,1018,0.000385586635218756,Pro,jungle dire
1793400,83,99,dire,%40MSSDota,1,1018867,1019,0.000385965404015631,Pro,toplane dire
1794466,85,101,dire,%40MSSDota,1,1019933,1020,0.000386344172812506,Pro,toplane dire
1795400,87,102,dire,%40MSSDota,1,1020867,1021,0.000386722941609381,Pro,base2 dire
1796400,89,103,dire,%40MSSDota,1,1021867,1022,0.000387101710406256,Pro,base2 dire
1797533,92,104,dire,%40MSSDota,1,1023000,1023,0.000387480479203131,Pro,base2 dire
1798200,94,104,dire,%40MSSDota,1,1023667,1024,0.000387859248000006,Pro,base2 dire
1799333,97,104,dire,%40MSSDota,1,1024800,1025,0.000388238016796881,Pro,base2 dire
1800466,100,104,dire,%40MSSDota,1,1025933,1026,0.000388616785593756,Pro,base2 dire
1801200,102,103,dire,%40MSSDota,1,1026667,1027,0.000388995554390631,Pro,base2 dire
1802400,105,103,dire,%40MSSDota,1,1027867,1028,0.000389374323187506,Pro,base2 dire
1803533,108,104,dire,%40MSSDota,1,1029000,1029,0.000389753091984381,Pro,base2 dire
1804333,110,104,dire,%40MSSDota,1,1029800,1030,0.000390131860781256,Pro,base2 dire
1805533,113,105,dire,%40MSSDota,1,1031000,1031,0.000390510629578131,Pro,base2 dire
1806333,115,106,dire,%40MSSDota,1,1031800,1032,0.000390889398375006,Pro,base2 dire
1807533,118,107,dire,%40MSSDota,1,1033000,1033,0.000391268167171881,Pro,base2 dire
1808133,119,108,dire,%40MSSDota,1,1033600,1034,0.000391646935968756,Pro,base2 dire
1808133,119,108,dire,%40MSSDota,1,1033600,1035,0.000392025704765631,Pro,base2 dire
1810200,120,108,dire,%40MSSDota,1,1035667,1036,0.000392404473562506,Pro,base2 dire
1811400,118,108,dire,%40MSSDota,1,1036867,1037,0.000392783242359381,Pro,base2 dire
1812200,117,107,dire,%40MSSDota,1,1037667,1038,0.000393162011156256,Pro,base2 dire
1813066,115,106,dire,%40MSSDota,1,1038533,1039,0.000393540779953131,Pro,base2 dire
1814466,113,103,dire,%40MSSDota,1,1039933,1040,0.000393919548750006,Pro,base2 dire
1815333,112,101,dire,%40MSSDota,1,1040800,1041,0.000394298317546881,Pro,base2 dire
1816200,111,99,dire,%40MSSDota,1,1041667,1042,0.000394677086343756,Pro,base2 dire
1817533,109,96,dire,%40MSSDota,1,1043000,1043,0.000395055855140631,Pro,base2 dire
1818533,107,95,dire,%40MSSDota,1,1044000,1044,0.000395434623937506,Pro,base2 dire
1819133,106,93,dire,%40MSSDota,1,1044600,1045,0.000395813392734381,Pro,base2 dire
1820200,104,91,dire,%40MSSDota,1,1045667,1046,0.000396192161531256,Pro,base2 dire
1821200,102,89,dire,%40MSSDota,1,1046667,1047,0.000396570930328131,Pro,base2 dire
1822533,100,87,dire,%40MSSDota,1,1048000,1048,0.000396949699125006,Pro,base2 dire
1823466,97,87,dire,%40MSSDota,1,1048933,1049,0.000397328467921881,Pro,base2 dire
1824400,95,85,dire,%40MSSDota,1,1049867,1050,0.000397707236718756,Pro,midlane dire
1825266,93,84,dire,%40MSSDota,1,1050733,1051,0.000398086005515631,Pro,midlane dire
1826133,91,83,dire,%40MSSDota,1,1051600,1052,0.000398464774312506,Pro,midlane dire
1827466,88,81,dire,%40MSSDota,1,1052933,1053,0.000398843543109381,Pro,midlane dire
1828266,86,80,dire,%40MSSDota,1,1053733,1054,0.000399222311906256,Pro,midlane dire
1829466,83,79,dire,%40MSSDota,1,1054933,1055,0.000399601080703131,Pro,midlane dire
1830533,81,77,dire,%40MSSDota,1,1056000,1056,0.000399979849500006,Pro,midlane dire
1831466,79,76,dire,%40MSSDota,1,1056933,1057,0.000400358618296881,Pro,midlane dire
1832533,77,75,dire,%40MSSDota,1,1058000,1058,0.000400737387093756,Pro,midlane dire
1833333,75,75,dire,%40MSSDota,1,1058800,1059,0.000401116155890631,Pro,midlane dire
1834533,72,75,dire,%40MSSDota,1,1060000,1060,0.000401494924687506,Pro,midlane dire
1835333,70,75,dire,%40MSSDota,1,1060800,1061,0.000401873693484381,Pro,midlane dire
1836533,67,76,dire,%40MSSDota,1,1062000,1062,0.000402252462281256,Pro,midlane dire
1837400,65,77,dire,%40MSSDota,1,1062867,1063,0.000402631231078131,Pro,jungle dire
1837400,65,77,dire,%40MSSDota,1,1062867,1064,0.000403009999875006,Pro,jungle dire
1839466,63,78,dire,%40MSSDota,1,1064933,1065,0.000403388768671881,Pro,jungle dire
1840533,63,77,dire,%40MSSDota,1,1066000,1066,0.000403767537468756,Pro,jungle dire
1841466,64,79,dire,%40MSSDota,1,1066933,1067,0.000404146306265631,Pro,jungle dire
1842400,65,81,dire,%40MSSDota,1,1067867,1068,0.000404525075062506,Pro,jungle dire
1843466,66,83,dire,%40MSSDota,1,1068933,1069,0.000404903843859381,Pro,jungle dire
1844333,68,84,dire,%40MSSDota,1,1069800,1070,0.000405282612656256,Pro,jungle dire
1844333,68,84,dire,%40MSSDota,1,1069800,1071,0.000405661381453131,Pro,jungle dire
1844333,68,84,dire,%40MSSDota,1,1069800,1072,0.000406040150250006,Pro,jungle dire
1844333,68,84,dire,%40MSSDota,1,1069800,1073,0.000406418919046881,Pro,jungle dire
1844333,68,84,dire,%40MSSDota,1,1069800,1074,0.000406797687843756,Pro,jungle dire
1844333,68,84,dire,%40MSSDota,1,1069800,1075,0.000407176456640631,Pro,jungle dire
1844333,68,84,dire,%40MSSDota,1,1069800,1076,0.000407555225437506,Pro,jungle dire
1844333,68,84,dire,%40MSSDota,1,1069800,1077,0.000407933994234381,Pro,jungle dire
1844333,68,84,dire,%40MSSDota,1,1069800,1078,0.000408312763031256,Pro,jungle dire
1844333,68,84,dire,%40MSSDota,1,1069800,1079,0.000408691531828131,Pro,jungle dire
1844333,68,84,dire,%40MSSDota,1,1069800,1080,0.000409070300625006,Pro,jungle dire
1855400,69,85,dire,%40MSSDota,1,1080867,1081,0.000409449069421881,Pro,jungle dire
1856133,67,86,dire,%40MSSDota,1,1081600,1082,0.000409827838218756,Pro,jungle dire
1856133,67,86,dire,%40MSSDota,1,1081600,1083,0.000410206607015631,Pro,jungle dire
1856133,67,86,dire,%40MSSDota,1,1081600,1084,0.000410585375812506,Pro,jungle dire
1856133,67,86,dire,%40MSSDota,1,1081600,1085,0.000410964144609381,Pro,jungle dire
1860133,67,86,dire,%40MSSDota,1,1085600,1086,0.000411342913406256,Pro,jungle dire
1861066,67,87,dire,%40MSSDota,1,1086533,1087,0.000411721682203131,Pro,jungle dire
1861066,67,87,dire,%40MSSDota,1,1086533,1088,0.000412100451000006,Pro,jungle dire
1861066,67,87,dire,%40MSSDota,1,1086533,1089,0.000412479219796881,Pro,jungle dire
1861066,67,87,dire,%40MSSDota,1,1086533,1090,0.000412857988593756,Pro,jungle dire
1861066,67,87,dire,%40MSSDota,1,1086533,1091,0.000413236757390631,Pro,jungle dire
1861066,67,87,dire,%40MSSDota,1,1086533,1092,0.000413615526187506,Pro,jungle dire
1867533,70,88,dire,%40MSSDota,1,1093000,1093,0.000413994294984381,Pro,jungle dire
1868466,72,89,dire,%40MSSDota,1,1093933,1094,0.000414373063781256,Pro,jungle dire
1869266,74,90,dire,%40MSSDota,1,1094733,1095,0.000414751832578131,Pro,jungle dire
1870533,77,90,dire,%40MSSDota,1,1096000,1096,0.000415130601375006,Pro,jungle dire
1871266,79,90,dire,%40MSSDota,1,1096733,1097,0.000415509370171881,Pro,jungle dire
1872533,80,87,dire,%40MSSDota,1,1098000,1098,0.000415888138968756,Pro,void dire
1873333,80,85,dire,%40MSSDota,1,1098800,1099,0.000416266907765631,Pro,midlane dire
1874400,78,83,dire,%40MSSDota,1,1099867,1100,0.000416645676562507,Pro,midlane dire
1875533,77,80,dire,%40MSSDota,1,1101000,1101,0.000417024445359382,Pro,midlane dire
1876333,77,78,dire,%40MSSDota,1,1101800,1102,0.000417403214156257,Pro,midlane dire
1877533,76,75,dire,%40MSSDota,1,1103000,1103,0.000417781982953132,Pro,midlane dire
1878400,75,73,dire,%40MSSDota,1,1103867,1104,0.000418160751750007,Pro,midlane dire
1879200,74,71,dire,%40MSSDota,1,1104667,1105,0.000418539520546882,Pro,midlane dire
1880066,74,69,dire,%40MSSDota,1,1105533,1106,0.000418918289343757,Pro,midlane dire
1881533,73,67,dire,%40MSSDota,1,1107000,1107,0.000419297058140632,Pro,midlane dire
1882466,72,66,dire,%40MSSDota,1,1107933,1108,0.000419675826937507,Pro,midlane dire
1883400,71,64,dire,%40MSSDota,1,1108867,1109,0.000420054595734382,Pro,midlane dire
1884533,73,64,dire,%40MSSDota,1,1110000,1110,0.000420433364531257,Pro,midlane dire
1884800,73,65,dire,%40MSSDota,1,1110267,1111,0.000420812133328132,Pro,midlane dire
1886400,73,66,dire,%40MSSDota,1,1111867,1112,0.000421190902125007,Pro,midlane dire
1887200,75,66,dire,%40MSSDota,1,1112667,1113,0.000421569670921882,Pro,midlane dire
1888000,77,66,dire,%40MSSDota,1,1113467,1114,0.000421948439718757,Pro,midlane dire
1889466,74,67,dire,%40MSSDota,1,1114933,1115,0.000422327208515632,Pro,midlane dire
1890533,72,66,dire,%40MSSDota,1,1116000,1116,0.000422705977312507,Pro,midlane dire
1891200,72,65,dire,%40MSSDota,1,1116667,1117,0.000423084746109382,Pro,midlane dire
1892400,71,63,dire,%40MSSDota,1,1117867,1118,0.000423463514906257,Pro,midlane dire
1893533,69,61,dire,%40MSSDota,1,1119000,1119,0.000423842283703132,Pro,jungle dire
1894466,67,60,dire,%40MSSDota,1,1119933,1120,0.000424221052500007,Pro,midlane dire
1894666,66,60,dire,%40MSSDota,1,1120133,1121,0.000424599821296882,Pro,midlane dire
1894666,66,60,dire,%40MSSDota,1,1120133,1122,0.000424978590093757,Pro,midlane dire
1897466,67,60,dire,%40MSSDota,1,1122933,1123,0.000425357358890632,Pro,midlane dire
1898533,67,59,dire,%40MSSDota,1,1124000,1124,0.000425736127687507,Pro,jungle dire
1898533,67,59,dire,%40MSSDota,1,1124000,1125,0.000426114896484382,Pro,jungle dire
1899666,66,59,dire,%40MSSDota,1,1125133,1126,0.000426493665281257,Pro,jungle dire
1901533,65,60,dire,%40MSSDota,1,1127000,1127,0.000426872434078132,Pro,midlane dire
1902533,64,60,dire,%40MSSDota,1,1128000,1128,0.000427251202875007,Pro,midlane dire
1903466,65,59,dire,%40MSSDota,1,1128933,1129,0.000427629971671882,Pro,void dire
1904533,66,59,dire,%40MSSDota,1,1130000,1130,0.000428008740468757,Pro,jungle dire
1904533,66,59,dire,%40MSSDota,1,1130000,1131,0.000428387509265632,Pro,jungle dire
1904533,66,59,dire,%40MSSDota,1,1130000,1132,0.000428766278062507,Pro,jungle dire
1907466,67,59,dire,%40MSSDota,1,1132933,1133,0.000429145046859382,Pro,jungle dire
1908266,69,59,dire,%40MSSDota,1,1133733,1134,0.000429523815656257,Pro,jungle dire
1909133,70,60,dire,%40MSSDota,1,1134600,1135,0.000429902584453132,Pro,jungle dire
1910400,71,60,dire,%40MSSDota,1,1135867,1136,0.000430281353250007,Pro,jungle dire
1911466,73,58,dire,%40MSSDota,1,1136933,1137,0.000430660122046882,Pro,jungle dire
1912466,75,57,dire,%40MSSDota,1,1137933,1138,0.000431038890843757,Pro,jungle dire
1913266,77,56,dire,%40MSSDota,1,1138733,1139,0.000431417659640632,Pro,jungle dire
1914533,79,55,dire,%40MSSDota,1,1140000,1140,0.000431796428437507,Pro,jungle dire
1915533,80,54,dire,%40MSSDota,1,1141000,1141,0.000432175197234382,Pro,jungle dire
1916533,80,54,dire,%40MSSDota,1,1142000,1142,0.000432553966031257,Pro,jungle dire
1917066,78,54,dire,%40MSSDota,1,1142533,1143,0.000432932734828132,Pro,jungle dire
1917066,78,54,dire,%40MSSDota,1,1142533,1144,0.000433311503625007,Pro,jungle dire
1917066,78,54,dire,%40MSSDota,1,1142533,1145,0.000433690272421882,Pro,jungle dire
1920133,78,54,dire,%40MSSDota,1,1145600,1146,0.000434069041218757,Pro,jungle dire
1920133,78,54,dire,%40MSSDota,1,1145600,1147,0.000434447810015632,Pro,jungle dire
1922333,79,52,dire,%40MSSDota,1,1147800,1148,0.000434826578812507,Pro,jungle dire
1923400,81,50,dire,%40MSSDota,1,1148867,1149,0.000435205347609382,Pro,jungle dire
1924466,84,51,dire,%40MSSDota,1,1149933,1150,0.000435584116406257,Pro,void dire
1925533,85,53,dire,%40MSSDota,1,1151000,1151,0.000435962885203132,Pro,pit dire
1925533,85,53,dire,%40MSSDota,1,1151000,1152,0.000436341654000007,Pro,pit dire
1925533,85,53,dire,%40MSSDota,1,1151000,1153,0.000436720422796882,Pro,pit dire
1925533,85,53,dire,%40MSSDota,1,1151000,1154,0.000437099191593757,Pro,pit dire
1925533,85,53,dire,%40MSSDota,1,1151000,1155,0.000437477960390632,Pro,pit dire
1930333,85,54,dire,%40MSSDota,1,1155800,1156,0.000437856729187507,Pro,pit dire
1931200,85,55,dire,%40MSSDota,1,1156667,1157,0.000438235497984382,Pro,pit dire
1932200,85,56,dire,%40MSSDota,1,1157667,1158,0.000438614266781257,Pro,pit dire
1932200,85,56,dire,%40MSSDota,1,1157667,1159,0.000438993035578132,Pro,pit dire
1934066,85,57,dire,%40MSSDota,1,1159533,1160,0.000439371804375007,Pro,pit dire
1935133,84,58,dire,%40MSSDota,1,1160600,1161,0.000439750573171882,Pro,pit dire
1935133,84,58,dire,%40MSSDota,1,1160600,1162,0.000440129341968757,Pro,pit dire
1935133,84,58,dire,%40MSSDota,1,1160600,1163,0.000440508110765632,Pro,pit dire
1935133,84,58,dire,%40MSSDota,1,1160600,1164,0.000440886879562507,Pro,pit dire
1935133,84,58,dire,%40MSSDota,1,1160600,1165,0.000441265648359382,Pro,pit dire
1935133,84,58,dire,%40MSSDota,1,1160600,1166,0.000441644417156257,Pro,pit dire
1935133,84,58,dire,%40MSSDota,1,1160600,1167,0.000442023185953132,Pro,pit dire
1935133,84,58,dire,%40MSSDota,1,1160600,1168,0.000442401954750007,Pro,pit dire
1935133,84,58,dire,%40MSSDota,1,1160600,1169,0.000442780723546882,Pro,pit dire
1935133,84,58,dire,%40MSSDota,1,1160600,1170,0.000443159492343757,Pro,pit dire
1935133,84,58,dire,%40MSSDota,1,1160600,1171,0.000443538261140632,Pro,pit dire
1935133,84,58,dire,%40MSSDota,1,1160600,1172,0.000443917029937507,Pro,pit dire
1935133,84,58,dire,%40MSSDota,1,1160600,1173,0.000444295798734382,Pro,pit dire
1935133,84,58,dire,%40MSSDota,1,1160600,1174,0.000444674567531257,Pro,pit dire
1935133,84,58,dire,%40MSSDota,1,1160600,1175,0.000445053336328132,Pro,pit dire
1950533,83,58,dire,%40MSSDota,1,1176000,1176,0.000445432105125007,Pro,pit dire
1951266,83,57,dire,%40MSSDota,1,1176733,1177,0.000445810873921882,Pro,pit dire
1952333,85,55,dire,%40MSSDota,1,1177800,1178,0.000446189642718757,Pro,pit dire
1953400,85,52,dire,%40MSSDota,1,1178867,1179,0.000446568411515632,Pro,jungle dire
1954466,83,51,dire,%40MSSDota,1,1179933,1180,0.000446947180312507,Pro,jungle dire
1955333,81,52,dire,%40MSSDota,1,1180800,1181,0.000447325949109382,Pro,jungle dire
1956533,79,54,dire,%40MSSDota,1,1182000,1182,0.000447704717906257,Pro,jungle dire
1956533,79,54,dire,%40MSSDota,1,1182000,1183,0.000448083486703132,Pro,jungle dire
1956533,79,54,dire,%40MSSDota,1,1182000,1184,0.000448462255500007,Pro,jungle dire
1956533,79,54,dire,%40MSSDota,1,1182000,1185,0.000448841024296882,Pro,jungle dire
1960466,30,104,dire,%40MSSDota,1,1185933,1186,0.000449219793093757,Pro,toplane dire
1961200,28,104,dire,%40MSSDota,1,1186667,1187,0.000449598561890632,Pro,toplane dire
1962400,25,103,dire,%40MSSDota,1,1187867,1188,0.000449977330687507,Pro,toplane dire
1963533,23,102,dire,%40MSSDota,1,1189000,1189,0.000450356099484382,Pro,toplane dire
1964466,20,102,dire,%40MSSDota,1,1189933,1190,0.000450734868281257,Pro,toplane dire
1964466,20,102,dire,%40MSSDota,1,1189933,1191,0.000451113637078132,Pro,toplane dire
1964466,20,102,dire,%40MSSDota,1,1189933,1192,0.000451492405875007,Pro,toplane dire
1964466,20,102,dire,%40MSSDota,1,1189933,1193,0.000451871174671882,Pro,toplane dire
1964466,20,102,dire,%40MSSDota,1,1189933,1194,0.000452249943468757,Pro,toplane dire
1968800,20,101,dire,%40MSSDota,1,1194267,1195,0.000452628712265632,Pro,toplane dire
1968800,20,101,dire,%40MSSDota,1,1194267,1196,0.000453007481062507,Pro,toplane dire
1970733,20,102,dire,%40MSSDota,1,1196200,1197,0.000453386249859382,Pro,toplane dire
1970733,20,102,dire,%40MSSDota,1,1196200,1198,0.000453765018656257,Pro,toplane dire
1970733,20,102,dire,%40MSSDota,1,1196200,1199,0.000454143787453132,Pro,toplane dire
1970733,20,102,dire,%40MSSDota,1,1196200,1200,0.000454522556250007,Pro,toplane dire
1970733,20,102,dire,%40MSSDota,1,1196200,1201,0.000454901325046882,Pro,toplane dire
1970733,20,102,dire,%40MSSDota,1,1196200,1202,0.000455280093843757,Pro,toplane dire
1970733,20,102,dire,%40MSSDota,1,1196200,1203,0.000455658862640632,Pro,toplane dire
1978400,20,100,dire,%40MSSDota,1,1203867,1204,0.000456037631437507,Pro,toplane dire
1978800,19,99,dire,%40MSSDota,1,1204267,1205,0.000456416400234382,Pro,toplane dire
1980133,19,98,dire,%40MSSDota,1,1205600,1206,0.000456795169031257,Pro,toplane dire
1981266,20,96,dire,%40MSSDota,1,1206733,1207,0.000457173937828132,Pro,toplane dire
1982466,20,93,dire,%40MSSDota,1,1207933,1208,0.000457552706625007,Pro,toplane dire
1983266,19,91,dire,%40MSSDota,1,1208733,1209,0.000457931475421882,Pro,toplane dire
1984066,18,89,dire,%40MSSDota,1,1209533,1210,0.000458310244218757,Pro,toplane dire
1985533,16,89,dire,%40MSSDota,1,1211000,1211,0.000458689013015632,Pro,toplane dire
1986266,15,91,dire,%40MSSDota,1,1211733,1212,0.000459067781812507,Pro,toplane dire
1987333,13,93,dire,%40MSSDota,1,1212800,1213,0.000459446550609382,Pro,toplane dire
1988133,15,93,dire,%40MSSDota,1,1213600,1214,0.000459825319406257,Pro,toplane dire
1988133,15,93,dire,%40MSSDota,1,1213600,1215,0.000460204088203132,Pro,toplane dire
1990533,13,92,dire,%40MSSDota,1,1216000,1216,0.000460582857000007,Pro,toplane dire
1991333,11,92,dire,%40MSSDota,1,1216800,1217,0.000460961625796882,Pro,toplane dire
1992400,12,91,dire,%40MSSDota,1,1217867,1218,0.000461340394593757,Pro,toplane dire
1993333,13,89,dire,%40MSSDota,1,1218800,1219,0.000461719163390632,Pro,toplane dire
1994533,13,86,dire,%40MSSDota,1,1220000,1220,0.000462097932187507,Pro,toplane dire
1995266,12,84,dire,%40MSSDota,1,1220733,1221,0.000462476700984382,Pro,toplane dire
1996266,12,82,dire,%40MSSDota,1,1221733,1222,0.000462855469781257,Pro,toplane dire
1997466,12,79,dire,%40MSSDota,1,1222933,1223,0.000463234238578132,Pro,toplane radiant
1998200,12,77,dire,%40MSSDota,1,1223667,1224,0.000463613007375007,Pro,toplane radiant
1999400,12,74,dire,%40MSSDota,1,1224867,1225,0.000463991776171882,Pro,toplane radiant
2000533,12,71,dire,%40MSSDota,1,1226000,1226,0.000464370544968757,Pro,toplane radiant
2001333,14,70,dire,%40MSSDota,1,1226800,1227,0.000464749313765632,Pro,toplane radiant
2002466,16,68,dire,%40MSSDota,1,1227933,1228,0.000465128082562507,Pro,toplane radiant
2003333,18,67,dire,%40MSSDota,1,1228800,1229,0.000465506851359382,Pro,toplane radiant
2004333,17,65,dire,%40MSSDota,1,1229800,1230,0.000465885620156257,Pro,toplane radiant
2004333,17,65,dire,%40MSSDota,1,1229800,1231,0.000466264388953132,Pro,toplane radiant
2006533,15,62,dire,%40MSSDota,1,1232000,1232,0.000466643157750007,Pro,toplane radiant
2006533,15,62,dire,%40MSSDota,1,1232000,1233,0.000467021926546882,Pro,toplane radiant
2006533,15,62,dire,%40MSSDota,1,1232000,1234,0.000467400695343757,Pro,toplane radiant
2009466,16,61,dire,%40MSSDota,1,1234933,1235,0.000467779464140632,Pro,toplane radiant
2009466,16,61,dire,%40MSSDota,1,1234933,1236,0.000468158232937507,Pro,toplane radiant
2009466,16,61,dire,%40MSSDota,1,1234933,1237,0.000468537001734382,Pro,toplane radiant
2009466,16,61,dire,%40MSSDota,1,1234933,1238,0.000468915770531257,Pro,toplane radiant
2013133,15,61,dire,%40MSSDota,1,1238600,1239,0.000469294539328132,Pro,toplane radiant
2013133,15,61,dire,%40MSSDota,1,1238600,1240,0.000469673308125007,Pro,toplane radiant
2015200,16,60,dire,%40MSSDota,1,1240667,1241,0.000470052076921882,Pro,toplane radiant
2015866,16,59,dire,%40MSSDota,1,1241333,1242,0.000470430845718757,Pro,toplane radiant
2016600,17,59,dire,%40MSSDota,1,1242067,1243,0.000470809614515632,Pro,toplane radiant
2016600,17,59,dire,%40MSSDota,1,1242067,1244,0.000471188383312507,Pro,toplane radiant
2016600,17,59,dire,%40MSSDota,1,1242067,1245,0.000471567152109382,Pro,toplane radiant
2016600,17,59,dire,%40MSSDota,1,1242067,1246,0.000471945920906257,Pro,toplane radiant
2016600,17,59,dire,%40MSSDota,1,1242067,1247,0.000472324689703132,Pro,toplane radiant
2016600,17,59,dire,%40MSSDota,1,1242067,1248,0.000472703458500007,Pro,toplane radiant
2016600,17,59,dire,%40MSSDota,1,1242067,1249,0.000473082227296882,Pro,toplane radiant
2016600,17,59,dire,%40MSSDota,1,1242067,1250,0.000473460996093757,Pro,toplane radiant
2016600,17,59,dire,%40MSSDota,1,1242067,1251,0.000473839764890632,Pro,toplane radiant
2016600,17,59,dire,%40MSSDota,1,1242067,1252,0.000474218533687507,Pro,toplane radiant
2016600,17,59,dire,%40MSSDota,1,1242067,1253,0.000474597302484382,Pro,toplane radiant
2016600,17,59,dire,%40MSSDota,1,1242067,1254,0.000474976071281257,Pro,toplane radiant
2016600,17,59,dire,%40MSSDota,1,1242067,1255,0.000475354840078132,Pro,toplane radiant
2016600,17,59,dire,%40MSSDota,1,1242067,1256,0.000475733608875007,Pro,toplane radiant
2016600,17,59,dire,%40MSSDota,1,1242067,1257,0.000476112377671882,Pro,toplane radiant
2016600,17,59,dire,%40MSSDota,1,1242067,1258,0.000476491146468757,Pro,toplane radiant
2016600,17,59,dire,%40MSSDota,1,1242067,1259,0.000476869915265632,Pro,toplane radiant
2016600,17,59,dire,%40MSSDota,1,1242067,1260,0.000477248684062507,Pro,toplane radiant
2016600,17,59,dire,%40MSSDota,1,1242067,1261,0.000477627452859382,Pro,toplane radiant
2016600,17,59,dire,%40MSSDota,1,1242067,1262,0.000478006221656257,Pro,toplane radiant
2016600,17,59,dire,%40MSSDota,1,1242067,1263,0.000478384990453132,Pro,toplane radiant
2016600,17,59,dire,%40MSSDota,1,1242067,1264,0.000478763759250007,Pro,toplane radiant
2016600,17,59,dire,%40MSSDota,1,1242067,1265,0.000479142528046882,Pro,toplane radiant
2040133,17,59,dire,%40MSSDota,1,1265600,1266,0.000479521296843757,Pro,toplane radiant
2040133,17,59,dire,%40MSSDota,1,1265600,1267,0.000479900065640632,Pro,toplane radiant
2040133,17,59,dire,%40MSSDota,1,1265600,1268,0.000480278834437507,Pro,toplane radiant
2040133,17,59,dire,%40MSSDota,1,1265600,1269,0.000480657603234383,Pro,toplane radiant
2040133,17,59,dire,%40MSSDota,1,1265600,1270,0.000481036372031258,Pro,toplane radiant
2040133,17,59,dire,%40MSSDota,1,1265600,1271,0.000481415140828133,Pro,toplane radiant
2040133,17,59,dire,%40MSSDota,1,1265600,1272,0.000481793909625008,Pro,toplane radiant
2040133,17,59,dire,%40MSSDota,1,1265600,1273,0.000482172678421883,Pro,toplane radiant
2040133,17,59,dire,%40MSSDota,1,1265600,1274,0.000482551447218758,Pro,toplane radiant
2040133,17,59,dire,%40MSSDota,1,1265600,1275,0.000482930216015633,Pro,toplane radiant
2040133,17,59,dire,%40MSSDota,1,1265600,1276,0.000483308984812508,Pro,toplane radiant
2040133,17,59,dire,%40MSSDota,1,1265600,1277,0.000483687753609383,Pro,toplane radiant
2040133,17,59,dire,%40MSSDota,1,1265600,1278,0.000484066522406258,Pro,toplane radiant
2040133,17,59,dire,%40MSSDota,1,1265600,1279,0.000484445291203133,Pro,toplane radiant
2040133,17,59,dire,%40MSSDota,1,1265600,1280,0.000484824060000008,Pro,toplane radiant
2040133,17,59,dire,%40MSSDota,1,1265600,1281,0.000485202828796883,Pro,toplane radiant
2040133,17,59,dire,%40MSSDota,1,1265600,1282,0.000485581597593758,Pro,toplane radiant
2040133,17,59,dire,%40MSSDota,1,1265600,1283,0.000485960366390633,Pro,toplane radiant
2040133,17,59,dire,%40MSSDota,1,1265600,1284,0.000486339135187508,Pro,toplane radiant
2040133,17,59,dire,%40MSSDota,1,1265600,1285,0.000486717903984383,Pro,toplane radiant
2040133,17,59,dire,%40MSSDota,1,1265600,1286,0.000487096672781258,Pro,toplane radiant
2040133,17,59,dire,%40MSSDota,1,1265600,1287,0.000487475441578133,Pro,toplane radiant
2040133,17,59,dire,%40MSSDota,1,1265600,1288,0.000487854210375008,Pro,toplane radiant
2040133,17,59,dire,%40MSSDota,1,1265600,1289,0.000488232979171883,Pro,toplane radiant
2040133,17,59,dire,%40MSSDota,1,1265600,1290,0.000488611747968758,Pro,toplane radiant
2040133,17,59,dire,%40MSSDota,1,1265600,1291,0.000488990516765633,Pro,toplane radiant
2040133,17,59,dire,%40MSSDota,1,1265600,1292,0.000489369285562508,Pro,toplane radiant
2040133,17,59,dire,%40MSSDota,1,1265600,1293,0.000489748054359383,Pro,toplane radiant
2040133,17,59,dire,%40MSSDota,1,1265600,1294,0.000490126823156258,Pro,toplane radiant
2040133,17,59,dire,%40MSSDota,1,1265600,1295,0.000490505591953133,Pro,toplane radiant
2040133,17,59,dire,%40MSSDota,1,1265600,1296,0.000490884360750008,Pro,toplane radiant
2040133,17,59,dire,%40MSSDota,1,1265600,1297,0.000491263129546883,Pro,toplane radiant
2040133,17,59,dire,%40MSSDota,1,1265600,1298,0.000491641898343758,Pro,toplane radiant
2040133,17,59,dire,%40MSSDota,1,1265600,1299,0.000492020667140633,Pro,toplane radiant
2040133,17,59,dire,%40MSSDota,1,1265600,1300,0.000492399435937508,Pro,toplane radiant
2040133,17,59,dire,%40MSSDota,1,1265600,1301,0.000492778204734383,Pro,toplane radiant
2040133,17,59,dire,%40MSSDota,1,1265600,1302,0.000493156973531258,Pro,toplane radiant
2040133,17,59,dire,%40MSSDota,1,1265600,1303,0.000493535742328133,Pro,toplane radiant
2040133,17,59,dire,%40MSSDota,1,1265600,1304,0.000493914511125008,Pro,toplane radiant
2040133,17,59,dire,%40MSSDota,1,1265600,1305,0.000494293279921883,Pro,toplane radiant
2040133,17,59,dire,%40MSSDota,1,1265600,1306,0.000494672048718758,Pro,toplane radiant
2040133,17,59,dire,%40MSSDota,1,1265600,1307,0.000495050817515633,Pro,toplane radiant
2040133,17,59,dire,%40MSSDota,1,1265600,1308,0.000495429586312508,Pro,toplane radiant
2083533,116,110,dire,%40MSSDota,1,1309000,1309,0.000495808355109383,Pro,base2 dire
2083533,116,110,dire,%40MSSDota,1,1309000,1310,0.000496187123906258,Pro,base2 dire
2083533,116,110,dire,%40MSSDota,1,1309000,1311,0.000496565892703133,Pro,base2 dire
2086333,114,108,dire,%40MSSDota,1,1311800,1312,0.000496944661500008,Pro,base2 dire
2086800,113,108,dire,%40MSSDota,1,1312267,1313,0.000497323430296883,Pro,base2 dire
2088200,111,108,dire,%40MSSDota,1,1313667,1314,0.000497702199093758,Pro,base2 dire
2089533,108,107,dire,%40MSSDota,1,1315000,1315,0.000498080967890633,Pro,base2 dire
2090466,106,108,dire,%40MSSDota,1,1315933,1316,0.000498459736687508,Pro,base2 dire
2091466,103,108,dire,%40MSSDota,1,1316933,1317,0.000498838505484383,Pro,base2 dire
2092200,101,108,dire,%40MSSDota,1,1317667,1318,0.000499217274281258,Pro,base2 dire
2093333,98,108,dire,%40MSSDota,1,1318800,1319,0.000499596043078133,Pro,base2 dire
2094466,95,108,dire,%40MSSDota,1,1319933,1320,0.000499974811875008,Pro,base2 dire
2095266,93,108,dire,%40MSSDota,1,1320733,1321,0.000500353580671883,Pro,base2 dire
2096466,91,106,dire,%40MSSDota,1,1321933,1322,0.000500732349468758,Pro,base2 dire
2097200,89,105,dire,%40MSSDota,1,1322667,1323,0.000501111118265633,Pro,base2 dire
2098333,87,103,dire,%40MSSDota,1,1323800,1324,0.000501489887062508,Pro,base2 dire
2099400,85,101,dire,%40MSSDota,1,1324867,1325,0.000501868655859383,Pro,toplane dire
2100400,83,99,dire,%40MSSDota,1,1325867,1326,0.000502247424656258,Pro,toplane dire
2101466,81,97,dire,%40MSSDota,1,1326933,1327,0.000502626193453133,Pro,jungle dire
2102333,79,96,dire,%40MSSDota,1,1327800,1328,0.000503004962250008,Pro,jungle dire
2103333,77,94,dire,%40MSSDota,1,1328800,1329,0.000503383731046883,Pro,jungle dire
2104533,75,92,dire,%40MSSDota,1,1330000,1330,0.000503762499843758,Pro,jungle dire
2105333,74,90,dire,%40MSSDota,1,1330800,1331,0.000504141268640633,Pro,jungle dire
2105733,74,89,dire,%40MSSDota,1,1331200,1332,0.000504520037437508,Pro,jungle dire
2105733,74,89,dire,%40MSSDota,1,1331200,1333,0.000504898806234383,Pro,jungle dire
2105733,74,89,dire,%40MSSDota,1,1331200,1334,0.000505277575031258,Pro,jungle dire
2105733,74,89,dire,%40MSSDota,1,1331200,1335,0.000505656343828133,Pro,jungle dire
2105733,74,89,dire,%40MSSDota,1,1331200,1336,0.000506035112625008,Pro,jungle dire
2105733,74,89,dire,%40MSSDota,1,1331200,1337,0.000506413881421883,Pro,jungle dire
2112400,76,91,dire,%40MSSDota,1,1337867,1338,0.000506792650218758,Pro,jungle dire
2113533,75,92,dire,%40MSSDota,1,1339000,1339,0.000507171419015633,Pro,jungle dire
2114400,73,93,dire,%40MSSDota,1,1339867,1340,0.000507550187812508,Pro,jungle dire
2115200,71,93,dire,%40MSSDota,1,1340667,1341,0.000507928956609383,Pro,jungle dire
2116400,68,93,dire,%40MSSDota,1,1341867,1342,0.000508307725406258,Pro,jungle dire
2117533,65,93,dire,%40MSSDota,1,1343000,1343,0.000508686494203133,Pro,jungle dire
2117933,64,92,dire,%40MSSDota,1,1343400,1344,0.000509065263000008,Pro,jungle dire
2117933,64,92,dire,%40MSSDota,1,1343400,1345,0.000509444031796883,Pro,jungle dire
2117933,64,92,dire,%40MSSDota,1,1343400,1346,0.000509822800593758,Pro,jungle dire
2121533,64,94,dire,%40MSSDota,1,1347000,1347,0.000510201569390633,Pro,jungle dire
2121533,64,94,dire,%40MSSDota,1,1347000,1348,0.000510580338187508,Pro,jungle dire
2123066,63,94,dire,%40MSSDota,1,1348533,1349,0.000510959106984383,Pro,jungle dire
2124133,63,94,dire,%40MSSDota,1,1349600,1350,0.000511337875781258,Pro,jungle dire
2125133,63,96,dire,%40MSSDota,1,1350600,1351,0.000511716644578133,Pro,jungle dire
2126466,61,98,dire,%40MSSDota,1,1351933,1352,0.000512095413375008,Pro,jungle dire
2127466,60,100,dire,%40MSSDota,1,1352933,1353,0.000512474182171883,Pro,jungle dire
2128266,60,102,dire,%40MSSDota,1,1353733,1354,0.000512852950968758,Pro,toplane dire
2129400,60,105,dire,%40MSSDota,1,1354867,1355,0.000513231719765633,Pro,toplane dire
2130200,60,107,dire,%40MSSDota,1,1355667,1356,0.000513610488562508,Pro,toplane dire
2130200,60,107,dire,%40MSSDota,1,1355667,1357,0.000513989257359383,Pro,toplane dire
2130200,60,107,dire,%40MSSDota,1,1355667,1358,0.000514368026156258,Pro,toplane dire
2130200,60,107,dire,%40MSSDota,1,1355667,1359,0.000514746794953133,Pro,toplane dire
2130200,60,107,dire,%40MSSDota,1,1355667,1360,0.000515125563750008,Pro,toplane dire
2130200,60,107,dire,%40MSSDota,1,1355667,1361,0.000515504332546883,Pro,toplane dire
2130200,60,107,dire,%40MSSDota,1,1355667,1362,0.000515883101343758,Pro,toplane dire
2130200,60,107,dire,%40MSSDota,1,1355667,1363,0.000516261870140633,Pro,toplane dire
2138266,58,108,dire,%40MSSDota,1,1363733,1364,0.000516640638937508,Pro,toplane dire
2139400,58,105,dire,%40MSSDota,1,1364867,1365,0.000517019407734383,Pro,toplane dire
2140200,58,103,dire,%40MSSDota,1,1365667,1366,0.000517398176531258,Pro,toplane dire
2141466,57,100,dire,%40MSSDota,1,1366933,1367,0.000517776945328133,Pro,jungle dire
2142200,57,98,dire,%40MSSDota,1,1367667,1368,0.000518155714125008,Pro,jungle dire
2143400,56,95,dire,%40MSSDota,1,1368867,1369,0.000518534482921883,Pro,jungle dire
2144333,55,93,dire,%40MSSDota,1,1369800,1370,0.000518913251718758,Pro,jungle dire
2145466,54,90,dire,%40MSSDota,1,1370933,1371,0.000519292020515633,Pro,jungle dire
2146466,53,88,dire,%40MSSDota,1,1371933,1372,0.000519670789312508,Pro,jungle dire
2147533,54,87,dire,%40MSSDota,1,1373000,1373,0.000520049558109383,Pro,jungle dire
2147933,53,87,dire,%40MSSDota,1,1373400,1374,0.000520428326906258,Pro,jungle dire
2149533,55,89,dire,%40MSSDota,1,1375000,1375,0.000520807095703133,Pro,jungle dire
2150200,56,91,dire,%40MSSDota,1,1375667,1376,0.000521185864500008,Pro,jungle dire
2151466,59,91,dire,%40MSSDota,1,1376933,1377,0.000521564633296883,Pro,jungle dire
2152200,61,92,dire,%40MSSDota,1,1377667,1378,0.000521943402093758,Pro,jungle dire
2153400,64,92,dire,%40MSSDota,1,1378867,1379,0.000522322170890633,Pro,jungle dire
2154333,66,91,dire,%40MSSDota,1,1379800,1380,0.000522700939687508,Pro,jungle dire
2155400,68,89,dire,%40MSSDota,1,1380867,1381,0.000523079708484383,Pro,jungle dire
2156533,70,90,dire,%40MSSDota,1,1382000,1382,0.000523458477281258,Pro,jungle dire
2157400,73,90,dire,%40MSSDota,1,1382867,1383,0.000523837246078133,Pro,jungle dire
2158200,75,90,dire,%40MSSDota,1,1383667,1384,0.000524216014875008,Pro,jungle dire
2159400,78,90,dire,%40MSSDota,1,1384867,1385,0.000524594783671883,Pro,jungle dire
2160400,80,89,dire,%40MSSDota,1,1385867,1386,0.000524973552468758,Pro,jungle dire
2161400,80,86,dire,%40MSSDota,1,1386867,1387,0.000525352321265633,Pro,midlane dire
2162400,79,84,dire,%40MSSDota,1,1387867,1388,0.000525731090062508,Pro,midlane dire
2163266,78,82,dire,%40MSSDota,1,1388733,1389,0.000526109858859383,Pro,midlane dire
2163666,78,81,dire,%40MSSDota,1,1389133,1390,0.000526488627656258,Pro,midlane dire
2165533,77,80,dire,%40MSSDota,1,1391000,1391,0.000526867396453133,Pro,midlane dire
2166400,77,78,dire,%40MSSDota,1,1391867,1392,0.000527246165250008,Pro,midlane dire
2167200,76,76,dire,%40MSSDota,1,1392667,1393,0.000527624934046883,Pro,midlane dire
2168266,74,75,dire,%40MSSDota,1,1393733,1394,0.000528003702843758,Pro,midlane dire
2169466,71,75,dire,%40MSSDota,1,1394933,1395,0.000528382471640633,Pro,midlane dire
2170533,74,75,dire,%40MSSDota,1,1396000,1396,0.000528761240437508,Pro,midlane dire
2171533,74,72,dire,%40MSSDota,1,1397000,1397,0.000529140009234383,Pro,midlane dire
2172333,74,74,dire,%40MSSDota,1,1397800,1398,0.000529518778031258,Pro,midlane dire
2173266,73,76,dire,%40MSSDota,1,1398733,1399,0.000529897546828133,Pro,midlane dire
2174333,71,78,dire,%40MSSDota,1,1399800,1400,0.000530276315625008,Pro,midlane dire
2175200,70,80,dire,%40MSSDota,1,1400667,1401,0.000530655084421883,Pro,void dire
2176533,69,82,dire,%40MSSDota,1,1402000,1402,0.000531033853218758,Pro,jungle dire
2177333,69,84,dire,%40MSSDota,1,1402800,1403,0.000531412622015633,Pro,jungle dire
2178266,69,86,dire,%40MSSDota,1,1403733,1404,0.000531791390812508,Pro,jungle dire
2178266,69,86,dire,%40MSSDota,1,1403733,1405,0.000532170159609383,Pro,jungle dire
2178266,69,86,dire,%40MSSDota,1,1403733,1406,0.000532548928406258,Pro,jungle dire
2178266,69,86,dire,%40MSSDota,1,1403733,1407,0.000532927697203133,Pro,jungle dire
2178266,69,86,dire,%40MSSDota,1,1403733,1408,0.000533306466000008,Pro,jungle dire
2178266,69,86,dire,%40MSSDota,1,1403733,1409,0.000533685234796883,Pro,jungle dire
2178266,69,86,dire,%40MSSDota,1,1403733,1410,0.000534064003593758,Pro,jungle dire
2178266,69,86,dire,%40MSSDota,1,1403733,1411,0.000534442772390633,Pro,jungle dire
2178266,69,86,dire,%40MSSDota,1,1403733,1412,0.000534821541187508,Pro,jungle dire
2178266,69,86,dire,%40MSSDota,1,1403733,1413,0.000535200309984383,Pro,jungle dire
2188133,70,86,dire,%40MSSDota,1,1413600,1414,0.000535579078781258,Pro,jungle dire
2189000,71,86,dire,%40MSSDota,1,1414467,1415,0.000535957847578133,Pro,jungle dire
2189000,71,86,dire,%40MSSDota,1,1414467,1416,0.000536336616375008,Pro,jungle dire
2189000,71,86,dire,%40MSSDota,1,1414467,1417,0.000536715385171883,Pro,jungle dire
2189000,71,86,dire,%40MSSDota,1,1414467,1418,0.000537094153968758,Pro,jungle dire
2189000,71,86,dire,%40MSSDota,1,1414467,1419,0.000537472922765633,Pro,jungle dire
2189000,71,86,dire,%40MSSDota,1,1414467,1420,0.000537851691562508,Pro,jungle dire
2195466,71,88,dire,%40MSSDota,1,1420933,1421,0.000538230460359383,Pro,jungle dire
2196266,71,90,dire,%40MSSDota,1,1421733,1422,0.000538609229156258,Pro,jungle dire
2197466,70,93,dire,%40MSSDota,1,1422933,1423,0.000538987997953133,Pro,jungle dire
2197866,70,94,dire,%40MSSDota,1,1423333,1424,0.000539366766750008,Pro,jungle dire
2199466,69,96,dire,%40MSSDota,1,1424933,1425,0.000539745535546883,Pro,jungle dire
2200333,66,96,dire,%40MSSDota,1,1425800,1426,0.000540124304343758,Pro,jungle dire
2201533,63,96,dire,%40MSSDota,1,1427000,1427,0.000540503073140633,Pro,jungle dire
2202333,61,96,dire,%40MSSDota,1,1427800,1428,0.000540881841937508,Pro,jungle dire
2203533,60,93,dire,%40MSSDota,1,1429000,1429,0.000541260610734383,Pro,jungle dire
2204400,61,93,dire,%40MSSDota,1,1429867,1430,0.000541639379531258,Pro,jungle dire
2205533,61,94,dire,%40MSSDota,1,1431000,1431,0.000542018148328133,Pro,jungle dire
2206466,64,93,dire,%40MSSDota,1,1431933,1432,0.000542396917125008,Pro,jungle dire
2207266,66,93,dire,%40MSSDota,1,1432733,1433,0.000542775685921884,Pro,jungle dire
2208533,69,92,dire,%40MSSDota,1,1434000,1434,0.000543154454718759,Pro,jungle dire
2209266,69,92,dire,%40MSSDota,1,1434733,1435,0.000543533223515634,Pro,jungle dire
2210200,69,92,dire,%40MSSDota,1,1435667,1436,0.000543911992312509,Pro,jungle dire
2211466,72,91,dire,%40MSSDota,1,1436933,1437,0.000544290761109384,Pro,jungle dire
2212333,74,91,dire,%40MSSDota,1,1437800,1438,0.000544669529906259,Pro,jungle dire
2213533,77,91,dire,%40MSSDota,1,1439000,1439,0.000545048298703134,Pro,jungle dire
2214266,79,90,dire,%40MSSDota,1,1439733,1440,0.000545427067500009,Pro,jungle dire
2215533,80,87,dire,%40MSSDota,1,1441000,1441,0.000545805836296884,Pro,void dire
2216266,80,85,dire,%40MSSDota,1,1441733,1442,0.000546184605093759,Pro,midlane dire
2217333,80,83,dire,%40MSSDota,1,1442800,1443,0.000546563373890634,Pro,midlane dire
2218400,79,80,dire,%40MSSDota,1,1443867,1444,0.000546942142687509,Pro,midlane dire
2219466,78,79,dire,%40MSSDota,1,1444933,1445,0.000547320911484384,Pro,midlane dire
2220400,77,77,dire,%40MSSDota,1,1445867,1446,0.000547699680281259,Pro,midlane dire
2221266,76,75,dire,%40MSSDota,1,1446733,1447,0.000548078449078134,Pro,midlane dire
2222400,76,72,dire,%40MSSDota,1,1447867,1448,0.000548457217875009,Pro,midlane dire
2223533,77,69,dire,%40MSSDota,1,1449000,1449,0.000548835986671884,Pro,midlane dire
2224266,77,67,dire,%40MSSDota,1,1449733,1450,0.000549214755468759,Pro,midlane dire
2225400,77,64,dire,%40MSSDota,1,1450867,1451,0.000549593524265634,Pro,midlane dire
2226200,77,62,dire,%40MSSDota,1,1451667,1452,0.000549972293062509,Pro,jungle dire
2227466,78,59,dire,%40MSSDota,1,1452933,1453,0.000550351061859384,Pro,jungle dire
2228200,79,57,dire,%40MSSDota,1,1453667,1454,0.000550729830656259,Pro,jungle dire
2229333,79,54,dire,%40MSSDota,1,1454800,1455,0.000551108599453134,Pro,jungle dire
2230533,80,51,dire,%40MSSDota,1,1456000,1456,0.000551487368250009,Pro,jungle dire
2231400,81,49,dire,%40MSSDota,1,1456867,1457,0.000551866137046884,Pro,jungle dire
2232333,82,47,dire,%40MSSDota,1,1457800,1458,0.000552244905843759,Pro,void dire
2233533,82,44,dire,%40MSSDota,1,1459000,1459,0.000552623674640634,Pro,river
2234266,82,42,dire,%40MSSDota,1,1459733,1460,0.000553002443437509,Pro,river
2235400,82,39,dire,%40MSSDota,1,1460867,1461,0.000553381212234384,Pro,river
2236400,82,37,dire,%40MSSDota,1,1461867,1462,0.000553759981031259,Pro,void radiant
2237133,82,35,dire,%40MSSDota,1,1462600,1463,0.000554138749828134,Pro,jungle radiant
2237133,82,35,dire,%40MSSDota,1,1462600,1464,0.000554517518625009,Pro,jungle radiant
2239466,81,35,dire,%40MSSDota,1,1464933,1465,0.000554896287421884,Pro,jungle radiant
2240200,82,33,dire,%40MSSDota,1,1465667,1466,0.000555275056218759,Pro,jungle radiant
2241533,83,30,dire,%40MSSDota,1,1467000,1467,0.000555653825015634,Pro,jungle radiant
2242333,82,28,dire,%40MSSDota,1,1467800,1468,0.000556032593812509,Pro,jungle radiant
2243133,81,26,dire,%40MSSDota,1,1468600,1469,0.000556411362609384,Pro,jungle radiant
2244200,79,24,dire,%40MSSDota,1,1469667,1470,0.000556790131406259,Pro,jungle radiant
2245533,76,22,dire,%40MSSDota,1,1471000,1471,0.000557168900203134,Pro,jungle radiant
2246400,75,20,dire,%40MSSDota,1,1471867,1472,0.000557547669000009,Pro,jungle radiant
2247266,74,18,dire,%40MSSDota,1,1472733,1473,0.000557926437796884,Pro,jungle radiant
2248266,73,16,dire,%40MSSDota,1,1473733,1474,0.000558305206593759,Pro,bottomlane radiant
2249533,74,13,dire,%40MSSDota,1,1475000,1475,0.000558683975390634,Pro,bottomlane radiant
2250266,73,11,dire,%40MSSDota,1,1475733,1476,0.000559062744187509,Pro,bottomlane radiant
2251533,72,8,dire,%40MSSDota,1,1477000,1477,0.000559441512984384,Pro,bottomlane radiant
2251733,71,8,dire,%40MSSDota,1,1477200,1478,0.000559820281781259,Pro,bottomlane radiant
2251733,71,8,dire,%40MSSDota,1,1477200,1479,0.000560199050578134,Pro,bottomlane radiant
2254333,72,10,dire,%40MSSDota,1,1479800,1480,0.000560577819375009,Pro,bottomlane radiant
2255533,73,13,dire,%40MSSDota,1,1481000,1481,0.000560956588171884,Pro,bottomlane radiant
2256533,73,16,dire,%40MSSDota,1,1482000,1482,0.000561335356968759,Pro,bottomlane radiant
2257400,74,18,dire,%40MSSDota,1,1482867,1483,0.000561714125765634,Pro,jungle radiant
2257400,74,18,dire,%40MSSDota,1,1482867,1484,0.000562092894562509,Pro,jungle radiant
2259533,75,21,dire,%40MSSDota,1,1485000,1485,0.000562471663359384,Pro,jungle radiant
2260266,76,23,dire,%40MSSDota,1,1485733,1486,0.000562850432156259,Pro,jungle radiant
2261533,74,26,dire,%40MSSDota,1,1487000,1487,0.000563229200953134,Pro,jungle radiant
2262266,73,28,dire,%40MSSDota,1,1487733,1488,0.000563607969750009,Pro,jungle radiant
2263533,72,30,dire,%40MSSDota,1,1489000,1489,0.000563986738546884,Pro,jungle radiant
2264266,71,32,dire,%40MSSDota,1,1489733,1490,0.000564365507343759,Pro,jungle radiant
2265400,71,35,dire,%40MSSDota,1,1490867,1491,0.000564744276140634,Pro,jungle radiant
2265866,70,36,dire,%40MSSDota,1,1491333,1492,0.000565123044937509,Pro,jungle radiant
2267333,69,37,dire,%40MSSDota,1,1492800,1493,0.000565501813734384,Pro,jungle radiant
2267333,69,37,dire,%40MSSDota,1,1492800,1494,0.000565880582531259,Pro,jungle radiant
2268600,68,38,dire,%40MSSDota,1,1494067,1495,0.000566259351328134,Pro,jungle radiant
2268600,68,38,dire,%40MSSDota,1,1494067,1496,0.000566638120125009,Pro,jungle radiant
2270600,68,39,dire,%40MSSDota,1,1496067,1497,0.000567016888921884,Pro,jungle radiant
2272200,70,40,dire,%40MSSDota,1,1497667,1498,0.000567395657718759,Pro,jungle radiant
2273466,69,40,dire,%40MSSDota,1,1498933,1499,0.000567774426515634,Pro,jungle radiant
2274533,66,40,dire,%40MSSDota,1,1500000,1500,0.000568153195312509,Pro,jungle radiant
2275200,64,40,dire,%40MSSDota,1,1500667,1501,0.000568531964109384,Pro,jungle radiant
2276333,62,40,dire,%40MSSDota,1,1501800,1502,0.000568910732906259,Pro,jungle radiant
2277533,61,41,dire,%40MSSDota,1,1503000,1503,0.000569289501703134,Pro,jungle radiant
2278333,59,42,dire,%40MSSDota,1,1503800,1504,0.000569668270500009,Pro,jungle radiant
2279333,57,42,dire,%40MSSDota,1,1504800,1505,0.000570047039296884,Pro,jungle radiant
2280133,57,42,dire,%40MSSDota,1,1505600,1506,0.000570425808093759,Pro,jungle radiant
2280133,57,42,dire,%40MSSDota,1,1505600,1507,0.000570804576890634,Pro,jungle radiant
2280133,57,42,dire,%40MSSDota,1,1505600,1508,0.000571183345687509,Pro,jungle radiant
2280133,57,42,dire,%40MSSDota,1,1505600,1509,0.000571562114484384,Pro,jungle radiant
2284533,55,41,dire,%40MSSDota,1,1510000,1510,0.000571940883281259,Pro,jungle radiant
2285133,54,40,dire,%40MSSDota,1,1510600,1511,0.000572319652078134,Pro,jungle radiant
2286400,53,38,dire,%40MSSDota,1,1511867,1512,0.000572698420875009,Pro,jungle radiant
2287400,51,36,dire,%40MSSDota,1,1512867,1513,0.000573077189671884,Pro,jungle radiant
2288400,49,34,dire,%40MSSDota,1,1513867,1514,0.000573455958468759,Pro,void radiant
2289400,49,36,dire,%40MSSDota,1,1514867,1515,0.000573834727265634,Pro,jungle radiant
2289800,48,36,dire,%40MSSDota,1,1515267,1516,0.000574213496062509,Pro,jungle radiant
2291466,47,33,dire,%40MSSDota,1,1516933,1517,0.000574592264859384,Pro,jungle radiant
2292400,45,32,dire,%40MSSDota,1,1517867,1518,0.000574971033656259,Pro,jungle radiant
2293466,42,32,dire,%40MSSDota,1,1518933,1519,0.000575349802453134,Pro,midlane radiant
2294200,40,32,dire,%40MSSDota,1,1519667,1520,0.000575728571250009,Pro,midlane radiant
2295266,38,32,dire,%40MSSDota,1,1520733,1521,0.000576107340046884,Pro,midlane radiant
2296400,35,32,dire,%40MSSDota,1,1521867,1522,0.000576486108843759,Pro,midlane radiant
2297533,33,30,dire,%40MSSDota,1,1523000,1523,0.000576864877640634,Pro,midlane radiant
2297533,33,30,dire,%40MSSDota,1,1523000,1524,0.000577243646437509,Pro,midlane radiant
2297533,33,30,dire,%40MSSDota,1,1523000,1525,0.000577622415234384,Pro,midlane radiant
2300333,34,31,dire,%40MSSDota,1,1525800,1526,0.000578001184031259,Pro,midlane radiant
2301533,37,33,dire,%40MSSDota,1,1527000,1527,0.000578379952828134,Pro,midlane radiant
2301933,38,33,dire,%40MSSDota,1,1527400,1528,0.000578758721625009,Pro,midlane radiant
2303200,40,32,dire,%40MSSDota,1,1528667,1529,0.000579137490421884,Pro,midlane radiant
2303800,39,32,dire,%40MSSDota,1,1529267,1530,0.000579516259218759,Pro,midlane radiant
2303800,39,32,dire,%40MSSDota,1,1529267,1531,0.000579895028015634,Pro,midlane radiant
2303800,39,32,dire,%40MSSDota,1,1529267,1532,0.000580273796812509,Pro,midlane radiant
2306933,39,33,dire,%40MSSDota,1,1532400,1533,0.000580652565609384,Pro,midlane radiant
2307933,40,34,dire,%40MSSDota,1,1533400,1534,0.000581031334406259,Pro,midlane radiant
2308866,41,35,dire,%40MSSDota,1,1534333,1535,0.000581410103203134,Pro,midlane radiant
2310400,41,37,dire,%40MSSDota,1,1535867,1536,0.000581788872000009,Pro,midlane radiant
2311333,40,37,dire,%40MSSDota,1,1536800,1537,0.000582167640796884,Pro,midlane radiant
2311333,40,37,dire,%40MSSDota,1,1536800,1538,0.000582546409593759,Pro,midlane radiant
2311333,40,37,dire,%40MSSDota,1,1536800,1539,0.000582925178390634,Pro,midlane radiant
2311333,40,37,dire,%40MSSDota,1,1536800,1540,0.000583303947187509,Pro,midlane radiant
2315400,39,35,dire,%40MSSDota,1,1540867,1541,0.000583682715984384,Pro,midlane radiant
2316466,37,33,dire,%40MSSDota,1,1541933,1542,0.000584061484781259,Pro,midlane radiant
2316866,36,33,dire,%40MSSDota,1,1542333,1543,0.000584440253578134,Pro,midlane radiant
2318466,36,32,dire,%40MSSDota,1,1543933,1544,0.000584819022375009,Pro,midlane radiant
2318466,36,32,dire,%40MSSDota,1,1543933,1545,0.000585197791171884,Pro,midlane radiant
2318466,36,32,dire,%40MSSDota,1,1543933,1546,0.000585576559968759,Pro,midlane radiant
2321466,34,30,dire,%40MSSDota,1,1546933,1547,0.000585955328765634,Pro,midlane radiant
2321666,33,30,dire,%40MSSDota,1,1547133,1548,0.000586334097562509,Pro,midlane radiant
2321666,33,30,dire,%40MSSDota,1,1547133,1549,0.000586712866359384,Pro,midlane radiant
2324533,32,29,dire,%40MSSDota,1,1550000,1550,0.000587091635156259,Pro,midlane radiant
2325000,31,29,dire,%40MSSDota,1,1550467,1551,0.000587470403953134,Pro,midlane radiant
2326400,32,30,dire,%40MSSDota,1,1551867,1552,0.000587849172750009,Pro,midlane radiant
2326800,33,30,dire,%40MSSDota,1,1552267,1553,0.000588227941546884,Pro,midlane radiant
2326800,33,30,dire,%40MSSDota,1,1552267,1554,0.000588606710343759,Pro,midlane radiant
2329200,32,31,dire,%40MSSDota,1,1554667,1555,0.000588985479140634,Pro,midlane radiant
2329200,32,31,dire,%40MSSDota,1,1554667,1556,0.000589364247937509,Pro,midlane radiant
2329200,32,31,dire,%40MSSDota,1,1554667,1557,0.000589743016734384,Pro,midlane radiant
2331666,32,32,dire,%40MSSDota,1,1557133,1558,0.000590121785531259,Pro,midlane radiant
2331666,32,32,dire,%40MSSDota,1,1557133,1559,0.000590500554328134,Pro,midlane radiant
2331666,32,32,dire,%40MSSDota,1,1557133,1560,0.000590879323125009,Pro,midlane radiant
2335266,32,34,dire,%40MSSDota,1,1560733,1561,0.000591258091921884,Pro,midlane radiant
2336200,30,33,dire,%40MSSDota,1,1561667,1562,0.000591636860718759,Pro,midlane radiant
2337533,31,32,dire,%40MSSDota,1,1563000,1563,0.000592015629515634,Pro,midlane radiant
2338533,32,34,dire,%40MSSDota,1,1564000,1564,0.000592394398312509,Pro,midlane radiant
2339466,35,35,dire,%40MSSDota,1,1564933,1565,0.000592773167109384,Pro,midlane radiant
2340466,37,37,dire,%40MSSDota,1,1565933,1566,0.000593151935906259,Pro,midlane radiant
2341200,35,36,dire,%40MSSDota,1,1566667,1567,0.000593530704703134,Pro,midlane radiant
2341933,36,35,dire,%40MSSDota,1,1567400,1568,0.000593909473500009,Pro,midlane radiant
2343333,36,33,dire,%40MSSDota,1,1568800,1569,0.000594288242296884,Pro,midlane radiant
2344466,36,35,dire,%40MSSDota,1,1569933,1570,0.000594667011093759,Pro,midlane radiant
2345200,34,34,dire,%40MSSDota,1,1570667,1571,0.000595045779890634,Pro,midlane radiant
2346533,35,31,dire,%40MSSDota,1,1572000,1572,0.000595424548687509,Pro,midlane radiant
2347466,36,30,dire,%40MSSDota,1,1572933,1573,0.000595803317484384,Pro,midlane radiant
2348466,39,31,dire,%40MSSDota,1,1573933,1574,0.000596182086281259,Pro,midlane radiant
2349333,41,32,dire,%40MSSDota,1,1574800,1575,0.000596560855078134,Pro,midlane radiant
2350466,44,32,dire,%40MSSDota,1,1575933,1576,0.000596939623875009,Pro,midlane radiant
2351200,46,32,dire,%40MSSDota,1,1576667,1577,0.000597318392671884,Pro,jungle radiant
2352533,49,32,dire,%40MSSDota,1,1578000,1578,0.000597697161468759,Pro,jungle radiant
2353533,52,32,dire,%40MSSDota,1,1579000,1579,0.000598075930265634,Pro,jungle radiant
2354400,54,34,dire,%40MSSDota,1,1579867,1580,0.000598454699062509,Pro,jungle radiant
2355333,56,35,dire,%40MSSDota,1,1580800,1581,0.000598833467859384,Pro,void radiant
2356133,58,36,dire,%40MSSDota,1,1581600,1582,0.000599212236656259,Pro,void radiant
2357400,61,37,dire,%40MSSDota,1,1582867,1583,0.000599591005453134,Pro,jungle radiant
2358333,63,39,dire,%40MSSDota,1,1583800,1584,0.000599969774250009,Pro,jungle radiant
2359533,66,39,dire,%40MSSDota,1,1585000,1585,0.000600348543046884,Pro,jungle radiant
2360466,68,37,dire,%40MSSDota,1,1585933,1586,0.000600727311843759,Pro,jungle radiant
2361266,69,35,dire,%40MSSDota,1,1586733,1587,0.000601106080640634,Pro,jungle radiant
2362533,70,33,dire,%40MSSDota,1,1588000,1588,0.000601484849437509,Pro,jungle radiant
2363400,70,31,dire,%40MSSDota,1,1588867,1589,0.000601863618234384,Pro,jungle radiant
2364533,71,28,dire,%40MSSDota,1,1590000,1590,0.000602242387031259,Pro,jungle radiant
2365266,73,28,dire,%40MSSDota,1,1590733,1591,0.000602621155828134,Pro,jungle radiant
2366400,76,28,dire,%40MSSDota,1,1591867,1592,0.000602999924625009,Pro,jungle radiant
2367200,78,28,dire,%40MSSDota,1,1592667,1593,0.000603378693421884,Pro,jungle radiant
2368400,81,28,dire,%40MSSDota,1,1593867,1594,0.000603757462218759,Pro,jungle radiant
2369266,83,29,dire,%40MSSDota,1,1594733,1595,0.000604136231015634,Pro,jungle radiant
2370400,86,29,dire,%40MSSDota,1,1595867,1596,0.000604514999812509,Pro,jungle radiant
2371200,88,29,dire,%40MSSDota,1,1596667,1597,0.000604893768609384,Pro,jungle radiant
2371666,88,30,dire,%40MSSDota,1,1597133,1598,0.000605272537406259,Pro,jungle radiant
2371666,88,30,dire,%40MSSDota,1,1597133,1599,0.000605651306203134,Pro,jungle radiant
2371666,88,30,dire,%40MSSDota,1,1597133,1600,0.000606030075000009,Pro,jungle radiant
2371666,88,30,dire,%40MSSDota,1,1597133,1601,0.000606408843796884,Pro,jungle radiant
2371666,88,30,dire,%40MSSDota,1,1597133,1602,0.000606787612593759,Pro,jungle radiant
2376800,89,29,dire,%40MSSDota,1,1602267,1603,0.000607166381390634,Pro,jungle radiant
2377866,90,30,dire,%40MSSDota,1,1603333,1604,0.000607545150187509,Pro,jungle radiant
2377866,90,30,dire,%40MSSDota,1,1603333,1605,0.000607923918984384,Pro,jungle radiant
2380333,91,30,dire,%40MSSDota,1,1605800,1606,0.000608302687781259,Pro,jungle radiant
2381533,94,30,dire,%40MSSDota,1,1607000,1607,0.000608681456578134,Pro,jungle radiant
2382333,96,30,dire,%40MSSDota,1,1607800,1608,0.000609060225375009,Pro,jungle radiant
2383466,99,31,dire,%40MSSDota,1,1608933,1609,0.000609438994171884,Pro,void radiant
2384400,101,32,dire,%40MSSDota,1,1609867,1610,0.000609817762968759,Pro,river
2384866,102,32,dire,%40MSSDota,1,1610333,1611,0.000610196531765635,Pro,river
2386200,104,33,dire,%40MSSDota,1,1611667,1612,0.00061057530056251,Pro,river
2387466,107,34,dire,%40MSSDota,1,1612933,1613,0.000610954069359385,Pro,river
2388266,109,35,dire,%40MSSDota,1,1613733,1614,0.00061133283815626,Pro,bottomlane radiant
2389400,112,35,dire,%40MSSDota,1,1614867,1615,0.000611711606953135,Pro,bottomlane radiant
2389400,112,35,dire,%40MSSDota,1,1614867,1616,0.00061209037575001,Pro,bottomlane radiant
2391533,113,36,dire,%40MSSDota,1,1617000,1617,0.000612469144546885,Pro,bottomlane radiant
2392533,114,38,dire,%40MSSDota,1,1618000,1618,0.00061284791334376,Pro,bottomlane dire
2393333,116,39,dire,%40MSSDota,1,1618800,1619,0.000613226682140635,Pro,bottomlane dire
2393333,116,39,dire,%40MSSDota,1,1618800,1620,0.00061360545093751,Pro,bottomlane dire
2393333,116,39,dire,%40MSSDota,1,1618800,1621,0.000613984219734385,Pro,bottomlane dire
2393333,116,39,dire,%40MSSDota,1,1618800,1622,0.00061436298853126,Pro,bottomlane dire
2393333,116,39,dire,%40MSSDota,1,1618800,1623,0.000614741757328135,Pro,bottomlane dire
2393333,116,39,dire,%40MSSDota,1,1618800,1624,0.00061512052612501,Pro,bottomlane dire
2393333,116,39,dire,%40MSSDota,1,1618800,1625,0.000615499294921885,Pro,bottomlane dire
2400333,116,41,dire,%40MSSDota,1,1625800,1626,0.00061587806371876,Pro,bottomlane dire
2401133,115,43,dire,%40MSSDota,1,1626600,1627,0.000616256832515635,Pro,bottomlane dire
2402466,113,43,dire,%40MSSDota,1,1627933,1628,0.00061663560131251,Pro,bottomlane dire
2403400,113,44,dire,%40MSSDota,1,1628867,1629,0.000617014370109385,Pro,bottomlane dire
2404533,113,47,dire,%40MSSDota,1,1630000,1630,0.00061739313890626,Pro,bottomlane dire
2405333,112,49,dire,%40MSSDota,1,1630800,1631,0.000617771907703135,Pro,bottomlane dire
2406200,111,51,dire,%40MSSDota,1,1631667,1632,0.00061815067650001,Pro,bottomlane dire
2407533,109,54,dire,%40MSSDota,1,1633000,1633,0.000618529445296885,Pro,bottomlane dire
2408533,108,56,dire,%40MSSDota,1,1634000,1634,0.00061890821409376,Pro,jungle dire
2409400,107,58,dire,%40MSSDota,1,1634867,1635,0.000619286982890635,Pro,jungle dire
2410333,106,60,dire,%40MSSDota,1,1635800,1636,0.00061966575168751,Pro,jungle dire
2411466,104,62,dire,%40MSSDota,1,1636933,1637,0.000620044520484385,Pro,jungle dire
2412266,102,63,dire,%40MSSDota,1,1637733,1638,0.00062042328928126,Pro,jungle dire
2413400,99,63,dire,%40MSSDota,1,1638867,1639,0.000620802058078135,Pro,jungle dire
2414533,96,64,dire,%40MSSDota,1,1640000,1640,0.00062118082687501,Pro,jungle dire
2415333,96,66,dire,%40MSSDota,1,1640800,1641,0.000621559595671885,Pro,jungle dire
2416133,94,67,dire,%40MSSDota,1,1641600,1642,0.00062193836446876,Pro,jungle dire
2417266,92,69,dire,%40MSSDota,1,1642733,1643,0.000622317133265635,Pro,jungle dire
2417733,91,70,dire,%40MSSDota,1,1643200,1644,0.00062269590206251,Pro,jungle dire
2417733,91,70,dire,%40MSSDota,1,1643200,1645,0.000623074670859385,Pro,jungle dire
2417733,91,70,dire,%40MSSDota,1,1643200,1646,0.00062345343965626,Pro,jungle dire
2421400,88,71,dire,%40MSSDota,1,1646867,1647,0.000623832208453135,Pro,jungle dire
2422533,86,73,dire,%40MSSDota,1,1648000,1648,0.00062421097725001,Pro,midlane dire
2423466,83,73,dire,%40MSSDota,1,1648933,1649,0.000624589746046885,Pro,midlane dire
2424266,81,74,dire,%40MSSDota,1,1649733,1650,0.00062496851484376,Pro,midlane dire
2425400,78,75,dire,%40MSSDota,1,1650867,1651,0.000625347283640635,Pro,midlane dire
2426133,76,75,dire,%40MSSDota,1,1651600,1652,0.00062572605243751,Pro,midlane dire
2427466,73,77,dire,%40MSSDota,1,1652933,1653,0.000626104821234385,Pro,midlane dire
2428200,71,77,dire,%40MSSDota,1,1653667,1654,0.00062648359003126,Pro,midlane dire
2429333,68,78,dire,%40MSSDota,1,1654800,1655,0.000626862358828135,Pro,midlane dire
2430466,65,78,dire,%40MSSDota,1,1655933,1656,0.00062724112762501,Pro,jungle dire
2431200,63,79,dire,%40MSSDota,1,1656667,1657,0.000627619896421885,Pro,jungle dire
2432400,60,80,dire,%40MSSDota,1,1657867,1658,0.00062799866521876,Pro,jungle dire
2433200,58,81,dire,%40MSSDota,1,1658667,1659,0.000628377434015635,Pro,jungle dire
2434400,55,82,dire,%40MSSDota,1,1659867,1660,0.00062875620281251,Pro,jungle dire
2435133,53,82,dire,%40MSSDota,1,1660600,1661,0.000629134971609385,Pro,jungle dire
2436266,51,84,dire,%40MSSDota,1,1661733,1662,0.00062951374040626,Pro,jungle dire
2437400,49,86,dire,%40MSSDota,1,1662867,1663,0.000629892509203135,Pro,jungle dire
2438333,47,85,dire,%40MSSDota,1,1663800,1664,0.00063027127800001,Pro,jungle dire
2439466,45,83,dire,%40MSSDota,1,1664933,1665,0.000630650046796885,Pro,jungle dire
2440466,42,82,dire,%40MSSDota,1,1665933,1666,0.00063102881559376,Pro,jungle dire
2441533,41,79,dire,%40MSSDota,1,1667000,1667,0.000631407584390635,Pro,river
2442466,40,77,dire,%40MSSDota,1,1667933,1668,0.00063178635318751,Pro,river
2443400,40,74,dire,%40MSSDota,1,1668867,1669,0.000632165121984385,Pro,void radiant
2444466,40,73,dire,%40MSSDota,1,1669933,1670,0.00063254389078126,Pro,jungle radiant
2445200,41,71,dire,%40MSSDota,1,1670667,1671,0.000632922659578135,Pro,jungle radiant
2446466,43,69,dire,%40MSSDota,1,1671933,1672,0.00063330142837501,Pro,jungle radiant
2447266,44,67,dire,%40MSSDota,1,1672733,1673,0.000633680197171885,Pro,jungle radiant
2448400,45,64,dire,%40MSSDota,1,1673867,1674,0.00063405896596876,Pro,jungle radiant
2449533,44,61,dire,%40MSSDota,1,1675000,1675,0.000634437734765635,Pro,jungle radiant
2450333,43,59,dire,%40MSSDota,1,1675800,1676,0.00063481650356251,Pro,jungle radiant
2451533,42,56,dire,%40MSSDota,1,1677000,1677,0.000635195272359385,Pro,jungle radiant
2452400,41,54,dire,%40MSSDota,1,1677867,1678,0.00063557404115626,Pro,jungle radiant
2453466,39,52,dire,%40MSSDota,1,1678933,1679,0.000635952809953135,Pro,jungle radiant
2453466,39,52,dire,%40MSSDota,1,1678933,1680,0.00063633157875001,Pro,jungle radiant
2453466,39,52,dire,%40MSSDota,1,1678933,1681,0.000636710347546885,Pro,jungle radiant
2456466,38,51,dire,%40MSSDota,1,1681933,1682,0.00063708911634376,Pro,jungle radiant
2457400,37,49,dire,%40MSSDota,1,1682867,1683,0.000637467885140635,Pro,jungle radiant
2458533,36,47,dire,%40MSSDota,1,1684000,1684,0.00063784665393751,Pro,jungle radiant
2459333,34,46,dire,%40MSSDota,1,1684800,1685,0.000638225422734385,Pro,jungle radiant
2460466,31,45,dire,%40MSSDota,1,1685933,1686,0.00063860419153126,Pro,jungle radiant
2461266,29,46,dire,%40MSSDota,1,1686733,1687,0.000638982960328135,Pro,jungle radiant
2462533,26,46,dire,%40MSSDota,1,1688000,1688,0.00063936172912501,Pro,jungle radiant
2463266,24,46,dire,%40MSSDota,1,1688733,1689,0.000639740497921885,Pro,jungle radiant
2464400,21,47,dire,%40MSSDota,1,1689867,1690,0.00064011926671876,Pro,jungle radiant
2465333,19,47,dire,%40MSSDota,1,1690800,1691,0.000640498035515635,Pro,jungle radiant
2466333,16,46,dire,%40MSSDota,1,1691800,1692,0.00064087680431251,Pro,toplane radiant
2467400,13,47,dire,%40MSSDota,1,1692867,1693,0.000641255573109385,Pro,toplane radiant
2468466,10,46,dire,%40MSSDota,1,1693933,1694,0.00064163434190626,Pro,toplane radiant
2469333,9,46,dire,%40MSSDota,1,1694800,1695,0.000642013110703135,Pro,void radiant
2469333,9,46,dire,%40MSSDota,1,1694800,1696,0.00064239187950001,Pro,void radiant
2469333,9,46,dire,%40MSSDota,1,1694800,1697,0.000642770648296885,Pro,void radiant
2469333,9,46,dire,%40MSSDota,1,1694800,1698,0.00064314941709376,Pro,void radiant
2469333,9,46,dire,%40MSSDota,1,1694800,1699,0.000643528185890635,Pro,void radiant
2469333,9,46,dire,%40MSSDota,1,1694800,1700,0.00064390695468751,Pro,void radiant
2469333,9,46,dire,%40MSSDota,1,1694800,1701,0.000644285723484385,Pro,void radiant
2469333,9,46,dire,%40MSSDota,1,1694800,1702,0.00064466449228126,Pro,void radiant
2469333,9,46,dire,%40MSSDota,1,1694800,1703,0.000645043261078135,Pro,void radiant
2478400,10,47,dire,%40MSSDota,1,1703867,1704,0.00064542202987501,Pro,toplane radiant
2479466,13,47,dire,%40MSSDota,1,1704933,1705,0.000645800798671885,Pro,toplane radiant
2480200,15,47,dire,%40MSSDota,1,1705667,1706,0.00064617956746876,Pro,toplane radiant
2480200,15,47,dire,%40MSSDota,1,1705667,1707,0.000646558336265635,Pro,toplane radiant
2480200,15,47,dire,%40MSSDota,1,1705667,1708,0.00064693710506251,Pro,toplane radiant
2480200,15,47,dire,%40MSSDota,1,1705667,1709,0.000647315873859385,Pro,toplane radiant
2480200,15,47,dire,%40MSSDota,1,1705667,1710,0.00064769464265626,Pro,toplane radiant
2480200,15,47,dire,%40MSSDota,1,1705667,1711,0.000648073411453135,Pro,toplane radiant
2480200,15,47,dire,%40MSSDota,1,1705667,1712,0.00064845218025001,Pro,toplane radiant
2480200,15,47,dire,%40MSSDota,1,1705667,1713,0.000648830949046885,Pro,toplane radiant
2488200,14,48,dire,%40MSSDota,1,1713667,1714,0.00064920971784376,Pro,toplane radiant
2489133,12,47,dire,%40MSSDota,1,1714600,1715,0.000649588486640635,Pro,toplane radiant
2489133,12,47,dire,%40MSSDota,1,1714600,1716,0.00064996725543751,Pro,toplane radiant
2489133,12,47,dire,%40MSSDota,1,1714600,1717,0.000650346024234385,Pro,toplane radiant
2492066,12,48,dire,%40MSSDota,1,1717533,1718,0.00065072479303126,Pro,toplane radiant
2493066,14,49,dire,%40MSSDota,1,1718533,1719,0.000651103561828135,Pro,toplane radiant
2494266,16,49,dire,%40MSSDota,1,1719733,1720,0.00065148233062501,Pro,toplane radiant
2494600,17,49,dire,%40MSSDota,1,1720067,1721,0.000651861099421885,Pro,toplane radiant
2494600,17,49,dire,%40MSSDota,1,1720067,1722,0.00065223986821876,Pro,toplane radiant
2494600,17,49,dire,%40MSSDota,1,1720067,1723,0.000652618637015635,Pro,toplane radiant
2498266,18,50,dire,%40MSSDota,1,1723733,1724,0.00065299740581251,Pro,toplane radiant
2499000,18,52,dire,%40MSSDota,1,1724467,1725,0.000653376174609385,Pro,toplane radiant
2500133,20,50,dire,%40MSSDota,1,1725600,1726,0.00065375494340626,Pro,jungle radiant
2501333,23,50,dire,%40MSSDota,1,1726800,1727,0.000654133712203135,Pro,jungle radiant
2502466,26,50,dire,%40MSSDota,1,1727933,1728,0.00065451248100001,Pro,jungle radiant
2503333,28,49,dire,%40MSSDota,1,1728800,1729,0.000654891249796885,Pro,jungle radiant
2504466,31,49,dire,%40MSSDota,1,1729933,1730,0.00065527001859376,Pro,jungle radiant
2505200,33,49,dire,%40MSSDota,1,1730667,1731,0.000655648787390635,Pro,jungle radiant
2506466,34,46,dire,%40MSSDota,1,1731933,1732,0.00065602755618751,Pro,jungle radiant
2507533,37,46,dire,%40MSSDota,1,1733000,1733,0.000656406324984385,Pro,jungle radiant
2508466,39,45,dire,%40MSSDota,1,1733933,1734,0.00065678509378126,Pro,midlane radiant
2509466,42,45,dire,%40MSSDota,1,1734933,1735,0.000657163862578135,Pro,midlane radiant
2510200,44,44,dire,%40MSSDota,1,1735667,1736,0.00065754263137501,Pro,midlane radiant
2510600,45,44,dire,%40MSSDota,1,1736067,1737,0.000657921400171885,Pro,midlane radiant
2510600,45,44,dire,%40MSSDota,1,1736067,1738,0.00065830016896876,Pro,midlane radiant
2513400,46,44,dire,%40MSSDota,1,1738867,1739,0.000658678937765635,Pro,midlane radiant
2514533,49,44,dire,%40MSSDota,1,1740000,1740,0.00065905770656251,Pro,midlane radiant
2515266,51,43,dire,%40MSSDota,1,1740733,1741,0.000659436475359385,Pro,midlane radiant
2516400,54,43,dire,%40MSSDota,1,1741867,1742,0.00065981524415626,Pro,midlane radiant
2517333,56,42,dire,%40MSSDota,1,1742800,1743,0.000660194012953135,Pro,jungle radiant
2518466,59,41,dire,%40MSSDota,1,1743933,1744,0.00066057278175001,Pro,jungle radiant
2519200,61,41,dire,%40MSSDota,1,1744667,1745,0.000660951550546885,Pro,jungle radiant
2520333,64,40,dire,%40MSSDota,1,1745800,1746,0.00066133031934376,Pro,jungle radiant
2521466,67,40,dire,%40MSSDota,1,1746933,1747,0.000661709088140635,Pro,jungle radiant
2522533,70,40,dire,%40MSSDota,1,1748000,1748,0.00066208785693751,Pro,jungle radiant
2523266,72,41,dire,%40MSSDota,1,1748733,1749,0.000662466625734385,Pro,jungle radiant
2524400,75,41,dire,%40MSSDota,1,1749867,1750,0.00066284539453126,Pro,jungle radiant
2525533,78,42,dire,%40MSSDota,1,1751000,1751,0.000663224163328135,Pro,river
2526466,79,44,dire,%40MSSDota,1,1751933,1752,0.00066360293212501,Pro,river
2527400,81,46,dire,%40MSSDota,1,1752867,1753,0.000663981700921885,Pro,river
2528466,83,48,dire,%40MSSDota,1,1753933,1754,0.00066436046971876,Pro,jungle dire
2529200,84,50,dire,%40MSSDota,1,1754667,1755,0.000664739238515635,Pro,jungle dire
2530466,85,53,dire,%40MSSDota,1,1755933,1756,0.00066511800731251,Pro,pit dire
2531200,84,55,dire,%40MSSDota,1,1756667,1757,0.000665496776109385,Pro,pit dire
2532533,84,58,dire,%40MSSDota,1,1758000,1758,0.00066587554490626,Pro,pit dire
2533333,84,58,dire,%40MSSDota,1,1758800,1759,0.000666254313703135,Pro,pit dire
2534533,84,56,dire,%40MSSDota,1,1760000,1760,0.00066663308250001,Pro,pit dire
2535266,84,54,dire,%40MSSDota,1,1760733,1761,0.000667011851296885,Pro,pit dire
2536333,85,52,dire,%40MSSDota,1,1761800,1762,0.00066739062009376,Pro,jungle dire
2537466,84,49,dire,%40MSSDota,1,1762933,1763,0.000667769388890635,Pro,jungle dire
2538400,83,47,dire,%40MSSDota,1,1763867,1764,0.00066814815768751,Pro,void dire
2539400,82,44,dire,%40MSSDota,1,1764867,1765,0.000668526926484385,Pro,river
2540533,82,41,dire,%40MSSDota,1,1766000,1766,0.00066890569528126,Pro,river
2541266,82,39,dire,%40MSSDota,1,1766733,1767,0.000669284464078135,Pro,river
2542400,81,36,dire,%40MSSDota,1,1767867,1768,0.00066966323287501,Pro,jungle radiant
2543466,82,33,dire,%40MSSDota,1,1768933,1769,0.000670042001671885,Pro,jungle radiant
2544400,81,31,dire,%40MSSDota,1,1769867,1770,0.00067042077046876,Pro,jungle radiant
2545533,81,29,dire,%40MSSDota,1,1771000,1771,0.000670799539265635,Pro,jungle radiant
2546266,81,27,dire,%40MSSDota,1,1771733,1772,0.000671178308062511,Pro,jungle radiant
2547400,80,24,dire,%40MSSDota,1,1772867,1773,0.000671557076859386,Pro,jungle radiant
2548533,80,22,dire,%40MSSDota,1,1774000,1774,0.000671935845656261,Pro,jungle radiant
2549133,81,21,dire,%40MSSDota,1,1774600,1775,0.000672314614453136,Pro,jungle radiant
2550466,84,20,dire,%40MSSDota,1,1775933,1776,0.000672693383250011,Pro,jungle radiant
2551266,86,19,dire,%40MSSDota,1,1776733,1777,0.000673072152046886,Pro,jungle radiant
2551666,87,18,dire,%40MSSDota,1,1777133,1778,0.000673450920843761,Pro,jungle radiant
2551666,87,18,dire,%40MSSDota,1,1777133,1779,0.000673829689640636,Pro,jungle radiant
2554400,90,17,dire,%40MSSDota,1,1779867,1780,0.000674208458437511,Pro,jungle radiant
2555533,92,16,dire,%40MSSDota,1,1781000,1781,0.000674587227234386,Pro,jungle radiant
2556266,93,14,dire,%40MSSDota,1,1781733,1782,0.000674965996031261,Pro,bottomlane radiant
2556266,93,14,dire,%40MSSDota,1,1781733,1783,0.000675344764828136,Pro,bottomlane radiant
2558066,94,12,dire,%40MSSDota,1,1783533,1784,0.000675723533625011,Pro,bottomlane radiant
2559066,94,11,dire,%40MSSDota,1,1784533,1785,0.000676102302421886,Pro,bottomlane radiant
2559066,94,11,dire,%40MSSDota,1,1784533,1786,0.000676481071218761,Pro,bottomlane radiant
2561466,93,10,dire,%40MSSDota,1,1786933,1787,0.000676859840015636,Pro,bottomlane radiant
2561466,93,10,dire,%40MSSDota,1,1786933,1788,0.000677238608812511,Pro,bottomlane radiant
2561466,93,10,dire,%40MSSDota,1,1786933,1789,0.000677617377609386,Pro,bottomlane radiant
2564533,91,10,dire,%40MSSDota,1,1790000,1790,0.000677996146406261,Pro,bottomlane radiant
2565266,89,11,dire,%40MSSDota,1,1790733,1791,0.000678374915203136,Pro,bottomlane radiant
2566466,86,11,dire,%40MSSDota,1,1791933,1792,0.000678753684000011,Pro,bottomlane radiant
2567200,84,11,dire,%40MSSDota,1,1792667,1793,0.000679132452796886,Pro,bottomlane radiant
2568400,81,10,dire,%40MSSDota,1,1793867,1794,0.000679511221593761,Pro,bottomlane radiant
2569200,79,9,dire,%40MSSDota,1,1794667,1795,0.000679889990390636,Pro,bottomlane radiant
2570400,76,10,dire,%40MSSDota,1,1795867,1796,0.000680268759187511,Pro,bottomlane radiant
2571533,73,10,dire,%40MSSDota,1,1797000,1797,0.000680647527984386,Pro,bottomlane radiant
2572333,71,10,dire,%40MSSDota,1,1797800,1798,0.000681026296781261,Pro,bottomlane radiant
2573466,68,10,dire,%40MSSDota,1,1798933,1799,0.000681405065578136,Pro,bottomlane radiant
2574266,66,10,dire,%40MSSDota,1,1799733,1800,0.000681783834375011,Pro,bottomlane radiant
2574266,66,10,dire,%40MSSDota,1,1799733,1801,0.000682162603171886,Pro,bottomlane radiant
2574266,66,10,dire,%40MSSDota,1,1799733,1802,0.000682541371968761,Pro,bottomlane radiant
2574266,66,10,dire,%40MSSDota,1,1799733,1803,0.000682920140765636,Pro,bottomlane radiant
2578000,64,10,dire,%40MSSDota,1,1803467,1804,0.000683298909562511,Pro,bottomlane radiant
2579466,62,10,dire,%40MSSDota,1,1804933,1805,0.000683677678359386,Pro,bottomlane radiant
2580266,61,9,dire,%40MSSDota,1,1805733,1806,0.000684056447156261,Pro,bottomlane radiant
2580666,60,9,dire,%40MSSDota,1,1806133,1807,0.000684435215953136,Pro,bottomlane radiant
2580666,60,9,dire,%40MSSDota,1,1806133,1808,0.000684813984750011,Pro,bottomlane radiant
2580666,60,9,dire,%40MSSDota,1,1806133,1809,0.000685192753546886,Pro,bottomlane radiant
2584333,58,9,dire,%40MSSDota,1,1809800,1810,0.000685571522343761,Pro,bottomlane radiant
2585466,55,10,dire,%40MSSDota,1,1810933,1811,0.000685950291140636,Pro,bottomlane radiant
2586466,53,10,dire,%40MSSDota,1,1811933,1812,0.000686329059937511,Pro,bottomlane radiant
2587400,51,10,dire,%40MSSDota,1,1812867,1813,0.000686707828734386,Pro,bottomlane radiant
2588200,49,10,dire,%40MSSDota,1,1813667,1814,0.000687086597531261,Pro,bottomlane radiant
2589466,46,11,dire,%40MSSDota,1,1814933,1815,0.000687465366328136,Pro,bottomlane radiant
2590333,45,9,dire,%40MSSDota,1,1815800,1816,0.000687844135125011,Pro,bottomlane radiant
2590800,44,9,dire,%40MSSDota,1,1816267,1817,0.000688222903921886,Pro,bottomlane radiant
2590800,44,9,dire,%40MSSDota,1,1816267,1818,0.000688601672718761,Pro,bottomlane radiant
2593533,45,11,dire,%40MSSDota,1,1819000,1819,0.000688980441515636,Pro,bottomlane radiant
2594533,43,12,dire,%40MSSDota,1,1820000,1820,0.000689359210312511,Pro,bottomlane radiant
2595400,42,14,dire,%40MSSDota,1,1820867,1821,0.000689737979109386,Pro,bottomlane radiant
2596533,41,14,dire,%40MSSDota,1,1822000,1822,0.000690116747906261,Pro,bottomlane radiant
2597533,43,12,dire,%40MSSDota,1,1823000,1823,0.000690495516703136,Pro,bottomlane radiant
2598533,40,12,dire,%40MSSDota,1,1824000,1824,0.000690874285500011,Pro,bottomlane radiant
2599200,42,13,dire,%40MSSDota,1,1824667,1825,0.000691253054296886,Pro,bottomlane radiant
2599933,44,13,dire,%40MSSDota,1,1825400,1826,0.000691631823093761,Pro,bottomlane radiant
2601200,43,15,dire,%40MSSDota,1,1826667,1827,0.000692010591890636,Pro,bottomlane radiant
2602533,42,16,dire,%40MSSDota,1,1828000,1828,0.000692389360687511,Pro,bottomlane radiant
2603000,41,17,dire,%40MSSDota,1,1828467,1829,0.000692768129484386,Pro,jungle radiant
2604400,41,14,dire,%40MSSDota,1,1829867,1830,0.000693146898281261,Pro,bottomlane radiant
2604400,41,14,dire,%40MSSDota,1,1829867,1831,0.000693525667078136,Pro,bottomlane radiant
2604400,41,14,dire,%40MSSDota,1,1829867,1832,0.000693904435875011,Pro,bottomlane radiant
2607133,40,14,dire,%40MSSDota,1,1832600,1833,0.000694283204671886,Pro,bottomlane radiant
2607133,40,14,dire,%40MSSDota,1,1832600,1834,0.000694661973468761,Pro,bottomlane radiant
2607133,40,14,dire,%40MSSDota,1,1832600,1835,0.000695040742265636,Pro,bottomlane radiant
2610333,38,14,dire,%40MSSDota,1,1835800,1836,0.000695419511062511,Pro,bottomlane radiant
2611066,36,14,dire,%40MSSDota,1,1836533,1837,0.000695798279859386,Pro,base1 radiant
2611066,36,14,dire,%40MSSDota,1,1836533,1838,0.000696177048656261,Pro,base1 radiant
2611066,36,14,dire,%40MSSDota,1,1836533,1839,0.000696555817453136,Pro,base1 radiant
2611066,36,14,dire,%40MSSDota,1,1836533,1840,0.000696934586250011,Pro,base1 radiant
2611066,36,14,dire,%40MSSDota,1,1836533,1841,0.000697313355046886,Pro,base1 radiant
2611066,36,14,dire,%40MSSDota,1,1836533,1842,0.000697692123843761,Pro,base1 radiant
2617000,35,14,dire,%40MSSDota,1,1842467,1843,0.000698070892640636,Pro,base1 radiant
2617000,35,14,dire,%40MSSDota,1,1842467,1844,0.000698449661437511,Pro,base1 radiant
2617000,35,14,dire,%40MSSDota,1,1842467,1845,0.000698828430234386,Pro,base1 radiant
2617000,35,14,dire,%40MSSDota,1,1842467,1846,0.000699207199031261,Pro,base1 radiant
2617000,35,14,dire,%40MSSDota,1,1842467,1847,0.000699585967828136,Pro,base1 radiant
2617000,35,14,dire,%40MSSDota,1,1842467,1848,0.000699964736625011,Pro,base1 radiant
2623066,34,14,dire,%40MSSDota,1,1848533,1849,0.000700343505421886,Pro,base1 radiant
2623066,34,14,dire,%40MSSDota,1,1848533,1850,0.000700722274218761,Pro,base1 radiant
2623066,34,14,dire,%40MSSDota,1,1848533,1851,0.000701101043015636,Pro,base1 radiant
2623066,34,14,dire,%40MSSDota,1,1848533,1852,0.000701479811812511,Pro,base1 radiant
2623066,34,14,dire,%40MSSDota,1,1848533,1853,0.000701858580609386,Pro,base1 radiant
2623066,34,14,dire,%40MSSDota,1,1848533,1854,0.000702237349406261,Pro,base1 radiant
2623066,34,14,dire,%40MSSDota,1,1848533,1855,0.000702616118203136,Pro,base1 radiant
2623066,34,14,dire,%40MSSDota,1,1848533,1856,0.000702994887000011,Pro,base1 radiant
2623066,34,14,dire,%40MSSDota,1,1848533,1857,0.000703373655796886,Pro,base1 radiant
2623066,34,14,dire,%40MSSDota,1,1848533,1858,0.000703752424593761,Pro,base1 radiant
2623066,34,14,dire,%40MSSDota,1,1848533,1859,0.000704131193390636,Pro,base1 radiant
2623066,34,14,dire,%40MSSDota,1,1848533,1860,0.000704509962187511,Pro,base1 radiant
2623066,34,14,dire,%40MSSDota,1,1848533,1861,0.000704888730984386,Pro,base1 radiant
2623066,34,14,dire,%40MSSDota,1,1848533,1862,0.000705267499781261,Pro,base1 radiant
2623066,34,14,dire,%40MSSDota,1,1848533,1863,0.000705646268578136,Pro,base1 radiant
2623066,34,14,dire,%40MSSDota,1,1848533,1864,0.000706025037375011,Pro,base1 radiant
2623066,34,14,dire,%40MSSDota,1,1848533,1865,0.000706403806171886,Pro,base1 radiant
2640133,34,14,dire,%40MSSDota,1,1865600,1866,0.000706782574968761,Pro,base1 radiant
780066,117,108,dire,%40PajkattDota,1,5533,0,0,Pro,base2 dire
780066,117,108,dire,%40PajkattDota,1,5533,1,3.78768796875006e-07,Pro,base2 dire
780066,117,108,dire,%40PajkattDota,1,5533,2,7.57537593750012e-07,Pro,base2 dire
780066,117,108,dire,%40PajkattDota,1,5533,3,1.13630639062502e-06,Pro,base2 dire
780066,117,108,dire,%40PajkattDota,1,5533,4,1.51507518750002e-06,Pro,base2 dire
780066,117,108,dire,%40PajkattDota,1,5533,5,1.89384398437503e-06,Pro,base2 dire
780066,117,108,dire,%40PajkattDota,1,5533,6,2.27261278125004e-06,Pro,base2 dire
780066,117,108,dire,%40PajkattDota,1,5533,7,2.65138157812504e-06,Pro,base2 dire
780066,117,108,dire,%40PajkattDota,1,5533,8,3.03015037500005e-06,Pro,base2 dire
780066,117,108,dire,%40PajkattDota,1,5533,9,3.40891917187505e-06,Pro,base2 dire
780066,117,108,dire,%40PajkattDota,1,5533,10,3.78768796875006e-06,Pro,base2 dire
780066,117,108,dire,%40PajkattDota,1,5533,11,4.16645676562507e-06,Pro,base2 dire
780066,117,108,dire,%40PajkattDota,1,5533,12,4.54522556250007e-06,Pro,base2 dire
780066,117,108,dire,%40PajkattDota,1,5533,13,4.92399435937508e-06,Pro,base2 dire
780066,117,108,dire,%40PajkattDota,1,5533,14,5.30276315625008e-06,Pro,base2 dire
780066,117,108,dire,%40PajkattDota,1,5533,15,5.68153195312509e-06,Pro,base2 dire
780066,117,108,dire,%40PajkattDota,1,5533,16,6.06030075000009e-06,Pro,base2 dire
780066,117,108,dire,%40PajkattDota,1,5533,17,6.4390695468751e-06,Pro,base2 dire
780066,117,108,dire,%40PajkattDota,1,5533,18,6.81783834375011e-06,Pro,base2 dire
780066,117,108,dire,%40PajkattDota,1,5533,19,7.19660714062511e-06,Pro,base2 dire
780066,117,108,dire,%40PajkattDota,1,5533,20,7.57537593750012e-06,Pro,base2 dire
780066,117,108,dire,%40PajkattDota,1,5533,21,7.95414473437513e-06,Pro,base2 dire
780066,117,108,dire,%40PajkattDota,1,5533,22,8.33291353125013e-06,Pro,base2 dire
780066,117,108,dire,%40PajkattDota,1,5533,23,8.71168232812514e-06,Pro,base2 dire
780066,117,108,dire,%40PajkattDota,1,5533,24,9.09045112500014e-06,Pro,base2 dire
780066,117,108,dire,%40PajkattDota,1,5533,25,9.46921992187515e-06,Pro,base2 dire
800400,116,109,dire,%40PajkattDota,1,25867,26,9.84798871875015e-06,Pro,base2 dire
800400,116,109,dire,%40PajkattDota,1,25867,27,1.02267575156252e-05,Pro,base2 dire
802266,116,109,dire,%40PajkattDota,1,27733,28,1.06055263125002e-05,Pro,base2 dire
803133,116,109,dire,%40PajkattDota,1,28600,29,1.09842951093752e-05,Pro,base2 dire
803133,116,109,dire,%40PajkattDota,1,28600,30,1.13630639062502e-05,Pro,base2 dire
803133,116,109,dire,%40PajkattDota,1,28600,31,1.17418327031252e-05,Pro,base2 dire
803133,116,109,dire,%40PajkattDota,1,28600,32,1.21206015000002e-05,Pro,base2 dire
803133,116,109,dire,%40PajkattDota,1,28600,33,1.24993702968752e-05,Pro,base2 dire
803133,116,109,dire,%40PajkattDota,1,28600,34,1.28781390937502e-05,Pro,base2 dire
803133,116,109,dire,%40PajkattDota,1,28600,35,1.32569078906252e-05,Pro,base2 dire
803133,116,109,dire,%40PajkattDota,1,28600,36,1.36356766875002e-05,Pro,base2 dire
803133,116,109,dire,%40PajkattDota,1,28600,37,1.40144454843752e-05,Pro,base2 dire
803133,116,109,dire,%40PajkattDota,1,28600,38,1.43932142812502e-05,Pro,base2 dire
803133,116,109,dire,%40PajkattDota,1,28600,39,1.47719830781252e-05,Pro,base2 dire
803133,116,109,dire,%40PajkattDota,1,28600,40,1.51507518750002e-05,Pro,base2 dire
803133,116,109,dire,%40PajkattDota,1,28600,41,1.55295206718752e-05,Pro,base2 dire
803133,116,109,dire,%40PajkattDota,1,28600,42,1.59082894687503e-05,Pro,base2 dire
803133,116,109,dire,%40PajkattDota,1,28600,43,1.62870582656253e-05,Pro,base2 dire
803133,116,109,dire,%40PajkattDota,1,28600,44,1.66658270625003e-05,Pro,base2 dire
803133,116,109,dire,%40PajkattDota,1,28600,45,1.70445958593753e-05,Pro,base2 dire
803133,116,109,dire,%40PajkattDota,1,28600,46,1.74233646562503e-05,Pro,base2 dire
803133,116,109,dire,%40PajkattDota,1,28600,47,1.78021334531253e-05,Pro,base2 dire
822400,115,109,dire,%40PajkattDota,1,47867,48,1.81809022500003e-05,Pro,base2 dire
822400,115,109,dire,%40PajkattDota,1,47867,49,1.85596710468753e-05,Pro,base2 dire
822400,115,109,dire,%40PajkattDota,1,47867,50,1.89384398437503e-05,Pro,base2 dire
822400,115,109,dire,%40PajkattDota,1,47867,51,1.93172086406253e-05,Pro,base2 dire
822400,115,109,dire,%40PajkattDota,1,47867,52,1.96959774375003e-05,Pro,base2 dire
827533,116,109,dire,%40PajkattDota,1,53000,53,2.00747462343753e-05,Pro,base2 dire
827600,115,109,dire,%40PajkattDota,1,53067,54,2.04535150312503e-05,Pro,base2 dire
827600,115,109,dire,%40PajkattDota,1,53067,55,2.08322838281253e-05,Pro,base2 dire
827600,115,109,dire,%40PajkattDota,1,53067,56,2.12110526250003e-05,Pro,base2 dire
830866,115,110,dire,%40PajkattDota,1,56333,57,2.15898214218753e-05,Pro,base2 dire
830866,115,110,dire,%40PajkattDota,1,56333,58,2.19685902187503e-05,Pro,base2 dire
830866,115,110,dire,%40PajkattDota,1,56333,59,2.23473590156253e-05,Pro,base2 dire
830866,115,110,dire,%40PajkattDota,1,56333,60,2.27261278125004e-05,Pro,base2 dire
835066,114,109,dire,%40PajkattDota,1,60533,61,2.31048966093754e-05,Pro,base2 dire
835066,114,109,dire,%40PajkattDota,1,60533,62,2.34836654062504e-05,Pro,base2 dire
835066,114,109,dire,%40PajkattDota,1,60533,63,2.38624342031254e-05,Pro,base2 dire
835066,114,109,dire,%40PajkattDota,1,60533,64,2.42412030000004e-05,Pro,base2 dire
839533,114,108,dire,%40PajkattDota,1,65000,65,2.46199717968754e-05,Pro,base2 dire
840200,113,108,dire,%40PajkattDota,1,65667,66,2.49987405937504e-05,Pro,base2 dire
841466,110,108,dire,%40PajkattDota,1,66933,67,2.53775093906254e-05,Pro,base2 dire
842333,108,108,dire,%40PajkattDota,1,67800,68,2.57562781875004e-05,Pro,base2 dire
843200,106,108,dire,%40PajkattDota,1,68667,69,2.61350469843754e-05,Pro,base2 dire
844533,103,108,dire,%40PajkattDota,1,70000,70,2.65138157812504e-05,Pro,base2 dire
845400,101,108,dire,%40PajkattDota,1,70867,71,2.68925845781254e-05,Pro,base2 dire
846266,99,108,dire,%40PajkattDota,1,71733,72,2.72713533750004e-05,Pro,base2 dire
847533,96,108,dire,%40PajkattDota,1,73000,73,2.76501221718754e-05,Pro,base2 dire
848400,94,108,dire,%40PajkattDota,1,73867,74,2.80288909687504e-05,Pro,base2 dire
849333,92,108,dire,%40PajkattDota,1,74800,75,2.84076597656254e-05,Pro,base2 dire
850266,90,107,dire,%40PajkattDota,1,75733,76,2.87864285625005e-05,Pro,base2 dire
851533,87,107,dire,%40PajkattDota,1,77000,77,2.91651973593755e-05,Pro,base2 dire
852400,85,107,dire,%40PajkattDota,1,77867,78,2.95439661562505e-05,Pro,toplane dire
853466,83,106,dire,%40PajkattDota,1,78933,79,2.99227349531255e-05,Pro,toplane dire
854333,82,106,dire,%40PajkattDota,1,79800,80,3.03015037500005e-05,Pro,toplane dire
855133,80,105,dire,%40PajkattDota,1,80600,81,3.06802725468755e-05,Pro,toplane dire
856466,77,105,dire,%40PajkattDota,1,81933,82,3.10590413437505e-05,Pro,toplane dire
857333,75,105,dire,%40PajkattDota,1,82800,83,3.14378101406255e-05,Pro,toplane dire
858200,73,105,dire,%40PajkattDota,1,83667,84,3.18165789375005e-05,Pro,toplane dire
859266,71,105,dire,%40PajkattDota,1,84733,85,3.21953477343755e-05,Pro,toplane dire
860200,69,104,dire,%40PajkattDota,1,85667,86,3.25741165312505e-05,Pro,toplane dire
861466,67,105,dire,%40PajkattDota,1,86933,87,3.29528853281255e-05,Pro,toplane dire
862266,65,105,dire,%40PajkattDota,1,87733,88,3.33316541250005e-05,Pro,toplane dire
863400,63,105,dire,%40PajkattDota,1,88867,89,3.37104229218755e-05,Pro,toplane dire
864266,61,105,dire,%40PajkattDota,1,89733,90,3.40891917187505e-05,Pro,toplane dire
865200,59,105,dire,%40PajkattDota,1,90667,91,3.44679605156255e-05,Pro,toplane dire
866533,56,105,dire,%40PajkattDota,1,92000,92,3.48467293125005e-05,Pro,toplane dire
867000,55,105,dire,%40PajkattDota,1,92467,93,3.52254981093756e-05,Pro,toplane dire
867000,55,105,dire,%40PajkattDota,1,92467,94,3.56042669062506e-05,Pro,toplane dire
869466,53,105,dire,%40PajkattDota,1,94933,95,3.59830357031256e-05,Pro,toplane dire
870333,51,105,dire,%40PajkattDota,1,95800,96,3.63618045000006e-05,Pro,toplane dire
871200,49,105,dire,%40PajkattDota,1,96667,97,3.67405732968756e-05,Pro,toplane dire
872466,46,105,dire,%40PajkattDota,1,97933,98,3.71193420937506e-05,Pro,toplane dire
873333,44,105,dire,%40PajkattDota,1,98800,99,3.74981108906256e-05,Pro,toplane dire
874200,42,105,dire,%40PajkattDota,1,99667,100,3.78768796875006e-05,Pro,toplane dire
875533,39,105,dire,%40PajkattDota,1,101000,101,3.82556484843756e-05,Pro,toplane dire
876400,37,105,dire,%40PajkattDota,1,101867,102,3.86344172812506e-05,Pro,toplane dire
877266,35,105,dire,%40PajkattDota,1,102733,103,3.90131860781256e-05,Pro,toplane dire
878333,33,104,dire,%40PajkattDota,1,103800,104,3.93919548750006e-05,Pro,toplane dire
879466,30,104,dire,%40PajkattDota,1,104933,105,3.97707236718756e-05,Pro,toplane dire
880333,28,104,dire,%40PajkattDota,1,105800,106,4.01494924687506e-05,Pro,toplane dire
881200,26,104,dire,%40PajkattDota,1,106667,107,4.05282612656256e-05,Pro,toplane dire
881200,26,104,dire,%40PajkattDota,1,106667,108,4.09070300625006e-05,Pro,toplane dire
883300,24,103,dire,%40PajkattDota,1,108767,109,4.12857988593756e-05,Pro,toplane dire
884300,22,102,dire,%40PajkattDota,1,109767,110,4.16645676562507e-05,Pro,toplane dire
885500,20,100,dire,%40PajkattDota,1,110967,111,4.20433364531257e-05,Pro,toplane dire
886100,19,99,dire,%40PajkattDota,1,111567,112,4.24221052500007e-05,Pro,toplane dire
887300,17,97,dire,%40PajkattDota,1,112767,113,4.28008740468757e-05,Pro,toplane dire
887966,17,96,dire,%40PajkattDota,1,113433,114,4.31796428437507e-05,Pro,toplane dire
889233,16,94,dire,%40PajkattDota,1,114700,115,4.35584116406257e-05,Pro,toplane dire
889233,16,94,dire,%40PajkattDota,1,114700,116,4.39371804375007e-05,Pro,toplane dire
891500,17,95,dire,%40PajkattDota,1,116967,117,4.43159492343757e-05,Pro,toplane dire
892366,17,95,dire,%40PajkattDota,1,117833,118,4.46947180312507e-05,Pro,toplane dire
893500,17,94,dire,%40PajkattDota,1,118967,119,4.50734868281257e-05,Pro,toplane dire
894166,17,93,dire,%40PajkattDota,1,119633,120,4.54522556250007e-05,Pro,toplane dire
894566,17,92,dire,%40PajkattDota,1,120033,121,4.58310244218757e-05,Pro,toplane dire
894566,17,92,dire,%40PajkattDota,1,120033,122,4.62097932187507e-05,Pro,toplane dire
894566,17,92,dire,%40PajkattDota,1,120033,123,4.65885620156257e-05,Pro,toplane dire
898433,16,94,dire,%40PajkattDota,1,123900,124,4.69673308125007e-05,Pro,toplane dire
899300,15,95,dire,%40PajkattDota,1,124767,125,4.73460996093757e-05,Pro,toplane dire
900100,15,96,dire,%40PajkattDota,1,125567,126,4.77248684062507e-05,Pro,toplane dire
901233,13,96,dire,%40PajkattDota,1,126700,127,4.81036372031258e-05,Pro,toplane dire
902500,10,96,dire,%40PajkattDota,1,127967,128,4.84824060000008e-05,Pro,toplane dire
903500,12,95,dire,%40PajkattDota,1,128967,129,4.88611747968758e-05,Pro,toplane dire
904100,13,94,dire,%40PajkattDota,1,129567,130,4.92399435937508e-05,Pro,toplane dire
904566,13,93,dire,%40PajkattDota,1,130033,131,4.96187123906258e-05,Pro,toplane dire
906300,14,95,dire,%40PajkattDota,1,131767,132,4.99974811875008e-05,Pro,toplane dire
907233,14,95,dire,%40PajkattDota,1,132700,133,5.03762499843758e-05,Pro,toplane dire
907233,14,95,dire,%40PajkattDota,1,132700,134,5.07550187812508e-05,Pro,toplane dire
907233,14,95,dire,%40PajkattDota,1,132700,135,5.11337875781258e-05,Pro,toplane dire
910366,14,94,dire,%40PajkattDota,1,135833,136,5.15125563750008e-05,Pro,toplane dire
910766,14,93,dire,%40PajkattDota,1,136233,137,5.18913251718758e-05,Pro,toplane dire
912300,14,95,dire,%40PajkattDota,1,137767,138,5.22700939687508e-05,Pro,toplane dire
913433,15,95,dire,%40PajkattDota,1,138900,139,5.26488627656258e-05,Pro,toplane dire
914433,17,96,dire,%40PajkattDota,1,139900,140,5.30276315625008e-05,Pro,toplane dire
915100,15,96,dire,%40PajkattDota,1,140567,141,5.34064003593758e-05,Pro,toplane dire
916500,16,96,dire,%40PajkattDota,1,141967,142,5.37851691562508e-05,Pro,toplane dire
917433,17,98,dire,%40PajkattDota,1,142900,143,5.41639379531258e-05,Pro,toplane dire
917900,17,97,dire,%40PajkattDota,1,143367,144,5.45427067500008e-05,Pro,toplane dire
919500,16,96,dire,%40PajkattDota,1,144967,145,5.49214755468759e-05,Pro,toplane dire
920300,16,95,dire,%40PajkattDota,1,145767,146,5.53002443437509e-05,Pro,toplane dire
920966,16,94,dire,%40PajkattDota,1,146433,147,5.56790131406259e-05,Pro,toplane dire
920966,16,94,dire,%40PajkattDota,1,146433,148,5.60577819375009e-05,Pro,toplane dire
923233,16,96,dire,%40PajkattDota,1,148700,149,5.64365507343759e-05,Pro,toplane dire
923633,15,95,dire,%40PajkattDota,1,149100,150,5.68153195312509e-05,Pro,toplane dire
925100,14,96,dire,%40PajkattDota,1,150567,151,5.71940883281259e-05,Pro,toplane dire
926366,15,97,dire,%40PajkattDota,1,151833,152,5.75728571250009e-05,Pro,toplane dire
927300,16,99,dire,%40PajkattDota,1,152767,153,5.79516259218759e-05,Pro,toplane dire
928366,18,100,dire,%40PajkattDota,1,153833,154,5.83303947187509e-05,Pro,toplane dire
929300,20,101,dire,%40PajkattDota,1,154767,155,5.87091635156259e-05,Pro,toplane dire
930366,22,102,dire,%40PajkattDota,1,155833,156,5.90879323125009e-05,Pro,toplane dire
930833,23,102,dire,%40PajkattDota,1,156300,157,5.94667011093759e-05,Pro,toplane dire
930833,23,102,dire,%40PajkattDota,1,156300,158,5.98454699062509e-05,Pro,toplane dire
933366,24,103,dire,%40PajkattDota,1,158833,159,6.02242387031259e-05,Pro,toplane dire
933900,25,103,dire,%40PajkattDota,1,159367,160,6.06030075000009e-05,Pro,toplane dire
935233,24,103,dire,%40PajkattDota,1,160700,161,6.0981776296876e-05,Pro,toplane dire
936166,24,104,dire,%40PajkattDota,1,161633,162,6.1360545093751e-05,Pro,toplane dire
937366,23,104,dire,%40PajkattDota,1,162833,163,6.1739313890626e-05,Pro,toplane dire
938033,23,103,dire,%40PajkattDota,1,163500,164,6.2118082687501e-05,Pro,toplane dire
938033,23,103,dire,%40PajkattDota,1,163500,165,6.2496851484376e-05,Pro,toplane dire
938033,23,103,dire,%40PajkattDota,1,163500,166,6.2875620281251e-05,Pro,toplane dire
941100,23,104,dire,%40PajkattDota,1,166567,167,6.3254389078126e-05,Pro,toplane dire
941100,23,104,dire,%40PajkattDota,1,166567,168,6.3633157875001e-05,Pro,toplane dire
942966,23,103,dire,%40PajkattDota,1,168433,169,6.4011926671876e-05,Pro,toplane dire
943900,22,103,dire,%40PajkattDota,1,169367,170,6.4390695468751e-05,Pro,toplane dire
943900,22,103,dire,%40PajkattDota,1,169367,171,6.4769464265626e-05,Pro,toplane dire
943900,22,103,dire,%40PajkattDota,1,169367,172,6.5148233062501e-05,Pro,toplane dire
943900,22,103,dire,%40PajkattDota,1,169367,173,6.5527001859376e-05,Pro,toplane dire
947966,22,104,dire,%40PajkattDota,1,173433,174,6.5905770656251e-05,Pro,toplane dire
949166,23,104,dire,%40PajkattDota,1,174633,175,6.6284539453126e-05,Pro,toplane dire
950500,26,104,dire,%40PajkattDota,1,175967,176,6.6663308250001e-05,Pro,toplane dire
950500,26,104,dire,%40PajkattDota,1,175967,177,6.70420770468761e-05,Pro,toplane dire
950500,26,104,dire,%40PajkattDota,1,175967,178,6.74208458437511e-05,Pro,toplane dire
953500,28,102,dire,%40PajkattDota,1,178967,179,6.77996146406261e-05,Pro,toplane dire
953500,28,102,dire,%40PajkattDota,1,178967,180,6.81783834375011e-05,Pro,toplane dire
953500,28,102,dire,%40PajkattDota,1,178967,181,6.85571522343761e-05,Pro,toplane dire
956366,29,104,dire,%40PajkattDota,1,181833,182,6.89359210312511e-05,Pro,toplane dire
957100,29,106,dire,%40PajkattDota,1,182567,183,6.93146898281261e-05,Pro,toplane dire
958366,28,107,dire,%40PajkattDota,1,183833,184,6.96934586250011e-05,Pro,toplane dire
959166,27,108,dire,%40PajkattDota,1,184633,185,7.00722274218761e-05,Pro,toplane dire
960300,25,107,dire,%40PajkattDota,1,185767,186,7.04509962187511e-05,Pro,toplane dire
961500,26,109,dire,%40PajkattDota,1,186967,187,7.08297650156261e-05,Pro,toplane dire
961966,27,109,dire,%40PajkattDota,1,187433,188,7.12085338125011e-05,Pro,toplane dire
963366,27,109,dire,%40PajkattDota,1,188833,189,7.15873026093761e-05,Pro,toplane dire
964233,28,109,dire,%40PajkattDota,1,189700,190,7.19660714062511e-05,Pro,toplane dire
965166,29,107,dire,%40PajkattDota,1,190633,191,7.23448402031261e-05,Pro,toplane dire
966100,29,105,dire,%40PajkattDota,1,191567,192,7.27236090000011e-05,Pro,toplane dire
966566,29,104,dire,%40PajkattDota,1,192033,193,7.31023777968761e-05,Pro,toplane dire
968500,28,105,dire,%40PajkattDota,1,193967,194,7.34811465937511e-05,Pro,toplane dire
968500,28,105,dire,%40PajkattDota,1,193967,195,7.38599153906262e-05,Pro,toplane dire
970433,26,104,dire,%40PajkattDota,1,195900,196,7.42386841875012e-05,Pro,toplane dire
971366,25,103,dire,%40PajkattDota,1,196833,197,7.46174529843762e-05,Pro,toplane dire
972366,23,102,dire,%40PajkattDota,1,197833,198,7.49962217812512e-05,Pro,toplane dire
972966,22,101,dire,%40PajkattDota,1,198433,199,7.53749905781262e-05,Pro,toplane dire
972966,22,101,dire,%40PajkattDota,1,198433,200,7.57537593750012e-05,Pro,toplane dire
972966,22,101,dire,%40PajkattDota,1,198433,201,7.61325281718762e-05,Pro,toplane dire
972966,22,101,dire,%40PajkattDota,1,198433,202,7.65112969687512e-05,Pro,toplane dire
972966,22,101,dire,%40PajkattDota,1,198433,203,7.68900657656262e-05,Pro,toplane dire
978433,21,101,dire,%40PajkattDota,1,203900,204,7.72688345625012e-05,Pro,toplane dire
978433,21,101,dire,%40PajkattDota,1,203900,205,7.76476033593762e-05,Pro,toplane dire
978433,21,101,dire,%40PajkattDota,1,203900,206,7.80263721562512e-05,Pro,toplane dire
978433,21,101,dire,%40PajkattDota,1,203900,207,7.84051409531262e-05,Pro,toplane dire
978433,21,101,dire,%40PajkattDota,1,203900,208,7.87839097500012e-05,Pro,toplane dire
978433,21,101,dire,%40PajkattDota,1,203900,209,7.91626785468762e-05,Pro,toplane dire
978433,21,101,dire,%40PajkattDota,1,203900,210,7.95414473437512e-05,Pro,toplane dire
985433,20,100,dire,%40PajkattDota,1,210900,211,7.99202161406263e-05,Pro,toplane dire
986500,19,98,dire,%40PajkattDota,1,211967,212,8.02989849375013e-05,Pro,toplane dire
986500,19,98,dire,%40PajkattDota,1,211967,213,8.06777537343763e-05,Pro,toplane dire
987833,18,98,dire,%40PajkattDota,1,213300,214,8.10565225312513e-05,Pro,toplane dire
989233,19,99,dire,%40PajkattDota,1,214700,215,8.14352913281263e-05,Pro,toplane dire
990233,18,99,dire,%40PajkattDota,1,215700,216,8.18140601250013e-05,Pro,toplane dire
990233,18,99,dire,%40PajkattDota,1,215700,217,8.21928289218763e-05,Pro,toplane dire
990233,18,99,dire,%40PajkattDota,1,215700,218,8.25715977187513e-05,Pro,toplane dire
993366,20,100,dire,%40PajkattDota,1,218833,219,8.29503665156263e-05,Pro,toplane dire
994433,19,100,dire,%40PajkattDota,1,219900,220,8.33291353125013e-05,Pro,toplane dire
995100,18,99,dire,%40PajkattDota,1,220567,221,8.37079041093763e-05,Pro,toplane dire
996366,19,99,dire,%40PajkattDota,1,221833,222,8.40866729062513e-05,Pro,toplane dire
997300,21,100,dire,%40PajkattDota,1,222767,223,8.44654417031263e-05,Pro,toplane dire
998166,23,100,dire,%40PajkattDota,1,223633,224,8.48442105000013e-05,Pro,toplane dire
999500,23,101,dire,%40PajkattDota,1,224967,225,8.52229792968763e-05,Pro,toplane dire
999500,23,101,dire,%40PajkattDota,1,224967,226,8.56017480937513e-05,Pro,toplane dire
999500,23,101,dire,%40PajkattDota,1,224967,227,8.59805168906263e-05,Pro,toplane dire
1002066,22,101,dire,%40PajkattDota,1,227533,228,8.63592856875013e-05,Pro,toplane dire
1003533,22,102,dire,%40PajkattDota,1,229000,229,8.67380544843764e-05,Pro,toplane dire
1004266,22,102,dire,%40PajkattDota,1,229733,230,8.71168232812514e-05,Pro,toplane dire
1004266,22,102,dire,%40PajkattDota,1,229733,231,8.74955920781264e-05,Pro,toplane dire
1004266,22,102,dire,%40PajkattDota,1,229733,232,8.78743608750014e-05,Pro,toplane dire
1007066,24,102,dire,%40PajkattDota,1,232533,233,8.82531296718764e-05,Pro,toplane dire
1007066,24,102,dire,%40PajkattDota,1,232533,234,8.86318984687514e-05,Pro,toplane dire
1007066,24,102,dire,%40PajkattDota,1,232533,235,8.90106672656264e-05,Pro,toplane dire
1009933,23,101,dire,%40PajkattDota,1,235400,236,8.93894360625014e-05,Pro,toplane dire
1009933,23,101,dire,%40PajkattDota,1,235400,237,8.97682048593764e-05,Pro,toplane dire
1012400,22,102,dire,%40PajkattDota,1,237867,238,9.01469736562514e-05,Pro,toplane dire
1012800,22,103,dire,%40PajkattDota,1,238267,239,9.05257424531264e-05,Pro,toplane dire
1014533,21,101,dire,%40PajkattDota,1,240000,240,9.09045112500014e-05,Pro,toplane dire
1015533,22,102,dire,%40PajkattDota,1,241000,241,9.12832800468764e-05,Pro,toplane dire
1016400,22,102,dire,%40PajkattDota,1,241867,242,9.16620488437514e-05,Pro,toplane dire
1017266,21,102,dire,%40PajkattDota,1,242733,243,9.20408176406264e-05,Pro,toplane dire
1018200,22,102,dire,%40PajkattDota,1,243667,244,9.24195864375014e-05,Pro,toplane dire
1018666,22,101,dire,%40PajkattDota,1,244133,245,9.27983552343764e-05,Pro,toplane dire
1020533,23,103,dire,%40PajkattDota,1,246000,246,9.31771240312515e-05,Pro,toplane dire
1021533,22,102,dire,%40PajkattDota,1,247000,247,9.35558928281265e-05,Pro,toplane dire
1022266,23,102,dire,%40PajkattDota,1,247733,248,9.39346616250015e-05,Pro,toplane dire
1023533,25,103,dire,%40PajkattDota,1,249000,249,9.43134304218765e-05,Pro,toplane dire
1024466,25,103,dire,%40PajkattDota,1,249933,250,9.46921992187515e-05,Pro,toplane dire
1024466,25,103,dire,%40PajkattDota,1,249933,251,9.50709680156265e-05,Pro,toplane dire
1024466,25,103,dire,%40PajkattDota,1,249933,252,9.54497368125015e-05,Pro,toplane dire
1024466,25,103,dire,%40PajkattDota,1,249933,253,9.58285056093765e-05,Pro,toplane dire
1028000,24,103,dire,%40PajkattDota,1,253467,254,9.62072744062515e-05,Pro,toplane dire
1029400,25,103,dire,%40PajkattDota,1,254867,255,9.65860432031265e-05,Pro,toplane dire
1029666,25,102,dire,%40PajkattDota,1,255133,256,9.69648120000015e-05,Pro,toplane dire
1029666,25,102,dire,%40PajkattDota,1,255133,257,9.73435807968765e-05,Pro,toplane dire
1031800,24,101,dire,%40PajkattDota,1,257267,258,9.77223495937515e-05,Pro,toplane dire
1033133,23,100,dire,%40PajkattDota,1,258600,259,9.81011183906265e-05,Pro,toplane dire
1033133,23,100,dire,%40PajkattDota,1,258600,260,9.84798871875015e-05,Pro,toplane dire
1035466,22,101,dire,%40PajkattDota,1,260933,261,9.88586559843765e-05,Pro,toplane dire
1035933,21,101,dire,%40PajkattDota,1,261400,262,9.92374247812516e-05,Pro,toplane dire
1037133,21,100,dire,%40PajkattDota,1,262600,263,9.96161935781266e-05,Pro,toplane dire
1038533,21,101,dire,%40PajkattDota,1,264000,264,9.99949623750016e-05,Pro,toplane dire
1038866,22,101,dire,%40PajkattDota,1,264333,265,0.000100373731171877,Pro,toplane dire
1040533,22,101,dire,%40PajkattDota,1,266000,266,0.000100752499968752,Pro,toplane dire
1040533,22,101,dire,%40PajkattDota,1,266000,267,0.000101131268765627,Pro,toplane dire
1041600,21,101,dire,%40PajkattDota,1,267067,268,0.000101510037562502,Pro,toplane dire
1043266,22,101,dire,%40PajkattDota,1,268733,269,0.000101888806359377,Pro,toplane dire
1044333,21,101,dire,%40PajkattDota,1,269800,270,0.000102267575156252,Pro,toplane dire
1044866,20,102,dire,%40PajkattDota,1,270333,271,0.000102646343953127,Pro,toplane dire
1046333,22,102,dire,%40PajkattDota,1,271800,272,0.000103025112750002,Pro,toplane dire
1047266,24,102,dire,%40PajkattDota,1,272733,273,0.000103403881546877,Pro,toplane dire
1048466,25,102,dire,%40PajkattDota,1,273933,274,0.000103782650343752,Pro,toplane dire
1048866,26,102,dire,%40PajkattDota,1,274333,275,0.000104161419140627,Pro,toplane dire
1050266,26,102,dire,%40PajkattDota,1,275733,276,0.000104540187937502,Pro,toplane dire
1050266,26,102,dire,%40PajkattDota,1,275733,277,0.000104918956734377,Pro,toplane dire
1052466,27,103,dire,%40PajkattDota,1,277933,278,0.000105297725531252,Pro,toplane dire
1053000,28,104,dire,%40PajkattDota,1,278467,279,0.000105676494328127,Pro,toplane dire
1054200,27,105,dire,%40PajkattDota,1,279667,280,0.000106055263125002,Pro,toplane dire
1055466,28,104,dire,%40PajkattDota,1,280933,281,0.000106434031921877,Pro,toplane dire
1055466,28,104,dire,%40PajkattDota,1,280933,282,0.000106812800718752,Pro,toplane dire
1057066,28,104,dire,%40PajkattDota,1,282533,283,0.000107191569515627,Pro,toplane dire
1058533,28,103,dire,%40PajkattDota,1,284000,284,0.000107570338312502,Pro,toplane dire
1058533,28,103,dire,%40PajkattDota,1,284000,285,0.000107949107109377,Pro,toplane dire
1059800,27,104,dire,%40PajkattDota,1,285267,286,0.000108327875906252,Pro,toplane dire
1061200,25,103,dire,%40PajkattDota,1,286667,287,0.000108706644703127,Pro,toplane dire
1062533,25,102,dire,%40PajkattDota,1,288000,288,0.000109085413500002,Pro,toplane dire
1063066,25,101,dire,%40PajkattDota,1,288533,289,0.000109464182296877,Pro,toplane dire
1064266,26,102,dire,%40PajkattDota,1,289733,290,0.000109842951093752,Pro,toplane dire
1064733,27,102,dire,%40PajkattDota,1,290200,291,0.000110221719890627,Pro,toplane dire
1064733,27,102,dire,%40PajkattDota,1,290200,292,0.000110600488687502,Pro,toplane dire
1064733,27,102,dire,%40PajkattDota,1,290200,293,0.000110979257484377,Pro,toplane dire
1064733,27,102,dire,%40PajkattDota,1,290200,294,0.000111358026281252,Pro,toplane dire
1064733,27,102,dire,%40PajkattDota,1,290200,295,0.000111736795078127,Pro,toplane dire
1070466,25,102,dire,%40PajkattDota,1,295933,296,0.000112115563875002,Pro,toplane dire
1071466,23,101,dire,%40PajkattDota,1,296933,297,0.000112494332671877,Pro,toplane dire
1072533,21,100,dire,%40PajkattDota,1,298000,298,0.000112873101468752,Pro,toplane dire
1072533,21,100,dire,%40PajkattDota,1,298000,299,0.000113251870265627,Pro,toplane dire
1074333,23,101,dire,%40PajkattDota,1,299800,300,0.000113630639062502,Pro,toplane dire
1074333,23,101,dire,%40PajkattDota,1,299800,301,0.000114009407859377,Pro,toplane dire
1074333,23,101,dire,%40PajkattDota,1,299800,302,0.000114388176656252,Pro,toplane dire
1074333,23,101,dire,%40PajkattDota,1,299800,303,0.000114766945453127,Pro,toplane dire
1078066,23,102,dire,%40PajkattDota,1,303533,304,0.000115145714250002,Pro,toplane dire
1078866,24,102,dire,%40PajkattDota,1,304333,305,0.000115524483046877,Pro,toplane dire
1080266,23,102,dire,%40PajkattDota,1,305733,306,0.000115903251843752,Pro,toplane dire
1081400,22,102,dire,%40PajkattDota,1,306867,307,0.000116282020640627,Pro,toplane dire
1082400,23,103,dire,%40PajkattDota,1,307867,308,0.000116660789437502,Pro,toplane dire
1083400,25,104,dire,%40PajkattDota,1,308867,309,0.000117039558234377,Pro,toplane dire
1084200,27,104,dire,%40PajkattDota,1,309667,310,0.000117418327031252,Pro,toplane dire
1085400,29,106,dire,%40PajkattDota,1,310867,311,0.000117797095828127,Pro,toplane dire
1085400,29,106,dire,%40PajkattDota,1,310867,312,0.000118175864625002,Pro,toplane dire
1086666,29,105,dire,%40PajkattDota,1,312133,313,0.000118554633421877,Pro,toplane dire
1087800,28,104,dire,%40PajkattDota,1,313267,314,0.000118933402218752,Pro,toplane dire
1087800,28,104,dire,%40PajkattDota,1,313267,315,0.000119312171015627,Pro,toplane dire
1090200,27,103,dire,%40PajkattDota,1,315667,316,0.000119690939812502,Pro,toplane dire
1090666,26,103,dire,%40PajkattDota,1,316133,317,0.000120069708609377,Pro,toplane dire
1092533,25,102,dire,%40PajkattDota,1,318000,318,0.000120448477406252,Pro,toplane dire
1093333,27,103,dire,%40PajkattDota,1,318800,319,0.000120827246203127,Pro,toplane dire
1093800,27,104,dire,%40PajkattDota,1,319267,320,0.000121206015000002,Pro,toplane dire
1093800,27,104,dire,%40PajkattDota,1,319267,321,0.000121584783796877,Pro,toplane dire
1096133,25,103,dire,%40PajkattDota,1,321600,322,0.000121963552593752,Pro,toplane dire
1096133,25,103,dire,%40PajkattDota,1,321600,323,0.000122342321390627,Pro,toplane dire
1098466,28,103,dire,%40PajkattDota,1,323933,324,0.000122721090187502,Pro,toplane dire
1099333,30,104,dire,%40PajkattDota,1,324800,325,0.000123099858984377,Pro,toplane dire
1100333,30,105,dire,%40PajkattDota,1,325800,326,0.000123478627781252,Pro,toplane dire
1101266,30,105,dire,%40PajkattDota,1,326733,327,0.000123857396578127,Pro,toplane dire
1102400,29,105,dire,%40PajkattDota,1,327867,328,0.000124236165375002,Pro,toplane dire
1102400,29,105,dire,%40PajkattDota,1,327867,329,0.000124614934171877,Pro,toplane dire
1104000,28,104,dire,%40PajkattDota,1,329467,330,0.000124993702968752,Pro,toplane dire
1104000,28,104,dire,%40PajkattDota,1,329467,331,0.000125372471765627,Pro,toplane dire
1104000,28,104,dire,%40PajkattDota,1,329467,332,0.000125751240562502,Pro,toplane dire
1104000,28,104,dire,%40PajkattDota,1,329467,333,0.000126130009359377,Pro,toplane dire
1108533,28,105,dire,%40PajkattDota,1,334000,334,0.000126508778156252,Pro,toplane dire
1108533,28,105,dire,%40PajkattDota,1,334000,335,0.000126887546953127,Pro,toplane dire
1108533,28,105,dire,%40PajkattDota,1,334000,336,0.000127266315750002,Pro,toplane dire
1111533,29,105,dire,%40PajkattDota,1,337000,337,0.000127645084546877,Pro,toplane dire
1111533,29,105,dire,%40PajkattDota,1,337000,338,0.000128023853343752,Pro,toplane dire
1111533,29,105,dire,%40PajkattDota,1,337000,339,0.000128402622140627,Pro,toplane dire
1111533,29,105,dire,%40PajkattDota,1,337000,340,0.000128781390937502,Pro,toplane dire
1115400,27,104,dire,%40PajkattDota,1,340867,341,0.000129160159734377,Pro,toplane dire
1116333,25,104,dire,%40PajkattDota,1,341800,342,0.000129538928531252,Pro,toplane dire
1117533,23,103,dire,%40PajkattDota,1,343000,343,0.000129917697328127,Pro,toplane dire
1118133,22,102,dire,%40PajkattDota,1,343600,344,0.000130296466125002,Pro,toplane dire
1119466,20,101,dire,%40PajkattDota,1,344933,345,0.000130675234921877,Pro,toplane dire
1120333,18,100,dire,%40PajkattDota,1,345800,346,0.000131054003718752,Pro,toplane dire
1121266,16,99,dire,%40PajkattDota,1,346733,347,0.000131432772515627,Pro,toplane dire
1122333,14,98,dire,%40PajkattDota,1,347800,348,0.000131811541312502,Pro,toplane dire
1123333,12,97,dire,%40PajkattDota,1,348800,349,0.000132190310109377,Pro,toplane dire
1124266,10,96,dire,%40PajkattDota,1,349733,350,0.000132569078906252,Pro,toplane dire
1125133,8,96,dire,%40PajkattDota,1,350600,351,0.000132947847703127,Pro,toplane dire
1125133,8,96,dire,%40PajkattDota,1,350600,352,0.000133326616500002,Pro,toplane dire
1125133,8,96,dire,%40PajkattDota,1,350600,353,0.000133705385296877,Pro,toplane dire
1125133,8,96,dire,%40PajkattDota,1,350600,354,0.000134084154093752,Pro,toplane dire
1128733,53,57,dire,%40PajkattDota,1,354200,355,0.000134462922890627,Pro,midlane radiant
1128733,53,57,dire,%40PajkattDota,1,354200,356,0.000134841691687502,Pro,midlane radiant
1131200,54,56,dire,%40PajkattDota,1,356667,357,0.000135220460484377,Pro,midlane radiant
1132266,54,57,dire,%40PajkattDota,1,357733,358,0.000135599229281252,Pro,midlane radiant
1133466,56,60,dire,%40PajkattDota,1,358933,359,0.000135977998078127,Pro,void radiant
1134533,55,63,dire,%40PajkattDota,1,360000,360,0.000136356766875002,Pro,river
1135266,53,65,dire,%40PajkattDota,1,360733,361,0.000136735535671877,Pro,river
1136533,51,68,dire,%40PajkattDota,1,362000,362,0.000137114304468752,Pro,river
1137533,49,70,dire,%40PajkattDota,1,363000,363,0.000137493073265627,Pro,river
1138533,47,71,dire,%40PajkattDota,1,364000,364,0.000137871842062502,Pro,river
1139466,46,74,dire,%40PajkattDota,1,364933,365,0.000138250610859377,Pro,river
1140333,45,76,dire,%40PajkattDota,1,365800,366,0.000138629379656252,Pro,river
1141533,44,79,dire,%40PajkattDota,1,367000,367,0.000139008148453127,Pro,river
1142333,44,81,dire,%40PajkattDota,1,367800,368,0.000139386917250002,Pro,void dire
1143400,44,84,dire,%40PajkattDota,1,368867,369,0.000139765686046877,Pro,jungle dire
1144533,44,87,dire,%40PajkattDota,1,370000,370,0.000140144454843752,Pro,jungle dire
1145400,43,89,dire,%40PajkattDota,1,370867,371,0.000140523223640627,Pro,jungle dire
1146400,40,90,dire,%40PajkattDota,1,371867,372,0.000140901992437502,Pro,jungle dire
1147333,37,90,dire,%40PajkattDota,1,372800,373,0.000141280761234377,Pro,jungle dire
1148533,34,92,dire,%40PajkattDota,1,374000,374,0.000141659530031252,Pro,jungle dire
1149533,31,92,dire,%40PajkattDota,1,375000,375,0.000142038298828127,Pro,jungle dire
1150266,29,93,dire,%40PajkattDota,1,375733,376,0.000142417067625002,Pro,jungle dire
1151466,26,94,dire,%40PajkattDota,1,376933,377,0.000142795836421877,Pro,jungle dire
1152266,24,95,dire,%40PajkattDota,1,377733,378,0.000143174605218752,Pro,jungle dire
1153400,21,95,dire,%40PajkattDota,1,378867,379,0.000143553374015627,Pro,toplane dire
1153800,20,96,dire,%40PajkattDota,1,379267,380,0.000143932142812502,Pro,toplane dire
1153800,20,96,dire,%40PajkattDota,1,379267,381,0.000144310911609377,Pro,toplane dire
1156400,18,95,dire,%40PajkattDota,1,381867,382,0.000144689680406252,Pro,toplane dire
1157200,17,93,dire,%40PajkattDota,1,382667,383,0.000145068449203127,Pro,toplane dire
1158466,17,95,dire,%40PajkattDota,1,383933,384,0.000145447218000002,Pro,toplane dire
1159266,16,94,dire,%40PajkattDota,1,384733,385,0.000145825986796877,Pro,toplane dire
1160266,17,94,dire,%40PajkattDota,1,385733,386,0.000146204755593752,Pro,toplane dire
1161533,16,94,dire,%40PajkattDota,1,387000,387,0.000146583524390627,Pro,toplane dire
1162333,16,93,dire,%40PajkattDota,1,387800,388,0.000146962293187502,Pro,toplane dire
1163333,15,93,dire,%40PajkattDota,1,388800,389,0.000147341061984377,Pro,toplane dire
1164533,15,93,dire,%40PajkattDota,1,390000,390,0.000147719830781252,Pro,toplane dire
1164933,16,93,dire,%40PajkattDota,1,390400,391,0.000148098599578127,Pro,toplane dire
1164933,16,93,dire,%40PajkattDota,1,390400,392,0.000148477368375002,Pro,toplane dire
1166600,15,93,dire,%40PajkattDota,1,392067,393,0.000148856137171877,Pro,toplane dire
1167933,16,94,dire,%40PajkattDota,1,393400,394,0.000149234905968752,Pro,toplane dire
1169533,15,95,dire,%40PajkattDota,1,395000,395,0.000149613674765627,Pro,toplane dire
1170400,16,95,dire,%40PajkattDota,1,395867,396,0.000149992443562502,Pro,toplane dire
1170400,16,95,dire,%40PajkattDota,1,395867,397,0.000150371212359377,Pro,toplane dire
1170400,16,95,dire,%40PajkattDota,1,395867,398,0.000150749981156252,Pro,toplane dire
1173333,16,94,dire,%40PajkattDota,1,398800,399,0.000151128749953127,Pro,toplane dire
1174466,15,91,dire,%40PajkattDota,1,399933,400,0.000151507518750002,Pro,toplane dire
1175400,14,89,dire,%40PajkattDota,1,400867,401,0.000151886287546877,Pro,toplane dire
1176400,14,86,dire,%40PajkattDota,1,401867,402,0.000152265056343752,Pro,toplane dire
1177400,13,85,dire,%40PajkattDota,1,402867,403,0.000152643825140627,Pro,toplane dire
1178533,15,87,dire,%40PajkattDota,1,404000,404,0.000153022593937502,Pro,toplane dire
1179466,13,90,dire,%40PajkattDota,1,404933,405,0.000153401362734377,Pro,toplane dire
1180466,10,91,dire,%40PajkattDota,1,405933,406,0.000153780131531252,Pro,toplane dire
1181466,8,94,dire,%40PajkattDota,1,406933,407,0.000154158900328127,Pro,laneshop dire
1182333,10,95,dire,%40PajkattDota,1,407800,408,0.000154537669125002,Pro,toplane dire
1183333,12,95,dire,%40PajkattDota,1,408800,409,0.000154916437921877,Pro,toplane dire
1184333,14,93,dire,%40PajkattDota,1,409800,410,0.000155295206718752,Pro,toplane dire
1185200,16,92,dire,%40PajkattDota,1,410667,411,0.000155673975515627,Pro,toplane dire
1186400,19,91,dire,%40PajkattDota,1,411867,412,0.000156052744312502,Pro,toplane dire
1187266,21,90,dire,%40PajkattDota,1,412733,413,0.000156431513109377,Pro,jungle dire
1188333,24,91,dire,%40PajkattDota,1,413800,414,0.000156810281906252,Pro,jungle dire
1189400,27,92,dire,%40PajkattDota,1,414867,415,0.000157189050703127,Pro,jungle dire
1190533,30,94,dire,%40PajkattDota,1,416000,416,0.000157567819500002,Pro,jungle dire
1191200,32,95,dire,%40PajkattDota,1,416667,417,0.000157946588296877,Pro,jungle dire
1192533,35,97,dire,%40PajkattDota,1,418000,418,0.000158325357093752,Pro,jungle dire
1193333,37,98,dire,%40PajkattDota,1,418800,419,0.000158704125890627,Pro,jungle dire
1193933,38,99,dire,%40PajkattDota,1,419400,420,0.000159082894687502,Pro,jungle dire
1195466,38,101,dire,%40PajkattDota,1,420933,421,0.000159461663484378,Pro,jungle dire
1196266,38,103,dire,%40PajkattDota,1,421733,422,0.000159840432281253,Pro,toplane dire
1197333,39,106,dire,%40PajkattDota,1,422800,423,0.000160219201078128,Pro,toplane dire
1198066,40,107,dire,%40PajkattDota,1,423533,424,0.000160597969875003,Pro,toplane dire
1199466,39,107,dire,%40PajkattDota,1,424933,425,0.000160976738671878,Pro,toplane dire
1200133,39,106,dire,%40PajkattDota,1,425600,426,0.000161355507468753,Pro,toplane dire
1201266,38,105,dire,%40PajkattDota,1,426733,427,0.000161734276265628,Pro,toplane dire
1202466,37,104,dire,%40PajkattDota,1,427933,428,0.000162113045062503,Pro,toplane dire
1202933,37,102,dire,%40PajkattDota,1,428400,429,0.000162491813859378,Pro,jungle dire
1204266,38,100,dire,%40PajkattDota,1,429733,430,0.000162870582656253,Pro,jungle dire
1204266,38,100,dire,%40PajkattDota,1,429733,431,0.000163249351453128,Pro,jungle dire
1206266,40,99,dire,%40PajkattDota,1,431733,432,0.000163628120250003,Pro,jungle dire
1207000,42,100,dire,%40PajkattDota,1,432467,433,0.000164006889046878,Pro,jungle dire
1208333,41,98,dire,%40PajkattDota,1,433800,434,0.000164385657843753,Pro,jungle dire
1209333,40,100,dire,%40PajkattDota,1,434800,435,0.000164764426640628,Pro,jungle dire
1209600,39,100,dire,%40PajkattDota,1,435067,436,0.000165143195437503,Pro,jungle dire
1211333,37,101,dire,%40PajkattDota,1,436800,437,0.000165521964234378,Pro,jungle dire
1212400,37,101,dire,%40PajkattDota,1,437867,438,0.000165900733031253,Pro,jungle dire
1213200,39,100,dire,%40PajkattDota,1,438667,439,0.000166279501828128,Pro,jungle dire
1214533,39,100,dire,%40PajkattDota,1,440000,440,0.000166658270625003,Pro,jungle dire
1215466,37,102,dire,%40PajkattDota,1,440933,441,0.000167037039421878,Pro,jungle dire
1216400,35,103,dire,%40PajkattDota,1,441867,442,0.000167415808218753,Pro,toplane dire
1217533,32,104,dire,%40PajkattDota,1,443000,443,0.000167794577015628,Pro,toplane dire
1218333,30,104,dire,%40PajkattDota,1,443800,444,0.000168173345812503,Pro,toplane dire
1219466,27,105,dire,%40PajkattDota,1,444933,445,0.000168552114609378,Pro,toplane dire
1220266,25,106,dire,%40PajkattDota,1,445733,446,0.000168930883406253,Pro,toplane dire
1221466,26,109,dire,%40PajkattDota,1,446933,447,0.000169309652203128,Pro,toplane dire
1221666,26,108,dire,%40PajkattDota,1,447133,448,0.000169688421000003,Pro,toplane dire
1222866,25,108,dire,%40PajkattDota,1,448333,449,0.000170067189796878,Pro,toplane dire
1224533,23,106,dire,%40PajkattDota,1,450000,450,0.000170445958593753,Pro,toplane dire
1225466,24,107,dire,%40PajkattDota,1,450933,451,0.000170824727390628,Pro,toplane dire
1226400,24,107,dire,%40PajkattDota,1,451867,452,0.000171203496187503,Pro,toplane dire
1226933,25,107,dire,%40PajkattDota,1,452400,453,0.000171582264984378,Pro,toplane dire
1227666,24,107,dire,%40PajkattDota,1,453133,454,0.000171961033781253,Pro,toplane dire
1229333,26,109,dire,%40PajkattDota,1,454800,455,0.000172339802578128,Pro,toplane dire
1229333,26,109,dire,%40PajkattDota,1,454800,456,0.000172718571375003,Pro,toplane dire
1229333,26,109,dire,%40PajkattDota,1,454800,457,0.000173097340171878,Pro,toplane dire
1229333,26,109,dire,%40PajkattDota,1,454800,458,0.000173476108968753,Pro,toplane dire
1229333,26,109,dire,%40PajkattDota,1,454800,459,0.000173854877765628,Pro,toplane dire
1229333,26,109,dire,%40PajkattDota,1,454800,460,0.000174233646562503,Pro,toplane dire
1229333,26,109,dire,%40PajkattDota,1,454800,461,0.000174612415359378,Pro,toplane dire
1229333,26,109,dire,%40PajkattDota,1,454800,462,0.000174991184156253,Pro,toplane dire
1229333,26,109,dire,%40PajkattDota,1,454800,463,0.000175369952953128,Pro,toplane dire
1229333,26,109,dire,%40PajkattDota,1,454800,464,0.000175748721750003,Pro,toplane dire
1229333,26,109,dire,%40PajkattDota,1,454800,465,0.000176127490546878,Pro,toplane dire
1229333,26,109,dire,%40PajkattDota,1,454800,466,0.000176506259343753,Pro,toplane dire
1229333,26,109,dire,%40PajkattDota,1,454800,467,0.000176885028140628,Pro,toplane dire
1229333,26,109,dire,%40PajkattDota,1,454800,468,0.000177263796937503,Pro,toplane dire
1229333,26,109,dire,%40PajkattDota,1,454800,469,0.000177642565734378,Pro,toplane dire
1229333,26,109,dire,%40PajkattDota,1,454800,470,0.000178021334531253,Pro,toplane dire
1229333,26,109,dire,%40PajkattDota,1,454800,471,0.000178400103328128,Pro,toplane dire
1229333,26,109,dire,%40PajkattDota,1,454800,472,0.000178778872125003,Pro,toplane dire
1229333,26,109,dire,%40PajkattDota,1,454800,473,0.000179157640921878,Pro,toplane dire
1229333,26,109,dire,%40PajkattDota,1,454800,474,0.000179536409718753,Pro,toplane dire
1229333,26,109,dire,%40PajkattDota,1,454800,475,0.000179915178515628,Pro,toplane dire
1229333,26,109,dire,%40PajkattDota,1,454800,476,0.000180293947312503,Pro,toplane dire
1229333,26,109,dire,%40PajkattDota,1,454800,477,0.000180672716109378,Pro,toplane dire
1229333,26,109,dire,%40PajkattDota,1,454800,478,0.000181051484906253,Pro,toplane dire
1229333,26,109,dire,%40PajkattDota,1,454800,479,0.000181430253703128,Pro,toplane dire
1229333,26,109,dire,%40PajkattDota,1,454800,480,0.000181809022500003,Pro,toplane dire
1229333,26,109,dire,%40PajkattDota,1,454800,481,0.000182187791296878,Pro,toplane dire
1229333,26,109,dire,%40PajkattDota,1,454800,482,0.000182566560093753,Pro,toplane dire
1256666,115,108,dire,%40PajkattDota,1,482133,483,0.000182945328890628,Pro,base2 dire
1256666,115,108,dire,%40PajkattDota,1,482133,484,0.000183324097687503,Pro,base2 dire
1256666,115,108,dire,%40PajkattDota,1,482133,485,0.000183702866484378,Pro,base2 dire
1260133,115,108,dire,%40PajkattDota,1,485600,486,0.000184081635281253,Pro,base2 dire
1260133,115,108,dire,%40PajkattDota,1,485600,487,0.000184460404078128,Pro,base2 dire
1260133,115,108,dire,%40PajkattDota,1,485600,488,0.000184839172875003,Pro,base2 dire
1263333,113,108,dire,%40PajkattDota,1,488800,489,0.000185217941671878,Pro,base2 dire
1264466,110,108,dire,%40PajkattDota,1,489933,490,0.000185596710468753,Pro,base2 dire
1265533,107,108,dire,%40PajkattDota,1,491000,491,0.000185975479265628,Pro,base2 dire
1266333,105,108,dire,%40PajkattDota,1,491800,492,0.000186354248062503,Pro,base2 dire
1266666,104,108,dire,%40PajkattDota,1,492133,493,0.000186733016859378,Pro,base2 dire
1266666,104,108,dire,%40PajkattDota,1,492133,494,0.000187111785656253,Pro,base2 dire
1269333,102,108,dire,%40PajkattDota,1,494800,495,0.000187490554453128,Pro,base2 dire
1270266,99,108,dire,%40PajkattDota,1,495733,496,0.000187869323250003,Pro,base2 dire
1271533,95,108,dire,%40PajkattDota,1,497000,497,0.000188248092046878,Pro,base2 dire
1272533,92,108,dire,%40PajkattDota,1,498000,498,0.000188626860843753,Pro,base2 dire
1273533,89,107,dire,%40PajkattDota,1,499000,499,0.000189005629640628,Pro,base2 dire
1274333,87,107,dire,%40PajkattDota,1,499800,500,0.000189384398437503,Pro,base2 dire
1275466,84,106,dire,%40PajkattDota,1,500933,501,0.000189763167234378,Pro,toplane dire
1276533,82,105,dire,%40PajkattDota,1,502000,502,0.000190141936031253,Pro,toplane dire
1276600,81,105,dire,%40PajkattDota,1,502067,503,0.000190520704828128,Pro,toplane dire
1276600,81,105,dire,%40PajkattDota,1,502067,504,0.000190899473625003,Pro,toplane dire
1276600,81,105,dire,%40PajkattDota,1,502067,505,0.000191278242421878,Pro,toplane dire
1280266,65,81,dire,%40PajkattDota,1,505733,506,0.000191657011218753,Pro,jungle dire
1281466,67,84,dire,%40PajkattDota,1,506933,507,0.000192035780015628,Pro,jungle dire
1281466,67,84,dire,%40PajkattDota,1,506933,508,0.000192414548812503,Pro,jungle dire
1283466,70,86,dire,%40PajkattDota,1,508933,509,0.000192793317609378,Pro,jungle dire
1284400,69,87,dire,%40PajkattDota,1,509867,510,0.000193172086406253,Pro,jungle dire
1285066,68,89,dire,%40PajkattDota,1,510533,511,0.000193550855203128,Pro,jungle dire
1286200,70,88,dire,%40PajkattDota,1,511667,512,0.000193929624000003,Pro,jungle dire
1287466,73,89,dire,%40PajkattDota,1,512933,513,0.000194308392796878,Pro,jungle dire
1288333,75,90,dire,%40PajkattDota,1,513800,514,0.000194687161593753,Pro,jungle dire
1289400,78,90,dire,%40PajkattDota,1,514867,515,0.000195065930390628,Pro,jungle dire
1290466,80,88,dire,%40PajkattDota,1,515933,516,0.000195444699187503,Pro,jungle dire
1291533,81,85,dire,%40PajkattDota,1,517000,517,0.000195823467984378,Pro,midlane dire
1292400,83,83,dire,%40PajkattDota,1,517867,518,0.000196202236781253,Pro,midlane dire
1293333,85,81,dire,%40PajkattDota,1,518800,519,0.000196581005578128,Pro,midlane dire
1294133,86,79,dire,%40PajkattDota,1,519600,520,0.000196959774375003,Pro,midlane dire
1295400,87,76,dire,%40PajkattDota,1,520867,521,0.000197338543171878,Pro,midlane dire
1296200,88,74,dire,%40PajkattDota,1,521667,522,0.000197717311968753,Pro,midlane dire
1297533,90,71,dire,%40PajkattDota,1,523000,523,0.000198096080765628,Pro,jungle dire
1298533,92,69,dire,%40PajkattDota,1,524000,524,0.000198474849562503,Pro,jungle dire
1299133,93,68,dire,%40PajkattDota,1,524600,525,0.000198853618359378,Pro,jungle dire
1300400,93,66,dire,%40PajkattDota,1,525867,526,0.000199232387156253,Pro,jungle dire
1301466,93,63,dire,%40PajkattDota,1,526933,527,0.000199611155953128,Pro,jungle dire
1302533,94,60,dire,%40PajkattDota,1,528000,528,0.000199989924750003,Pro,jungle dire
1303533,96,58,dire,%40PajkattDota,1,529000,529,0.000200368693546878,Pro,jungle dire
1304200,97,56,dire,%40PajkattDota,1,529667,530,0.000200747462343753,Pro,jungle dire
1305266,96,53,dire,%40PajkattDota,1,530733,531,0.000201126231140628,Pro,jungle dire
1306400,95,50,dire,%40PajkattDota,1,531867,532,0.000201504999937503,Pro,jungle dire
1307066,95,50,dire,%40PajkattDota,1,532533,533,0.000201883768734378,Pro,jungle dire
1307066,95,50,dire,%40PajkattDota,1,532533,534,0.000202262537531253,Pro,jungle dire
1309333,94,50,dire,%40PajkattDota,1,534800,535,0.000202641306328128,Pro,jungle dire
1310400,95,51,dire,%40PajkattDota,1,535867,536,0.000203020075125003,Pro,jungle dire
1311333,96,54,dire,%40PajkattDota,1,536800,537,0.000203398843921878,Pro,jungle dire
1312333,99,53,dire,%40PajkattDota,1,537800,538,0.000203777612718753,Pro,jungle dire
1313400,98,55,dire,%40PajkattDota,1,538867,539,0.000204156381515628,Pro,jungle dire
1314266,96,57,dire,%40PajkattDota,1,539733,540,0.000204535150312503,Pro,jungle dire
1315200,94,58,dire,%40PajkattDota,1,540667,541,0.000204913919109378,Pro,jungle dire
1316133,92,59,dire,%40PajkattDota,1,541600,542,0.000205292687906253,Pro,jungle dire
1316133,92,59,dire,%40PajkattDota,1,541600,543,0.000205671456703128,Pro,jungle dire
1318466,95,57,dire,%40PajkattDota,1,543933,544,0.000206050225500003,Pro,jungle dire
1319133,96,56,dire,%40PajkattDota,1,544600,545,0.000206428994296878,Pro,jungle dire
1320200,97,54,dire,%40PajkattDota,1,545667,546,0.000206807763093753,Pro,jungle dire
1321000,97,53,dire,%40PajkattDota,1,546467,547,0.000207186531890628,Pro,jungle dire
1322333,97,50,dire,%40PajkattDota,1,547800,548,0.000207565300687503,Pro,jungle dire
1323000,98,48,dire,%40PajkattDota,1,548467,549,0.000207944069484378,Pro,jungle dire
1324066,99,47,dire,%40PajkattDota,1,549533,550,0.000208322838281253,Pro,jungle dire
1325400,101,47,dire,%40PajkattDota,1,550867,551,0.000208701607078128,Pro,void dire
1325400,101,47,dire,%40PajkattDota,1,550867,552,0.000209080375875003,Pro,void dire
1325400,101,47,dire,%40PajkattDota,1,550867,553,0.000209459144671878,Pro,void dire
1325400,101,47,dire,%40PajkattDota,1,550867,554,0.000209837913468753,Pro,void dire
1325400,101,47,dire,%40PajkattDota,1,550867,555,0.000210216682265628,Pro,void dire
1325400,101,47,dire,%40PajkattDota,1,550867,556,0.000210595451062503,Pro,void dire
1325400,101,47,dire,%40PajkattDota,1,550867,557,0.000210974219859378,Pro,void dire
1325400,101,47,dire,%40PajkattDota,1,550867,558,0.000211352988656253,Pro,void dire
1325400,101,47,dire,%40PajkattDota,1,550867,559,0.000211731757453128,Pro,void dire
1325400,101,47,dire,%40PajkattDota,1,550867,560,0.000212110526250003,Pro,void dire
1325400,101,47,dire,%40PajkattDota,1,550867,561,0.000212489295046878,Pro,void dire
1325400,101,47,dire,%40PajkattDota,1,550867,562,0.000212868063843753,Pro,void dire
1325400,101,47,dire,%40PajkattDota,1,550867,563,0.000213246832640628,Pro,void dire
1325400,101,47,dire,%40PajkattDota,1,550867,564,0.000213625601437503,Pro,void dire
1338933,100,47,dire,%40PajkattDota,1,564400,565,0.000214004370234378,Pro,void dire
1338933,100,47,dire,%40PajkattDota,1,564400,566,0.000214383139031253,Pro,void dire
1338933,100,47,dire,%40PajkattDota,1,564400,567,0.000214761907828128,Pro,void dire
1338933,100,47,dire,%40PajkattDota,1,564400,568,0.000215140676625003,Pro,void dire
1338933,100,47,dire,%40PajkattDota,1,564400,569,0.000215519445421878,Pro,void dire
1338933,100,47,dire,%40PajkattDota,1,564400,570,0.000215898214218753,Pro,void dire
1338933,100,47,dire,%40PajkattDota,1,564400,571,0.000216276983015628,Pro,void dire
1338933,100,47,dire,%40PajkattDota,1,564400,572,0.000216655751812503,Pro,void dire
1338933,100,47,dire,%40PajkattDota,1,564400,573,0.000217034520609378,Pro,void dire
1338933,100,47,dire,%40PajkattDota,1,564400,574,0.000217413289406253,Pro,void dire
1338933,100,47,dire,%40PajkattDota,1,564400,575,0.000217792058203128,Pro,void dire
1338933,100,47,dire,%40PajkattDota,1,564400,576,0.000218170827000003,Pro,void dire
1338933,100,47,dire,%40PajkattDota,1,564400,577,0.000218549595796878,Pro,void dire
1338933,100,47,dire,%40PajkattDota,1,564400,578,0.000218928364593753,Pro,void dire
1338933,100,47,dire,%40PajkattDota,1,564400,579,0.000219307133390628,Pro,void dire
1338933,100,47,dire,%40PajkattDota,1,564400,580,0.000219685902187503,Pro,void dire
1338933,100,47,dire,%40PajkattDota,1,564400,581,0.000220064670984378,Pro,void dire
1338933,100,47,dire,%40PajkattDota,1,564400,582,0.000220443439781253,Pro,void dire
1338933,100,47,dire,%40PajkattDota,1,564400,583,0.000220822208578128,Pro,void dire
1358400,98,50,dire,%40PajkattDota,1,583867,584,0.000221200977375003,Pro,jungle dire
1359466,97,53,dire,%40PajkattDota,1,584933,585,0.000221579746171878,Pro,jungle dire
1360466,96,56,dire,%40PajkattDota,1,585933,586,0.000221958514968753,Pro,jungle dire
1361266,95,58,dire,%40PajkattDota,1,586733,587,0.000222337283765628,Pro,jungle dire
1362466,94,61,dire,%40PajkattDota,1,587933,588,0.000222716052562503,Pro,jungle dire
1363266,93,63,dire,%40PajkattDota,1,588733,589,0.000223094821359378,Pro,jungle dire
1364466,92,66,dire,%40PajkattDota,1,589933,590,0.000223473590156254,Pro,jungle dire
1365266,91,68,dire,%40PajkattDota,1,590733,591,0.000223852358953129,Pro,jungle dire
1366400,90,71,dire,%40PajkattDota,1,591867,592,0.000224231127750004,Pro,jungle dire
1367400,89,73,dire,%40PajkattDota,1,592867,593,0.000224609896546879,Pro,jungle dire
1368400,88,76,dire,%40PajkattDota,1,593867,594,0.000224988665343754,Pro,midlane dire
1369466,87,79,dire,%40PajkattDota,1,594933,595,0.000225367434140629,Pro,midlane dire
1370333,85,81,dire,%40PajkattDota,1,595800,596,0.000225746202937504,Pro,midlane dire
1371466,83,84,dire,%40PajkattDota,1,596933,597,0.000226124971734379,Pro,midlane dire
1372400,81,86,dire,%40PajkattDota,1,597867,598,0.000226503740531254,Pro,midlane dire
1373333,80,88,dire,%40PajkattDota,1,598800,599,0.000226882509328129,Pro,jungle dire
1374200,79,90,dire,%40PajkattDota,1,599667,600,0.000227261278125004,Pro,jungle dire
1375333,76,90,dire,%40PajkattDota,1,600800,601,0.000227640046921879,Pro,jungle dire
1376400,74,89,dire,%40PajkattDota,1,601867,602,0.000228018815718754,Pro,jungle dire
1377466,72,90,dire,%40PajkattDota,1,602933,603,0.000228397584515629,Pro,jungle dire
1377466,72,90,dire,%40PajkattDota,1,602933,604,0.000228776353312504,Pro,jungle dire
1377466,72,90,dire,%40PajkattDota,1,602933,605,0.000229155122109379,Pro,jungle dire
1380133,72,90,dire,%40PajkattDota,1,605600,606,0.000229533890906254,Pro,jungle dire
1380133,72,90,dire,%40PajkattDota,1,605600,607,0.000229912659703129,Pro,jungle dire
1380133,72,90,dire,%40PajkattDota,1,605600,608,0.000230291428500004,Pro,jungle dire
1383266,71,89,dire,%40PajkattDota,1,608733,609,0.000230670197296879,Pro,jungle dire
1384266,68,89,dire,%40PajkattDota,1,609733,610,0.000231048966093754,Pro,jungle dire
1385333,65,91,dire,%40PajkattDota,1,610800,611,0.000231427734890629,Pro,jungle dire
1386400,62,92,dire,%40PajkattDota,1,611867,612,0.000231806503687504,Pro,jungle dire
1387066,60,92,dire,%40PajkattDota,1,612533,613,0.000232185272484379,Pro,jungle dire
1388333,59,92,dire,%40PajkattDota,1,613800,614,0.000232564041281254,Pro,jungle dire
1388333,59,92,dire,%40PajkattDota,1,613800,615,0.000232942810078129,Pro,jungle dire
1388333,59,92,dire,%40PajkattDota,1,613800,616,0.000233321578875004,Pro,jungle dire
1388333,59,92,dire,%40PajkattDota,1,613800,617,0.000233700347671879,Pro,jungle dire
1388333,59,92,dire,%40PajkattDota,1,613800,618,0.000234079116468754,Pro,jungle dire
1388333,59,92,dire,%40PajkattDota,1,613800,619,0.000234457885265629,Pro,jungle dire
1388333,59,92,dire,%40PajkattDota,1,613800,620,0.000234836654062504,Pro,jungle dire
1388333,59,92,dire,%40PajkattDota,1,613800,621,0.000235215422859379,Pro,jungle dire
1388333,59,92,dire,%40PajkattDota,1,613800,622,0.000235594191656254,Pro,jungle dire
1388333,59,92,dire,%40PajkattDota,1,613800,623,0.000235972960453129,Pro,jungle dire
1388333,59,92,dire,%40PajkattDota,1,613800,624,0.000236351729250004,Pro,jungle dire
1388333,59,92,dire,%40PajkattDota,1,613800,625,0.000236730498046879,Pro,jungle dire
1388333,59,92,dire,%40PajkattDota,1,613800,626,0.000237109266843754,Pro,jungle dire
1401200,60,92,dire,%40PajkattDota,1,626667,627,0.000237488035640629,Pro,jungle dire
1401200,60,92,dire,%40PajkattDota,1,626667,628,0.000237866804437504,Pro,jungle dire
1403533,62,92,dire,%40PajkattDota,1,629000,629,0.000238245573234379,Pro,jungle dire
1404266,64,91,dire,%40PajkattDota,1,629733,630,0.000238624342031254,Pro,jungle dire
1405533,67,89,dire,%40PajkattDota,1,631000,631,0.000239003110828129,Pro,jungle dire
1406466,70,88,dire,%40PajkattDota,1,631933,632,0.000239381879625004,Pro,jungle dire
1407466,71,88,dire,%40PajkattDota,1,632933,633,0.000239760648421879,Pro,jungle dire
1407866,72,88,dire,%40PajkattDota,1,633333,634,0.000240139417218754,Pro,jungle dire
1409000,73,88,dire,%40PajkattDota,1,634467,635,0.000240518186015629,Pro,jungle dire
1409000,73,88,dire,%40PajkattDota,1,634467,636,0.000240896954812504,Pro,jungle dire
1409000,73,88,dire,%40PajkattDota,1,634467,637,0.000241275723609379,Pro,jungle dire
1412533,74,89,dire,%40PajkattDota,1,638000,638,0.000241654492406254,Pro,jungle dire
1412533,74,89,dire,%40PajkattDota,1,638000,639,0.000242033261203129,Pro,jungle dire
1412533,74,89,dire,%40PajkattDota,1,638000,640,0.000242412030000004,Pro,jungle dire
1412533,74,89,dire,%40PajkattDota,1,638000,641,0.000242790798796879,Pro,jungle dire
1412533,74,89,dire,%40PajkattDota,1,638000,642,0.000243169567593754,Pro,jungle dire
1417266,76,90,dire,%40PajkattDota,1,642733,643,0.000243548336390629,Pro,jungle dire
1418200,79,90,dire,%40PajkattDota,1,643667,644,0.000243927105187504,Pro,jungle dire
1419266,80,87,dire,%40PajkattDota,1,644733,645,0.000244305873984379,Pro,void dire
1420133,81,88,dire,%40PajkattDota,1,645600,646,0.000244684642781254,Pro,jungle dire
1421333,84,88,dire,%40PajkattDota,1,646800,647,0.000245063411578129,Pro,midlane dire
1422466,87,88,dire,%40PajkattDota,1,647933,648,0.000245442180375004,Pro,midlane dire
1423533,90,87,dire,%40PajkattDota,1,649000,649,0.000245820949171879,Pro,midlane dire
1424533,92,88,dire,%40PajkattDota,1,650000,650,0.000246199717968754,Pro,midlane dire
1425533,94,90,dire,%40PajkattDota,1,651000,651,0.000246578486765629,Pro,base2 dire
1426466,96,91,dire,%40PajkattDota,1,651933,652,0.000246957255562504,Pro,base2 dire
1427533,99,91,dire,%40PajkattDota,1,653000,653,0.000247336024359379,Pro,base2 dire
1428333,101,93,dire,%40PajkattDota,1,653800,654,0.000247714793156254,Pro,base2 dire
1429400,103,95,dire,%40PajkattDota,1,654867,655,0.000248093561953129,Pro,base2 dire
1430333,106,95,dire,%40PajkattDota,1,655800,656,0.000248472330750004,Pro,base2 dire
1431466,109,96,dire,%40PajkattDota,1,656933,657,0.000248851099546879,Pro,base2 dire
1432333,110,98,dire,%40PajkattDota,1,657800,658,0.000249229868343754,Pro,base2 dire
1433466,112,100,dire,%40PajkattDota,1,658933,659,0.000249608637140629,Pro,base2 dire
1434533,113,103,dire,%40PajkattDota,1,660000,660,0.000249987405937504,Pro,base2 dire
1435466,115,105,dire,%40PajkattDota,1,660933,661,0.000250366174734379,Pro,base2 dire
1436333,116,107,dire,%40PajkattDota,1,661800,662,0.000250744943531254,Pro,base2 dire
1436866,117,108,dire,%40PajkattDota,1,662333,663,0.000251123712328129,Pro,base2 dire
1436866,117,108,dire,%40PajkattDota,1,662333,664,0.000251502481125004,Pro,base2 dire
1436866,117,108,dire,%40PajkattDota,1,662333,665,0.000251881249921879,Pro,base2 dire
1440133,117,108,dire,%40PajkattDota,1,665600,666,0.000252260018718754,Pro,base2 dire
1440133,117,108,dire,%40PajkattDota,1,665600,667,0.000252638787515629,Pro,base2 dire
1442200,116,108,dire,%40PajkattDota,1,667667,668,0.000253017556312504,Pro,base2 dire
1443266,114,108,dire,%40PajkattDota,1,668733,669,0.000253396325109379,Pro,base2 dire
1444266,111,108,dire,%40PajkattDota,1,669733,670,0.000253775093906254,Pro,base2 dire
1445533,107,108,dire,%40PajkattDota,1,671000,671,0.000254153862703129,Pro,base2 dire
1446533,104,108,dire,%40PajkattDota,1,672000,672,0.000254532631500004,Pro,base2 dire
1447533,101,108,dire,%40PajkattDota,1,673000,673,0.000254911400296879,Pro,base2 dire
1448266,99,108,dire,%40PajkattDota,1,673733,674,0.000255290169093754,Pro,base2 dire
1449400,96,108,dire,%40PajkattDota,1,674867,675,0.000255668937890629,Pro,base2 dire
1450533,93,108,dire,%40PajkattDota,1,676000,676,0.000256047706687504,Pro,base2 dire
1451266,91,108,dire,%40PajkattDota,1,676733,677,0.000256426475484379,Pro,base2 dire
1452400,88,107,dire,%40PajkattDota,1,677867,678,0.000256805244281254,Pro,base2 dire
1453466,85,107,dire,%40PajkattDota,1,678933,679,0.000257184013078129,Pro,toplane dire
1454466,82,106,dire,%40PajkattDota,1,679933,680,0.000257562781875004,Pro,toplane dire
1455466,79,105,dire,%40PajkattDota,1,680933,681,0.000257941550671879,Pro,toplane dire
1456533,76,104,dire,%40PajkattDota,1,682000,682,0.000258320319468754,Pro,toplane dire
1457266,74,103,dire,%40PajkattDota,1,682733,683,0.000258699088265629,Pro,toplane dire
1458333,71,103,dire,%40PajkattDota,1,683800,684,0.000259077857062504,Pro,toplane dire
1459466,68,103,dire,%40PajkattDota,1,684933,685,0.000259456625859379,Pro,toplane dire
1459466,68,103,dire,%40PajkattDota,1,684933,686,0.000259835394656254,Pro,toplane dire
1459466,68,103,dire,%40PajkattDota,1,684933,687,0.000260214163453129,Pro,toplane dire
1462333,66,101,dire,%40PajkattDota,1,687800,688,0.000260592932250004,Pro,toplane dire
1463400,64,99,dire,%40PajkattDota,1,688867,689,0.000260971701046879,Pro,jungle dire
1464266,63,97,dire,%40PajkattDota,1,689733,690,0.000261350469843754,Pro,jungle dire
1464933,62,96,dire,%40PajkattDota,1,690400,691,0.000261729238640629,Pro,jungle dire
1466400,59,96,dire,%40PajkattDota,1,691867,692,0.000262108007437504,Pro,jungle dire
1467400,61,94,dire,%40PajkattDota,1,692867,693,0.000262486776234379,Pro,jungle dire
1467733,61,93,dire,%40PajkattDota,1,693200,694,0.000262865545031254,Pro,jungle dire
1469133,62,93,dire,%40PajkattDota,1,694600,695,0.000263244313828129,Pro,jungle dire
1469133,62,93,dire,%40PajkattDota,1,694600,696,0.000263623082625004,Pro,jungle dire
1469133,62,93,dire,%40PajkattDota,1,694600,697,0.000264001851421879,Pro,jungle dire
1472400,73,60,dire,%40PajkattDota,1,697867,698,0.000264380620218754,Pro,jungle dire
1473266,74,61,dire,%40PajkattDota,1,698733,699,0.000264759389015629,Pro,jungle dire
1474333,76,60,dire,%40PajkattDota,1,699800,700,0.000265138157812504,Pro,jungle dire
1475533,76,61,dire,%40PajkattDota,1,701000,701,0.000265516926609379,Pro,jungle dire
1476400,75,61,dire,%40PajkattDota,1,701867,702,0.000265895695406254,Pro,jungle dire
1476400,75,61,dire,%40PajkattDota,1,701867,703,0.000266274464203129,Pro,jungle dire
1478400,77,62,dire,%40PajkattDota,1,703867,704,0.000266653233000004,Pro,jungle dire
1479533,79,63,dire,%40PajkattDota,1,705000,705,0.000267032001796879,Pro,jungle dire
1480333,79,65,dire,%40PajkattDota,1,705800,706,0.000267410770593754,Pro,void dire
1481533,79,66,dire,%40PajkattDota,1,707000,707,0.000267789539390629,Pro,midlane dire
1482400,78,67,dire,%40PajkattDota,1,707867,708,0.000268168308187504,Pro,midlane dire
1483400,76,67,dire,%40PajkattDota,1,708867,709,0.000268547076984379,Pro,midlane dire
1484466,74,64,dire,%40PajkattDota,1,709933,710,0.000268925845781254,Pro,midlane dire
1485533,72,64,dire,%40PajkattDota,1,711000,711,0.000269304614578129,Pro,midlane dire
1485533,72,64,dire,%40PajkattDota,1,711000,712,0.000269683383375004,Pro,midlane dire
1485533,72,64,dire,%40PajkattDota,1,711000,713,0.000270062152171879,Pro,midlane dire
1488533,74,63,dire,%40PajkattDota,1,714000,714,0.000270440920968754,Pro,midlane dire
1488533,74,63,dire,%40PajkattDota,1,714000,715,0.000270819689765629,Pro,midlane dire
1489866,74,64,dire,%40PajkattDota,1,715333,716,0.000271198458562504,Pro,midlane dire
1489866,74,64,dire,%40PajkattDota,1,715333,717,0.000271577227359379,Pro,midlane dire
1492533,73,61,dire,%40PajkattDota,1,718000,718,0.000271955996156254,Pro,jungle dire
1493466,70,60,dire,%40PajkattDota,1,718933,719,0.000272334764953129,Pro,jungle dire
1493466,70,60,dire,%40PajkattDota,1,718933,720,0.000272713533750004,Pro,jungle dire
1495066,69,61,dire,%40PajkattDota,1,720533,721,0.000273092302546879,Pro,jungle dire
1496400,70,62,dire,%40PajkattDota,1,721867,722,0.000273471071343754,Pro,midlane dire
1496933,71,63,dire,%40PajkattDota,1,722400,723,0.000273849840140629,Pro,midlane dire
1496933,71,63,dire,%40PajkattDota,1,722400,724,0.000274228608937504,Pro,midlane dire
1496933,71,63,dire,%40PajkattDota,1,722400,725,0.000274607377734379,Pro,midlane dire
1500200,119,112,dire,%40PajkattDota,1,725667,726,0.000274986146531254,Pro,base2 dire
1500200,119,112,dire,%40PajkattDota,1,725667,727,0.000275364915328129,Pro,base2 dire
1502533,118,109,dire,%40PajkattDota,1,728000,728,0.000275743684125004,Pro,base2 dire
1503533,116,107,dire,%40PajkattDota,1,729000,729,0.000276122452921879,Pro,base2 dire
1504533,115,105,dire,%40PajkattDota,1,730000,730,0.000276501221718754,Pro,base2 dire
1505400,115,102,dire,%40PajkattDota,1,730867,731,0.000276879990515629,Pro,base2 dire
1506533,114,99,dire,%40PajkattDota,1,732000,732,0.000277258759312504,Pro,base2 dire
1507266,114,97,dire,%40PajkattDota,1,732733,733,0.000277637528109379,Pro,base2 dire
1508400,113,94,dire,%40PajkattDota,1,733867,734,0.000278016296906254,Pro,base2 dire
1509533,113,91,dire,%40PajkattDota,1,735000,735,0.000278395065703129,Pro,base2 dire
1510266,112,89,dire,%40PajkattDota,1,735733,736,0.000278773834500004,Pro,base2 dire
1511400,112,86,dire,%40PajkattDota,1,736867,737,0.000279152603296879,Pro,base2 dire
1512533,111,83,dire,%40PajkattDota,1,738000,738,0.000279531372093754,Pro,base2 dire
1512933,111,82,dire,%40PajkattDota,1,738400,739,0.000279910140890629,Pro,base2 dire
1512933,111,82,dire,%40PajkattDota,1,738400,740,0.000280288909687504,Pro,base2 dire
1512933,111,82,dire,%40PajkattDota,1,738400,741,0.000280667678484379,Pro,base2 dire
1516200,99,4,dire,%40PajkattDota,1,741667,742,0.000281046447281254,Pro,bottomlane radiant
1516600,99,5,dire,%40PajkattDota,1,742067,743,0.000281425216078129,Pro,bottomlane radiant
1518066,100,6,dire,%40PajkattDota,1,743533,744,0.000281803984875004,Pro,void radiant
1518066,100,6,dire,%40PajkattDota,1,743533,745,0.000282182753671879,Pro,void radiant
1519866,101,7,dire,%40PajkattDota,1,745333,746,0.000282561522468754,Pro,bottomlane radiant
1521533,100,8,dire,%40PajkattDota,1,747000,747,0.000282940291265629,Pro,bottomlane radiant
1522333,99,9,dire,%40PajkattDota,1,747800,748,0.000283319060062504,Pro,bottomlane radiant
1523066,100,10,dire,%40PajkattDota,1,748533,749,0.000283697828859379,Pro,bottomlane radiant
1524333,102,10,dire,%40PajkattDota,1,749800,750,0.000284076597656254,Pro,bottomlane radiant
1525266,103,11,dire,%40PajkattDota,1,750733,751,0.000284455366453129,Pro,bottomlane radiant
1526466,104,12,dire,%40PajkattDota,1,751933,752,0.000284834135250004,Pro,bottomlane radiant
1527333,105,12,dire,%40PajkattDota,1,752800,753,0.000285212904046879,Pro,bottomlane radiant
1528400,105,13,dire,%40PajkattDota,1,753867,754,0.000285591672843754,Pro,bottomlane radiant
1529333,105,12,dire,%40PajkattDota,1,754800,755,0.000285970441640629,Pro,bottomlane radiant
1529333,105,12,dire,%40PajkattDota,1,754800,756,0.000286349210437504,Pro,bottomlane radiant
1531400,105,14,dire,%40PajkattDota,1,756867,757,0.000286727979234379,Pro,bottomlane radiant
1532200,106,16,dire,%40PajkattDota,1,757667,758,0.000287106748031254,Pro,bottomlane radiant
1533400,107,15,dire,%40PajkattDota,1,758867,759,0.000287485516828129,Pro,bottomlane radiant
1534266,106,13,dire,%40PajkattDota,1,759733,760,0.000287864285625004,Pro,bottomlane radiant
1534266,106,13,dire,%40PajkattDota,1,759733,761,0.00028824305442188,Pro,bottomlane radiant
1534266,106,13,dire,%40PajkattDota,1,759733,762,0.000288621823218755,Pro,bottomlane radiant
1536733,106,14,dire,%40PajkattDota,1,762200,763,0.00028900059201563,Pro,bottomlane radiant
1538466,106,17,dire,%40PajkattDota,1,763933,764,0.000289379360812505,Pro,bottomlane radiant
1539400,107,20,dire,%40PajkattDota,1,764867,765,0.00028975812960938,Pro,bottomlane radiant
1540400,106,19,dire,%40PajkattDota,1,765867,766,0.000290136898406255,Pro,bottomlane radiant
1541533,107,20,dire,%40PajkattDota,1,767000,767,0.00029051566720313,Pro,bottomlane radiant
1542400,108,22,dire,%40PajkattDota,1,767867,768,0.000290894436000005,Pro,bottomlane radiant
1543400,108,25,dire,%40PajkattDota,1,768867,769,0.00029127320479688,Pro,bottomlane radiant
1544533,109,28,dire,%40PajkattDota,1,770000,770,0.000291651973593755,Pro,bottomlane radiant
1545266,109,30,dire,%40PajkattDota,1,770733,771,0.00029203074239063,Pro,bottomlane radiant
1546400,109,33,dire,%40PajkattDota,1,771867,772,0.000292409511187505,Pro,bottomlane radiant
1547133,109,35,dire,%40PajkattDota,1,772600,773,0.00029278827998438,Pro,bottomlane radiant
1547133,109,35,dire,%40PajkattDota,1,772600,774,0.000293167048781255,Pro,bottomlane radiant
1547133,109,35,dire,%40PajkattDota,1,772600,775,0.00029354581757813,Pro,bottomlane radiant
1550533,54,57,dire,%40PajkattDota,1,776000,776,0.000293924586375005,Pro,midlane radiant
1550533,54,57,dire,%40PajkattDota,1,776000,777,0.00029430335517188,Pro,midlane radiant
1552466,53,55,dire,%40PajkattDota,1,777933,778,0.000294682123968755,Pro,midlane radiant
1552466,53,55,dire,%40PajkattDota,1,777933,779,0.00029506089276563,Pro,midlane radiant
1552466,53,55,dire,%40PajkattDota,1,777933,780,0.000295439661562505,Pro,midlane radiant
1552466,53,55,dire,%40PajkattDota,1,777933,781,0.00029581843035938,Pro,midlane radiant
1552466,53,55,dire,%40PajkattDota,1,777933,782,0.000296197199156255,Pro,midlane radiant
1557333,54,56,dire,%40PajkattDota,1,782800,783,0.00029657596795313,Pro,midlane radiant
1557866,55,57,dire,%40PajkattDota,1,783333,784,0.000296954736750005,Pro,midlane radiant
1559533,58,59,dire,%40PajkattDota,1,785000,785,0.00029733350554688,Pro,midlane radiant
1560333,60,61,dire,%40PajkattDota,1,785800,786,0.000297712274343755,Pro,midlane dire
1561466,62,62,dire,%40PajkattDota,1,786933,787,0.00029809104314063,Pro,midlane dire
1561466,62,62,dire,%40PajkattDota,1,786933,788,0.000298469811937505,Pro,midlane dire
1561466,62,62,dire,%40PajkattDota,1,786933,789,0.00029884858073438,Pro,midlane dire
1561466,62,62,dire,%40PajkattDota,1,786933,790,0.000299227349531255,Pro,midlane dire
1565200,63,62,dire,%40PajkattDota,1,790667,791,0.00029960611832813,Pro,midlane dire
1566466,66,63,dire,%40PajkattDota,1,791933,792,0.000299984887125005,Pro,midlane dire
1567266,68,64,dire,%40PajkattDota,1,792733,793,0.00030036365592188,Pro,midlane dire
1568066,70,65,dire,%40PajkattDota,1,793533,794,0.000300742424718755,Pro,midlane dire
1569400,68,64,dire,%40PajkattDota,1,794867,795,0.00030112119351563,Pro,midlane dire
1570400,66,62,dire,%40PajkattDota,1,795867,796,0.000301499962312505,Pro,midlane dire
1571400,67,61,dire,%40PajkattDota,1,796867,797,0.00030187873110938,Pro,midlane dire
1572266,64,61,dire,%40PajkattDota,1,797733,798,0.000302257499906255,Pro,midlane dire
1573400,62,59,dire,%40PajkattDota,1,798867,799,0.00030263626870313,Pro,midlane dire
1573400,62,59,dire,%40PajkattDota,1,798867,800,0.000303015037500005,Pro,midlane dire
1573400,62,59,dire,%40PajkattDota,1,798867,801,0.00030339380629688,Pro,midlane dire
1576400,61,59,dire,%40PajkattDota,1,801867,802,0.000303772575093755,Pro,midlane dire
1577133,60,60,dire,%40PajkattDota,1,802600,803,0.00030415134389063,Pro,midlane dire
1578333,59,59,dire,%40PajkattDota,1,803800,804,0.000304530112687505,Pro,midlane radiant
1579533,57,59,dire,%40PajkattDota,1,805000,805,0.00030490888148438,Pro,midlane radiant
1580200,57,59,dire,%40PajkattDota,1,805667,806,0.000305287650281255,Pro,midlane radiant
1581533,60,62,dire,%40PajkattDota,1,807000,807,0.00030566641907813,Pro,midlane dire
1582333,61,64,dire,%40PajkattDota,1,807800,808,0.000306045187875005,Pro,midlane dire
1583333,62,67,dire,%40PajkattDota,1,808800,809,0.00030642395667188,Pro,midlane dire
1584400,62,70,dire,%40PajkattDota,1,809867,810,0.000306802725468755,Pro,midlane dire
1585200,63,72,dire,%40PajkattDota,1,810667,811,0.00030718149426563,Pro,midlane dire
1586466,64,75,dire,%40PajkattDota,1,811933,812,0.000307560263062505,Pro,jungle dire
1587333,65,77,dire,%40PajkattDota,1,812800,813,0.00030793903185938,Pro,jungle dire
1588466,66,80,dire,%40PajkattDota,1,813933,814,0.000308317800656255,Pro,jungle dire
1589333,67,82,dire,%40PajkattDota,1,814800,815,0.00030869656945313,Pro,jungle dire
1590533,69,85,dire,%40PajkattDota,1,816000,816,0.000309075338250005,Pro,jungle dire
1591533,68,86,dire,%40PajkattDota,1,817000,817,0.00030945410704688,Pro,jungle dire
1591600,68,87,dire,%40PajkattDota,1,817067,818,0.000309832875843755,Pro,jungle dire
1591600,68,87,dire,%40PajkattDota,1,817067,819,0.00031021164464063,Pro,jungle dire
1591600,68,87,dire,%40PajkattDota,1,817067,820,0.000310590413437505,Pro,jungle dire
1591600,68,87,dire,%40PajkattDota,1,817067,821,0.00031096918223438,Pro,jungle dire
1591600,68,87,dire,%40PajkattDota,1,817067,822,0.000311347951031255,Pro,jungle dire
1591600,68,87,dire,%40PajkattDota,1,817067,823,0.00031172671982813,Pro,jungle dire
1591600,68,87,dire,%40PajkattDota,1,817067,824,0.000312105488625005,Pro,jungle dire
1591600,68,87,dire,%40PajkattDota,1,817067,825,0.00031248425742188,Pro,jungle dire
1591600,68,87,dire,%40PajkattDota,1,817067,826,0.000312863026218755,Pro,jungle dire
1591600,68,87,dire,%40PajkattDota,1,817067,827,0.00031324179501563,Pro,jungle dire
1591600,68,87,dire,%40PajkattDota,1,817067,828,0.000313620563812505,Pro,jungle dire
1591600,68,87,dire,%40PajkattDota,1,817067,829,0.00031399933260938,Pro,jungle dire
1591600,68,87,dire,%40PajkattDota,1,817067,830,0.000314378101406255,Pro,jungle dire
1591600,68,87,dire,%40PajkattDota,1,817067,831,0.00031475687020313,Pro,jungle dire
1591600,68,87,dire,%40PajkattDota,1,817067,832,0.000315135639000005,Pro,jungle dire
1591600,68,87,dire,%40PajkattDota,1,817067,833,0.00031551440779688,Pro,jungle dire
1591600,68,87,dire,%40PajkattDota,1,817067,834,0.000315893176593755,Pro,jungle dire
1591600,68,87,dire,%40PajkattDota,1,817067,835,0.00031627194539063,Pro,jungle dire
1610466,67,87,dire,%40PajkattDota,1,835933,836,0.000316650714187505,Pro,jungle dire
1611200,65,87,dire,%40PajkattDota,1,836667,837,0.00031702948298438,Pro,jungle dire
1611866,64,88,dire,%40PajkattDota,1,837333,838,0.000317408251781255,Pro,void dire
1613466,66,89,dire,%40PajkattDota,1,838933,839,0.00031778702057813,Pro,jungle dire
1614266,68,90,dire,%40PajkattDota,1,839733,840,0.000318165789375005,Pro,jungle dire
1614266,68,90,dire,%40PajkattDota,1,839733,841,0.00031854455817188,Pro,jungle dire
1614266,68,90,dire,%40PajkattDota,1,839733,842,0.000318923326968755,Pro,jungle dire
1614266,68,90,dire,%40PajkattDota,1,839733,843,0.00031930209576563,Pro,jungle dire
1618266,66,91,dire,%40PajkattDota,1,843733,844,0.000319680864562505,Pro,jungle dire
1619466,63,92,dire,%40PajkattDota,1,844933,845,0.00032005963335938,Pro,jungle dire
1620266,61,91,dire,%40PajkattDota,1,845733,846,0.000320438402156255,Pro,jungle dire
1620600,61,90,dire,%40PajkattDota,1,846067,847,0.00032081717095313,Pro,jungle dire
1622400,62,91,dire,%40PajkattDota,1,847867,848,0.000321195939750005,Pro,jungle dire
1623466,64,92,dire,%40PajkattDota,1,848933,849,0.00032157470854688,Pro,jungle dire
1624200,66,93,dire,%40PajkattDota,1,849667,850,0.000321953477343755,Pro,jungle dire
1625333,69,93,dire,%40PajkattDota,1,850800,851,0.00032233224614063,Pro,jungle dire
1626466,72,93,dire,%40PajkattDota,1,851933,852,0.000322711014937505,Pro,jungle dire
1627200,74,93,dire,%40PajkattDota,1,852667,853,0.00032308978373438,Pro,jungle dire
1628400,77,94,dire,%40PajkattDota,1,853867,854,0.000323468552531255,Pro,jungle dire
1629533,80,95,dire,%40PajkattDota,1,855000,855,0.00032384732132813,Pro,jungle dire
1630000,79,95,dire,%40PajkattDota,1,855467,856,0.000324226090125005,Pro,jungle dire
1631466,78,94,dire,%40PajkattDota,1,856933,857,0.00032460485892188,Pro,jungle dire
1631866,77,94,dire,%40PajkattDota,1,857333,858,0.000324983627718755,Pro,jungle dire
1633400,76,92,dire,%40PajkattDota,1,858867,859,0.00032536239651563,Pro,jungle dire
1634266,74,90,dire,%40PajkattDota,1,859733,860,0.000325741165312505,Pro,jungle dire
1635000,73,88,dire,%40PajkattDota,1,860467,861,0.00032611993410938,Pro,jungle dire
1635000,73,88,dire,%40PajkattDota,1,860467,862,0.000326498702906255,Pro,jungle dire
1635000,73,88,dire,%40PajkattDota,1,860467,863,0.00032687747170313,Pro,jungle dire
1635000,73,88,dire,%40PajkattDota,1,860467,864,0.000327256240500005,Pro,jungle dire
1635000,73,88,dire,%40PajkattDota,1,860467,865,0.00032763500929688,Pro,jungle dire
1635000,73,88,dire,%40PajkattDota,1,860467,866,0.000328013778093755,Pro,jungle dire
1640933,72,88,dire,%40PajkattDota,1,866400,867,0.00032839254689063,Pro,jungle dire
1640933,72,88,dire,%40PajkattDota,1,866400,868,0.000328771315687505,Pro,jungle dire
1643066,70,88,dire,%40PajkattDota,1,868533,869,0.00032915008448438,Pro,jungle dire
1643066,70,88,dire,%40PajkattDota,1,868533,870,0.000329528853281255,Pro,jungle dire
1643066,70,88,dire,%40PajkattDota,1,868533,871,0.00032990762207813,Pro,jungle dire
1646200,71,88,dire,%40PajkattDota,1,871667,872,0.000330286390875005,Pro,jungle dire
1647533,74,90,dire,%40PajkattDota,1,873000,873,0.00033066515967188,Pro,jungle dire
1648533,76,92,dire,%40PajkattDota,1,874000,874,0.000331043928468755,Pro,jungle dire
1649400,77,94,dire,%40PajkattDota,1,874867,875,0.00033142269726563,Pro,jungle dire
1650466,79,96,dire,%40PajkattDota,1,875933,876,0.000331801466062505,Pro,jungle dire
1651533,81,98,dire,%40PajkattDota,1,877000,877,0.00033218023485938,Pro,jungle dire
1652200,83,99,dire,%40PajkattDota,1,877667,878,0.000332559003656255,Pro,toplane dire
1653200,85,101,dire,%40PajkattDota,1,878667,879,0.00033293777245313,Pro,toplane dire
1654466,88,102,dire,%40PajkattDota,1,879933,880,0.000333316541250005,Pro,base2 dire
1655466,91,103,dire,%40PajkattDota,1,880933,881,0.00033369531004688,Pro,base2 dire
1656533,94,104,dire,%40PajkattDota,1,882000,882,0.000334074078843755,Pro,base2 dire
1657466,97,104,dire,%40PajkattDota,1,882933,883,0.00033445284764063,Pro,base2 dire
1658466,100,104,dire,%40PajkattDota,1,883933,884,0.000334831616437505,Pro,base2 dire
1659466,102,105,dire,%40PajkattDota,1,884933,885,0.00033521038523438,Pro,base2 dire
1660400,105,105,dire,%40PajkattDota,1,885867,886,0.000335589154031255,Pro,base2 dire
1661200,107,106,dire,%40PajkattDota,1,886667,887,0.00033596792282813,Pro,base2 dire
1662466,110,107,dire,%40PajkattDota,1,887933,888,0.000336346691625005,Pro,base2 dire
1663533,113,107,dire,%40PajkattDota,1,889000,889,0.00033672546042188,Pro,base2 dire
1664333,115,108,dire,%40PajkattDota,1,889800,890,0.000337104229218755,Pro,base2 dire
1665266,117,110,dire,%40PajkattDota,1,890733,891,0.00033748299801563,Pro,base2 dire
1665266,117,110,dire,%40PajkattDota,1,890733,892,0.000337861766812505,Pro,base2 dire
1665266,117,110,dire,%40PajkattDota,1,890733,893,0.00033824053560938,Pro,base2 dire
1665266,117,110,dire,%40PajkattDota,1,890733,894,0.000338619304406255,Pro,base2 dire
1665266,117,110,dire,%40PajkattDota,1,890733,895,0.00033899807320313,Pro,base2 dire
1665266,117,110,dire,%40PajkattDota,1,890733,896,0.000339376842000005,Pro,base2 dire
1665266,117,110,dire,%40PajkattDota,1,890733,897,0.00033975561079688,Pro,base2 dire
1665266,117,110,dire,%40PajkattDota,1,890733,898,0.000340134379593755,Pro,base2 dire
1665266,117,110,dire,%40PajkattDota,1,890733,899,0.00034051314839063,Pro,base2 dire
1665266,117,110,dire,%40PajkattDota,1,890733,900,0.000340891917187505,Pro,base2 dire
1665266,117,110,dire,%40PajkattDota,1,890733,901,0.00034127068598438,Pro,base2 dire
1665266,117,110,dire,%40PajkattDota,1,890733,902,0.000341649454781255,Pro,base2 dire
1665266,117,110,dire,%40PajkattDota,1,890733,903,0.00034202822357813,Pro,base2 dire
1678400,17,87,dire,%40PajkattDota,1,903867,904,0.000342406992375005,Pro,toplane dire
1678400,17,87,dire,%40PajkattDota,1,903867,905,0.00034278576117188,Pro,toplane dire
1680133,17,87,dire,%40PajkattDota,1,905600,906,0.000343164529968755,Pro,toplane dire
1680133,17,87,dire,%40PajkattDota,1,905600,907,0.00034354329876563,Pro,toplane dire
1680133,17,87,dire,%40PajkattDota,1,905600,908,0.000343922067562505,Pro,toplane dire
1683266,16,87,dire,%40PajkattDota,1,908733,909,0.00034430083635938,Pro,toplane dire
1683266,16,87,dire,%40PajkattDota,1,908733,910,0.000344679605156255,Pro,toplane dire
1685533,16,85,dire,%40PajkattDota,1,911000,911,0.00034505837395313,Pro,toplane dire
1685866,15,84,dire,%40PajkattDota,1,911333,912,0.000345437142750005,Pro,toplane dire
1685866,15,84,dire,%40PajkattDota,1,911333,913,0.00034581591154688,Pro,toplane dire
1685866,15,84,dire,%40PajkattDota,1,911333,914,0.000346194680343755,Pro,toplane dire
1685866,15,84,dire,%40PajkattDota,1,911333,915,0.00034657344914063,Pro,toplane dire
1685866,15,84,dire,%40PajkattDota,1,911333,916,0.000346952217937505,Pro,toplane dire
1685866,15,84,dire,%40PajkattDota,1,911333,917,0.00034733098673438,Pro,toplane dire
1685866,15,84,dire,%40PajkattDota,1,911333,918,0.000347709755531255,Pro,toplane dire
1685866,15,84,dire,%40PajkattDota,1,911333,919,0.00034808852432813,Pro,toplane dire
1685866,15,84,dire,%40PajkattDota,1,911333,920,0.000348467293125005,Pro,toplane dire
1685866,15,84,dire,%40PajkattDota,1,911333,921,0.00034884606192188,Pro,toplane dire
1696133,14,83,dire,%40PajkattDota,1,921600,922,0.000349224830718755,Pro,toplane dire
1696733,14,82,dire,%40PajkattDota,1,922200,923,0.00034960359951563,Pro,toplane dire
1698533,13,84,dire,%40PajkattDota,1,924000,924,0.000349982368312505,Pro,toplane dire
1698533,13,84,dire,%40PajkattDota,1,924000,925,0.00035036113710938,Pro,toplane dire
1698533,13,84,dire,%40PajkattDota,1,924000,926,0.000350739905906255,Pro,toplane dire
1698533,13,84,dire,%40PajkattDota,1,924000,927,0.00035111867470313,Pro,toplane dire
1698533,13,84,dire,%40PajkattDota,1,924000,928,0.000351497443500005,Pro,toplane dire
1698533,13,84,dire,%40PajkattDota,1,924000,929,0.00035187621229688,Pro,toplane dire
1704400,14,85,dire,%40PajkattDota,1,929867,930,0.000352254981093755,Pro,toplane dire
1704866,14,86,dire,%40PajkattDota,1,930333,931,0.000352633749890631,Pro,toplane dire
1704866,14,86,dire,%40PajkattDota,1,930333,932,0.000353012518687506,Pro,toplane dire
1704866,14,86,dire,%40PajkattDota,1,930333,933,0.000353391287484381,Pro,toplane dire
1704866,14,86,dire,%40PajkattDota,1,930333,934,0.000353770056281256,Pro,toplane dire
1704866,14,86,dire,%40PajkattDota,1,930333,935,0.000354148825078131,Pro,toplane dire
1704866,14,86,dire,%40PajkattDota,1,930333,936,0.000354527593875006,Pro,toplane dire
1704866,14,86,dire,%40PajkattDota,1,930333,937,0.000354906362671881,Pro,toplane dire
1704866,14,86,dire,%40PajkattDota,1,930333,938,0.000355285131468756,Pro,toplane dire
1704866,14,86,dire,%40PajkattDota,1,930333,939,0.000355663900265631,Pro,toplane dire
1704866,14,86,dire,%40PajkattDota,1,930333,940,0.000356042669062506,Pro,toplane dire
1704866,14,86,dire,%40PajkattDota,1,930333,941,0.000356421437859381,Pro,toplane dire
1704866,14,86,dire,%40PajkattDota,1,930333,942,0.000356800206656256,Pro,toplane dire
1704866,14,86,dire,%40PajkattDota,1,930333,943,0.000357178975453131,Pro,toplane dire
1704866,14,86,dire,%40PajkattDota,1,930333,944,0.000357557744250006,Pro,toplane dire
1704866,14,86,dire,%40PajkattDota,1,930333,945,0.000357936513046881,Pro,toplane dire
1704866,14,86,dire,%40PajkattDota,1,930333,946,0.000358315281843756,Pro,toplane dire
1704866,14,86,dire,%40PajkattDota,1,930333,947,0.000358694050640631,Pro,toplane dire
1704866,14,86,dire,%40PajkattDota,1,930333,948,0.000359072819437506,Pro,toplane dire
1704866,14,86,dire,%40PajkattDota,1,930333,949,0.000359451588234381,Pro,toplane dire
1704866,14,86,dire,%40PajkattDota,1,930333,950,0.000359830357031256,Pro,toplane dire
1704866,14,86,dire,%40PajkattDota,1,930333,951,0.000360209125828131,Pro,toplane dire
1704866,14,86,dire,%40PajkattDota,1,930333,952,0.000360587894625006,Pro,toplane dire
1704866,14,86,dire,%40PajkattDota,1,930333,953,0.000360966663421881,Pro,toplane dire
1704866,14,86,dire,%40PajkattDota,1,930333,954,0.000361345432218756,Pro,toplane dire
1704866,14,86,dire,%40PajkattDota,1,930333,955,0.000361724201015631,Pro,toplane dire
1704866,14,86,dire,%40PajkattDota,1,930333,956,0.000362102969812506,Pro,toplane dire
1704866,14,86,dire,%40PajkattDota,1,930333,957,0.000362481738609381,Pro,toplane dire
1704866,14,86,dire,%40PajkattDota,1,930333,958,0.000362860507406256,Pro,toplane dire
1704866,14,86,dire,%40PajkattDota,1,930333,959,0.000363239276203131,Pro,toplane dire
1704866,14,86,dire,%40PajkattDota,1,930333,960,0.000363618045000006,Pro,toplane dire
1704866,14,86,dire,%40PajkattDota,1,930333,961,0.000363996813796881,Pro,toplane dire
1704866,14,86,dire,%40PajkattDota,1,930333,962,0.000364375582593756,Pro,toplane dire
1704866,14,86,dire,%40PajkattDota,1,930333,963,0.000364754351390631,Pro,toplane dire
1704866,14,86,dire,%40PajkattDota,1,930333,964,0.000365133120187506,Pro,toplane dire
1704866,14,86,dire,%40PajkattDota,1,930333,965,0.000365511888984381,Pro,toplane dire
1740133,14,86,dire,%40PajkattDota,1,965600,966,0.000365890657781256,Pro,toplane dire
1740133,14,86,dire,%40PajkattDota,1,965600,967,0.000366269426578131,Pro,toplane dire
1740133,14,86,dire,%40PajkattDota,1,965600,968,0.000366648195375006,Pro,toplane dire
1740133,14,86,dire,%40PajkattDota,1,965600,969,0.000367026964171881,Pro,toplane dire
1740133,14,86,dire,%40PajkattDota,1,965600,970,0.000367405732968756,Pro,toplane dire
1740133,14,86,dire,%40PajkattDota,1,965600,971,0.000367784501765631,Pro,toplane dire
1740133,14,86,dire,%40PajkattDota,1,965600,972,0.000368163270562506,Pro,toplane dire
1740133,14,86,dire,%40PajkattDota,1,965600,973,0.000368542039359381,Pro,toplane dire
1740133,14,86,dire,%40PajkattDota,1,965600,974,0.000368920808156256,Pro,toplane dire
1740133,14,86,dire,%40PajkattDota,1,965600,975,0.000369299576953131,Pro,toplane dire
1749933,117,109,dire,%40PajkattDota,1,975400,976,0.000369678345750006,Pro,base2 dire
1749933,117,109,dire,%40PajkattDota,1,975400,977,0.000370057114546881,Pro,base2 dire
1749933,117,109,dire,%40PajkattDota,1,975400,978,0.000370435883343756,Pro,base2 dire
1749933,117,109,dire,%40PajkattDota,1,975400,979,0.000370814652140631,Pro,base2 dire
1753933,114,44,dire,%40PajkattDota,1,979400,980,0.000371193420937506,Pro,bottomlane dire
1753933,114,44,dire,%40PajkattDota,1,979400,981,0.000371572189734381,Pro,bottomlane dire
1756466,114,43,dire,%40PajkattDota,1,981933,982,0.000371950958531256,Pro,bottomlane dire
1756466,114,43,dire,%40PajkattDota,1,981933,983,0.000372329727328131,Pro,bottomlane dire
1756466,114,43,dire,%40PajkattDota,1,981933,984,0.000372708496125006,Pro,bottomlane dire
1758666,113,43,dire,%40PajkattDota,1,984133,985,0.000373087264921881,Pro,bottomlane dire
1758666,113,43,dire,%40PajkattDota,1,984133,986,0.000373466033718756,Pro,bottomlane dire
1761466,113,42,dire,%40PajkattDota,1,986933,987,0.000373844802515631,Pro,bottomlane dire
1761866,113,41,dire,%40PajkattDota,1,987333,988,0.000374223571312506,Pro,bottomlane dire
1761866,113,41,dire,%40PajkattDota,1,987333,989,0.000374602340109381,Pro,bottomlane dire
1764266,113,43,dire,%40PajkattDota,1,989733,990,0.000374981108906256,Pro,bottomlane dire
1765466,110,44,dire,%40PajkattDota,1,990933,991,0.000375359877703131,Pro,bottomlane dire
1765466,110,44,dire,%40PajkattDota,1,990933,992,0.000375738646500006,Pro,bottomlane dire
1767066,112,44,dire,%40PajkattDota,1,992533,993,0.000376117415296881,Pro,bottomlane dire
1768066,113,44,dire,%40PajkattDota,1,993533,994,0.000376496184093756,Pro,bottomlane dire
1768066,113,44,dire,%40PajkattDota,1,993533,995,0.000376874952890631,Pro,bottomlane dire
1770000,114,43,dire,%40PajkattDota,1,995467,996,0.000377253721687506,Pro,bottomlane dire
1770000,114,43,dire,%40PajkattDota,1,995467,997,0.000377632490484381,Pro,bottomlane dire
1771933,114,42,dire,%40PajkattDota,1,997400,998,0.000378011259281256,Pro,bottomlane dire
1771933,114,42,dire,%40PajkattDota,1,997400,999,0.000378390028078131,Pro,bottomlane dire
1771933,114,42,dire,%40PajkattDota,1,997400,1000,0.000378768796875006,Pro,bottomlane dire
1774733,113,43,dire,%40PajkattDota,1,1000200,1001,0.000379147565671881,Pro,bottomlane dire
1776533,110,43,dire,%40PajkattDota,1,1002000,1002,0.000379526334468756,Pro,bottomlane dire
1776800,110,44,dire,%40PajkattDota,1,1002267,1003,0.000379905103265631,Pro,bottomlane dire
1776800,110,44,dire,%40PajkattDota,1,1002267,1004,0.000380283872062506,Pro,bottomlane dire
1776800,110,44,dire,%40PajkattDota,1,1002267,1005,0.000380662640859381,Pro,bottomlane dire
1780466,109,44,dire,%40PajkattDota,1,1005933,1006,0.000381041409656256,Pro,bottomlane dire
1781533,109,47,dire,%40PajkattDota,1,1007000,1007,0.000381420178453131,Pro,bottomlane dire
1782533,110,50,dire,%40PajkattDota,1,1008000,1008,0.000381798947250006,Pro,bottomlane dire
1783533,109,53,dire,%40PajkattDota,1,1009000,1009,0.000382177716046881,Pro,bottomlane dire
1784533,107,54,dire,%40PajkattDota,1,1010000,1010,0.000382556484843756,Pro,jungle dire
1785133,105,54,dire,%40PajkattDota,1,1010600,1011,0.000382935253640631,Pro,jungle dire
1786533,102,52,dire,%40PajkattDota,1,1012000,1012,0.000383314022437506,Pro,jungle dire
1787266,101,50,dire,%40PajkattDota,1,1012733,1013,0.000383692791234381,Pro,jungle dire
1788333,99,48,dire,%40PajkattDota,1,1013800,1014,0.000384071560031256,Pro,jungle dire
1789533,97,46,dire,%40PajkattDota,1,1015000,1015,0.000384450328828131,Pro,jungle dire
1790333,98,47,dire,%40PajkattDota,1,1015800,1016,0.000384829097625006,Pro,jungle dire
1791266,99,48,dire,%40PajkattDota,1,1016733,1017,0.000385207866421881,Pro,jungle dire
1791266,99,48,dire,%40PajkattDota,1,1016733,1018,0.000385586635218756,Pro,jungle dire
1791266,99,48,dire,%40PajkattDota,1,1016733,1019,0.000385965404015631,Pro,jungle dire
1791266,99,48,dire,%40PajkattDota,1,1016733,1020,0.000386344172812506,Pro,jungle dire
1791266,99,48,dire,%40PajkattDota,1,1016733,1021,0.000386722941609381,Pro,jungle dire
1791266,99,48,dire,%40PajkattDota,1,1016733,1022,0.000387101710406256,Pro,jungle dire
1791266,99,48,dire,%40PajkattDota,1,1016733,1023,0.000387480479203131,Pro,jungle dire
1791266,99,48,dire,%40PajkattDota,1,1016733,1024,0.000387859248000006,Pro,jungle dire
1791266,99,48,dire,%40PajkattDota,1,1016733,1025,0.000388238016796881,Pro,jungle dire
1800133,99,48,dire,%40PajkattDota,1,1025600,1026,0.000388616785593756,Pro,jungle dire
1800133,99,48,dire,%40PajkattDota,1,1025600,1027,0.000388995554390631,Pro,jungle dire
1800133,99,48,dire,%40PajkattDota,1,1025600,1028,0.000389374323187506,Pro,jungle dire
1800133,99,48,dire,%40PajkattDota,1,1025600,1029,0.000389753091984381,Pro,jungle dire
1800133,99,48,dire,%40PajkattDota,1,1025600,1030,0.000390131860781256,Pro,jungle dire
1800133,99,48,dire,%40PajkattDota,1,1025600,1031,0.000390510629578131,Pro,jungle dire
1800133,99,48,dire,%40PajkattDota,1,1025600,1032,0.000390889398375006,Pro,jungle dire
1800133,99,48,dire,%40PajkattDota,1,1025600,1033,0.000391268167171881,Pro,jungle dire
1800133,99,48,dire,%40PajkattDota,1,1025600,1034,0.000391646935968756,Pro,jungle dire
1800133,99,48,dire,%40PajkattDota,1,1025600,1035,0.000392025704765631,Pro,jungle dire
1800133,99,48,dire,%40PajkattDota,1,1025600,1036,0.000392404473562506,Pro,jungle dire
1800133,99,48,dire,%40PajkattDota,1,1025600,1037,0.000392783242359381,Pro,jungle dire
1800133,99,48,dire,%40PajkattDota,1,1025600,1038,0.000393162011156256,Pro,jungle dire
1800133,99,48,dire,%40PajkattDota,1,1025600,1039,0.000393540779953131,Pro,jungle dire
1800133,99,48,dire,%40PajkattDota,1,1025600,1040,0.000393919548750006,Pro,jungle dire
1800133,99,48,dire,%40PajkattDota,1,1025600,1041,0.000394298317546881,Pro,jungle dire
1800133,99,48,dire,%40PajkattDota,1,1025600,1042,0.000394677086343756,Pro,jungle dire
1800133,99,48,dire,%40PajkattDota,1,1025600,1043,0.000395055855140631,Pro,jungle dire
1800133,99,48,dire,%40PajkattDota,1,1025600,1044,0.000395434623937506,Pro,jungle dire
1800133,99,48,dire,%40PajkattDota,1,1025600,1045,0.000395813392734381,Pro,jungle dire
1800133,99,48,dire,%40PajkattDota,1,1025600,1046,0.000396192161531256,Pro,jungle dire
1800133,99,48,dire,%40PajkattDota,1,1025600,1047,0.000396570930328131,Pro,jungle dire
1800133,99,48,dire,%40PajkattDota,1,1025600,1048,0.000396949699125006,Pro,jungle dire
1800133,99,48,dire,%40PajkattDota,1,1025600,1049,0.000397328467921881,Pro,jungle dire
1800133,99,48,dire,%40PajkattDota,1,1025600,1050,0.000397707236718756,Pro,jungle dire
1825533,99,49,dire,%40PajkattDota,1,1051000,1051,0.000398086005515631,Pro,jungle dire
1826200,100,51,dire,%40PajkattDota,1,1051667,1052,0.000398464774312506,Pro,jungle dire
1827466,101,54,dire,%40PajkattDota,1,1052933,1053,0.000398843543109381,Pro,jungle dire
1828466,99,56,dire,%40PajkattDota,1,1053933,1054,0.000399222311906256,Pro,jungle dire
1829466,96,57,dire,%40PajkattDota,1,1054933,1055,0.000399601080703131,Pro,jungle dire
1830333,95,59,dire,%40PajkattDota,1,1055800,1056,0.000399979849500006,Pro,jungle dire
1831466,94,62,dire,%40PajkattDota,1,1056933,1057,0.000400358618296881,Pro,jungle dire
1832266,93,64,dire,%40PajkattDota,1,1057733,1058,0.000400737387093756,Pro,jungle dire
1833466,92,67,dire,%40PajkattDota,1,1058933,1059,0.000401116155890631,Pro,jungle dire
1834333,91,69,dire,%40PajkattDota,1,1059800,1060,0.000401494924687506,Pro,jungle dire
1835533,89,71,dire,%40PajkattDota,1,1061000,1061,0.000401873693484381,Pro,jungle dire
1836400,88,74,dire,%40PajkattDota,1,1061867,1062,0.000402252462281256,Pro,midlane dire
1837533,88,77,dire,%40PajkattDota,1,1063000,1063,0.000402631231078131,Pro,midlane dire
1838333,87,79,dire,%40PajkattDota,1,1063800,1064,0.000403009999875006,Pro,midlane dire
1839466,87,82,dire,%40PajkattDota,1,1064933,1065,0.000403388768671881,Pro,midlane dire
1840533,90,82,dire,%40PajkattDota,1,1066000,1066,0.000403767537468756,Pro,midlane dire
1841400,92,84,dire,%40PajkattDota,1,1066867,1067,0.000404146306265631,Pro,midlane dire
1842400,94,86,dire,%40PajkattDota,1,1067867,1068,0.000404525075062506,Pro,midlane dire
1843200,95,88,dire,%40PajkattDota,1,1068667,1069,0.000404903843859381,Pro,midlane dire
1844333,95,87,dire,%40PajkattDota,1,1069800,1070,0.000405282612656256,Pro,midlane dire
1844333,95,87,dire,%40PajkattDota,1,1069800,1071,0.000405661381453131,Pro,midlane dire
1846066,95,86,dire,%40PajkattDota,1,1071533,1072,0.000406040150250006,Pro,midlane dire
1846066,95,86,dire,%40PajkattDota,1,1071533,1073,0.000406418919046881,Pro,midlane dire
1846066,95,86,dire,%40PajkattDota,1,1071533,1074,0.000406797687843756,Pro,midlane dire
1846066,95,86,dire,%40PajkattDota,1,1071533,1075,0.000407176456640631,Pro,midlane dire
1850533,93,85,dire,%40PajkattDota,1,1076000,1076,0.000407555225437506,Pro,midlane dire
1851400,91,84,dire,%40PajkattDota,1,1076867,1077,0.000407933994234381,Pro,midlane dire
1852466,90,83,dire,%40PajkattDota,1,1077933,1078,0.000408312763031256,Pro,midlane dire
1853400,88,82,dire,%40PajkattDota,1,1078867,1079,0.000408691531828131,Pro,midlane dire
1854533,85,80,dire,%40PajkattDota,1,1080000,1080,0.000409070300625006,Pro,midlane dire
1855400,84,82,dire,%40PajkattDota,1,1080867,1081,0.000409449069421881,Pro,midlane dire
1856466,82,84,dire,%40PajkattDota,1,1081933,1082,0.000409827838218756,Pro,midlane dire
1857533,80,87,dire,%40PajkattDota,1,1083000,1083,0.000410206607015631,Pro,void dire
1858266,80,89,dire,%40PajkattDota,1,1083733,1084,0.000410585375812506,Pro,jungle dire
1859533,77,90,dire,%40PajkattDota,1,1085000,1085,0.000410964144609381,Pro,jungle dire
1860333,75,91,dire,%40PajkattDota,1,1085800,1086,0.000411342913406256,Pro,jungle dire
1861466,72,90,dire,%40PajkattDota,1,1086933,1087,0.000411721682203131,Pro,jungle dire
1862333,70,89,dire,%40PajkattDota,1,1087800,1088,0.000412100451000006,Pro,jungle dire
1862933,68,89,dire,%40PajkattDota,1,1088400,1089,0.000412479219796881,Pro,jungle dire
1864133,67,90,dire,%40PajkattDota,1,1089600,1090,0.000412857988593756,Pro,jungle dire
1865200,65,92,dire,%40PajkattDota,1,1090667,1091,0.000413236757390631,Pro,jungle dire
1866400,63,93,dire,%40PajkattDota,1,1091867,1092,0.000413615526187506,Pro,jungle dire
1867533,60,94,dire,%40PajkattDota,1,1093000,1093,0.000413994294984381,Pro,jungle dire
1868266,58,94,dire,%40PajkattDota,1,1093733,1094,0.000414373063781256,Pro,jungle dire
1869400,55,95,dire,%40PajkattDota,1,1094867,1095,0.000414751832578131,Pro,jungle dire
1870200,53,96,dire,%40PajkattDota,1,1095667,1096,0.000415130601375006,Pro,jungle dire
1871400,50,96,dire,%40PajkattDota,1,1096867,1097,0.000415509370171881,Pro,jungle dire
1872133,48,96,dire,%40PajkattDota,1,1097600,1098,0.000415888138968756,Pro,jungle dire
1873200,47,96,dire,%40PajkattDota,1,1098667,1099,0.000416266907765631,Pro,jungle dire
1874333,44,96,dire,%40PajkattDota,1,1099800,1100,0.000416645676562507,Pro,jungle dire
1874733,43,96,dire,%40PajkattDota,1,1100200,1101,0.000417024445359382,Pro,jungle dire
1874733,43,96,dire,%40PajkattDota,1,1100200,1102,0.000417403214156257,Pro,jungle dire
1874733,43,96,dire,%40PajkattDota,1,1100200,1103,0.000417781982953132,Pro,jungle dire
1874733,43,96,dire,%40PajkattDota,1,1100200,1104,0.000418160751750007,Pro,jungle dire
1874733,43,96,dire,%40PajkattDota,1,1100200,1105,0.000418539520546882,Pro,jungle dire
1874733,43,96,dire,%40PajkattDota,1,1100200,1106,0.000418918289343757,Pro,jungle dire
1874733,43,96,dire,%40PajkattDota,1,1100200,1107,0.000419297058140632,Pro,jungle dire
1874733,43,96,dire,%40PajkattDota,1,1100200,1108,0.000419675826937507,Pro,jungle dire
1883533,40,98,dire,%40PajkattDota,1,1109000,1109,0.000420054595734382,Pro,jungle dire
1884466,39,101,dire,%40PajkattDota,1,1109933,1110,0.000420433364531257,Pro,jungle dire
1885200,38,103,dire,%40PajkattDota,1,1110667,1111,0.000420812133328132,Pro,toplane dire
1886533,34,103,dire,%40PajkattDota,1,1112000,1112,0.000421190902125007,Pro,toplane dire
1887266,32,104,dire,%40PajkattDota,1,1112733,1113,0.000421569670921882,Pro,toplane dire
1888000,30,104,dire,%40PajkattDota,1,1113467,1114,0.000421948439718757,Pro,toplane dire
1888000,30,104,dire,%40PajkattDota,1,1113467,1115,0.000422327208515632,Pro,toplane dire
1890200,31,105,dire,%40PajkattDota,1,1115667,1116,0.000422705977312507,Pro,toplane dire
1891333,33,107,dire,%40PajkattDota,1,1116800,1117,0.000423084746109382,Pro,toplane dire
1892466,35,104,dire,%40PajkattDota,1,1117933,1118,0.000423463514906257,Pro,toplane dire
1893466,38,102,dire,%40PajkattDota,1,1118933,1119,0.000423842283703132,Pro,jungle dire
1894400,40,100,dire,%40PajkattDota,1,1119867,1120,0.000424221052500007,Pro,jungle dire
1895400,43,99,dire,%40PajkattDota,1,1120867,1121,0.000424599821296882,Pro,jungle dire
1896466,46,99,dire,%40PajkattDota,1,1121933,1122,0.000424978590093757,Pro,jungle dire
1897200,48,98,dire,%40PajkattDota,1,1122667,1123,0.000425357358890632,Pro,jungle dire
1898333,51,98,dire,%40PajkattDota,1,1123800,1124,0.000425736127687507,Pro,jungle dire
1899333,53,96,dire,%40PajkattDota,1,1124800,1125,0.000426114896484382,Pro,jungle dire
1900533,55,94,dire,%40PajkattDota,1,1126000,1126,0.000426493665281257,Pro,jungle dire
1901200,57,93,dire,%40PajkattDota,1,1126667,1127,0.000426872434078132,Pro,jungle dire
1901733,58,92,dire,%40PajkattDota,1,1127200,1128,0.000427251202875007,Pro,jungle dire
1903533,60,92,dire,%40PajkattDota,1,1129000,1129,0.000427629971671882,Pro,jungle dire
1904133,61,94,dire,%40PajkattDota,1,1129600,1130,0.000428008740468757,Pro,jungle dire
1904733,62,94,dire,%40PajkattDota,1,1130200,1131,0.000428387509265632,Pro,jungle dire
1905600,63,93,dire,%40PajkattDota,1,1131067,1132,0.000428766278062507,Pro,jungle dire
1906666,64,92,dire,%40PajkattDota,1,1132133,1133,0.000429145046859382,Pro,jungle dire
1906666,64,92,dire,%40PajkattDota,1,1132133,1134,0.000429523815656257,Pro,jungle dire
1906666,64,92,dire,%40PajkattDota,1,1132133,1135,0.000429902584453132,Pro,jungle dire
1906666,64,92,dire,%40PajkattDota,1,1132133,1136,0.000430281353250007,Pro,jungle dire
1906666,64,92,dire,%40PajkattDota,1,1132133,1137,0.000430660122046882,Pro,jungle dire
1906666,64,92,dire,%40PajkattDota,1,1132133,1138,0.000431038890843757,Pro,jungle dire
1906666,64,92,dire,%40PajkattDota,1,1132133,1139,0.000431417659640632,Pro,jungle dire
1906666,64,92,dire,%40PajkattDota,1,1132133,1140,0.000431796428437507,Pro,jungle dire
1914666,85,56,dire,%40PajkattDota,1,1140133,1141,0.000432175197234382,Pro,pit dire
1914666,85,56,dire,%40PajkattDota,1,1140133,1142,0.000432553966031257,Pro,pit dire
1914666,85,56,dire,%40PajkattDota,1,1140133,1143,0.000432932734828132,Pro,pit dire
1914666,85,56,dire,%40PajkattDota,1,1140133,1144,0.000433311503625007,Pro,pit dire
1914666,85,56,dire,%40PajkattDota,1,1140133,1145,0.000433690272421882,Pro,pit dire
1920133,85,56,dire,%40PajkattDota,1,1145600,1146,0.000434069041218757,Pro,pit dire
1920133,85,56,dire,%40PajkattDota,1,1145600,1147,0.000434447810015632,Pro,pit dire
1920133,85,56,dire,%40PajkattDota,1,1145600,1148,0.000434826578812507,Pro,pit dire
1920133,85,56,dire,%40PajkattDota,1,1145600,1149,0.000435205347609382,Pro,pit dire
1920133,85,56,dire,%40PajkattDota,1,1145600,1150,0.000435584116406257,Pro,pit dire
1920133,85,56,dire,%40PajkattDota,1,1145600,1151,0.000435962885203132,Pro,pit dire
1920133,85,56,dire,%40PajkattDota,1,1145600,1152,0.000436341654000007,Pro,pit dire
1920133,85,56,dire,%40PajkattDota,1,1145600,1153,0.000436720422796882,Pro,pit dire
1920133,85,56,dire,%40PajkattDota,1,1145600,1154,0.000437099191593757,Pro,pit dire
1920133,85,56,dire,%40PajkattDota,1,1145600,1155,0.000437477960390632,Pro,pit dire
1920133,85,56,dire,%40PajkattDota,1,1145600,1156,0.000437856729187507,Pro,pit dire
1920133,85,56,dire,%40PajkattDota,1,1145600,1157,0.000438235497984382,Pro,pit dire
1920133,85,56,dire,%40PajkattDota,1,1145600,1158,0.000438614266781257,Pro,pit dire
1920133,85,56,dire,%40PajkattDota,1,1145600,1159,0.000438993035578132,Pro,pit dire
1920133,85,56,dire,%40PajkattDota,1,1145600,1160,0.000439371804375007,Pro,pit dire
1920133,85,56,dire,%40PajkattDota,1,1145600,1161,0.000439750573171882,Pro,pit dire
1920133,85,56,dire,%40PajkattDota,1,1145600,1162,0.000440129341968757,Pro,pit dire
1920133,85,56,dire,%40PajkattDota,1,1145600,1163,0.000440508110765632,Pro,pit dire
1920133,85,56,dire,%40PajkattDota,1,1145600,1164,0.000440886879562507,Pro,pit dire
1920133,85,56,dire,%40PajkattDota,1,1145600,1165,0.000441265648359382,Pro,pit dire
1920133,85,56,dire,%40PajkattDota,1,1145600,1166,0.000441644417156257,Pro,pit dire
1920133,85,56,dire,%40PajkattDota,1,1145600,1167,0.000442023185953132,Pro,pit dire
1920133,85,56,dire,%40PajkattDota,1,1145600,1168,0.000442401954750007,Pro,pit dire
1920133,85,56,dire,%40PajkattDota,1,1145600,1169,0.000442780723546882,Pro,pit dire
1920133,85,56,dire,%40PajkattDota,1,1145600,1170,0.000443159492343757,Pro,pit dire
1920133,85,56,dire,%40PajkattDota,1,1145600,1171,0.000443538261140632,Pro,pit dire
1920133,85,56,dire,%40PajkattDota,1,1145600,1172,0.000443917029937507,Pro,pit dire
1920133,85,56,dire,%40PajkattDota,1,1145600,1173,0.000444295798734382,Pro,pit dire
1948200,86,54,dire,%40PajkattDota,1,1173667,1174,0.000444674567531257,Pro,pit dire
1948600,86,53,dire,%40PajkattDota,1,1174067,1175,0.000445053336328132,Pro,pit dire
1948600,86,53,dire,%40PajkattDota,1,1174067,1176,0.000445432105125007,Pro,pit dire
1951466,85,51,dire,%40PajkattDota,1,1176933,1177,0.000445810873921882,Pro,jungle dire
1952266,83,51,dire,%40PajkattDota,1,1177733,1178,0.000446189642718757,Pro,jungle dire
1953400,80,52,dire,%40PajkattDota,1,1178867,1179,0.000446568411515632,Pro,jungle dire
1954133,78,53,dire,%40PajkattDota,1,1179600,1180,0.000446947180312507,Pro,jungle dire
1955466,75,55,dire,%40PajkattDota,1,1180933,1181,0.000447325949109382,Pro,jungle dire
1956533,73,57,dire,%40PajkattDota,1,1182000,1182,0.000447704717906257,Pro,jungle dire
1957533,71,59,dire,%40PajkattDota,1,1183000,1183,0.000448083486703132,Pro,jungle dire
1958466,69,60,dire,%40PajkattDota,1,1183933,1184,0.000448462255500007,Pro,jungle dire
1959400,68,62,dire,%40PajkattDota,1,1184867,1185,0.000448841024296882,Pro,midlane dire
1960466,66,64,dire,%40PajkattDota,1,1185933,1186,0.000449219793093757,Pro,midlane dire
1960466,66,64,dire,%40PajkattDota,1,1185933,1187,0.000449598561890632,Pro,midlane dire
1960466,66,64,dire,%40PajkattDota,1,1185933,1188,0.000449977330687507,Pro,midlane dire
1960466,66,64,dire,%40PajkattDota,1,1185933,1189,0.000450356099484382,Pro,midlane dire
1963733,23,89,dire,%40PajkattDota,1,1189200,1190,0.000450734868281257,Pro,jungle dire
1965400,22,91,dire,%40PajkattDota,1,1190867,1191,0.000451113637078132,Pro,jungle dire
1966400,21,93,dire,%40PajkattDota,1,1191867,1192,0.000451492405875007,Pro,toplane dire
1966666,21,94,dire,%40PajkattDota,1,1192133,1193,0.000451871174671882,Pro,toplane dire
1966666,21,94,dire,%40PajkattDota,1,1192133,1194,0.000452249943468757,Pro,toplane dire
1969000,22,94,dire,%40PajkattDota,1,1194467,1195,0.000452628712265632,Pro,toplane dire
1969000,22,94,dire,%40PajkattDota,1,1194467,1196,0.000453007481062507,Pro,toplane dire
1971466,24,94,dire,%40PajkattDota,1,1196933,1197,0.000453386249859382,Pro,jungle dire
1971466,24,94,dire,%40PajkattDota,1,1196933,1198,0.000453765018656257,Pro,jungle dire
1973400,24,95,dire,%40PajkattDota,1,1198867,1199,0.000454143787453132,Pro,jungle dire
1974400,27,95,dire,%40PajkattDota,1,1199867,1200,0.000454522556250007,Pro,jungle dire
1975466,28,95,dire,%40PajkattDota,1,1200933,1201,0.000454901325046882,Pro,jungle dire
1976533,26,92,dire,%40PajkattDota,1,1202000,1202,0.000455280093843757,Pro,jungle dire
1977466,25,90,dire,%40PajkattDota,1,1202933,1203,0.000455658862640632,Pro,jungle dire
1978466,23,90,dire,%40PajkattDota,1,1203933,1204,0.000456037631437507,Pro,jungle dire
1979266,21,89,dire,%40PajkattDota,1,1204733,1205,0.000456416400234382,Pro,jungle dire
1980400,18,87,dire,%40PajkattDota,1,1205867,1206,0.000456795169031257,Pro,toplane dire
1981266,17,85,dire,%40PajkattDota,1,1206733,1207,0.000457173937828132,Pro,toplane dire
1982266,17,82,dire,%40PajkattDota,1,1207733,1208,0.000457552706625007,Pro,toplane dire
1983533,16,78,dire,%40PajkattDota,1,1209000,1209,0.000457931475421882,Pro,toplane radiant
1984266,16,76,dire,%40PajkattDota,1,1209733,1210,0.000458310244218757,Pro,toplane radiant
1985400,17,73,dire,%40PajkattDota,1,1210867,1211,0.000458689013015632,Pro,toplane radiant
1986466,17,72,dire,%40PajkattDota,1,1211933,1212,0.000459067781812507,Pro,toplane radiant
1987266,17,73,dire,%40PajkattDota,1,1212733,1213,0.000459446550609382,Pro,toplane radiant
1987933,16,74,dire,%40PajkattDota,1,1213400,1214,0.000459825319406257,Pro,toplane radiant
1987933,16,74,dire,%40PajkattDota,1,1213400,1215,0.000460204088203132,Pro,toplane radiant
1990200,17,73,dire,%40PajkattDota,1,1215667,1216,0.000460582857000007,Pro,toplane radiant
1990200,17,73,dire,%40PajkattDota,1,1215667,1217,0.000460961625796882,Pro,toplane radiant
1990200,17,73,dire,%40PajkattDota,1,1215667,1218,0.000461340394593757,Pro,toplane radiant
1990200,17,73,dire,%40PajkattDota,1,1215667,1219,0.000461719163390632,Pro,toplane radiant
1990200,17,73,dire,%40PajkattDota,1,1215667,1220,0.000462097932187507,Pro,toplane radiant
1990200,17,73,dire,%40PajkattDota,1,1215667,1221,0.000462476700984382,Pro,toplane radiant
1996333,16,72,dire,%40PajkattDota,1,1221800,1222,0.000462855469781257,Pro,toplane radiant
1997266,15,70,dire,%40PajkattDota,1,1222733,1223,0.000463234238578132,Pro,toplane radiant
1998266,13,69,dire,%40PajkattDota,1,1223733,1224,0.000463613007375007,Pro,toplane radiant
1998266,13,69,dire,%40PajkattDota,1,1223733,1225,0.000463991776171882,Pro,toplane radiant
1998266,13,69,dire,%40PajkattDota,1,1223733,1226,0.000464370544968757,Pro,toplane radiant
1998266,13,69,dire,%40PajkattDota,1,1223733,1227,0.000464749313765632,Pro,toplane radiant
1998266,13,69,dire,%40PajkattDota,1,1223733,1228,0.000465128082562507,Pro,toplane radiant
2003266,13,68,dire,%40PajkattDota,1,1228733,1229,0.000465506851359382,Pro,toplane radiant
2004400,13,65,dire,%40PajkattDota,1,1229867,1230,0.000465885620156257,Pro,toplane radiant
2004400,13,65,dire,%40PajkattDota,1,1229867,1231,0.000466264388953132,Pro,toplane radiant
2005933,14,65,dire,%40PajkattDota,1,1231400,1232,0.000466643157750007,Pro,toplane radiant
2006600,14,64,dire,%40PajkattDota,1,1232067,1233,0.000467021926546882,Pro,toplane radiant
2006600,14,64,dire,%40PajkattDota,1,1232067,1234,0.000467400695343757,Pro,toplane radiant
2006600,14,64,dire,%40PajkattDota,1,1232067,1235,0.000467779464140632,Pro,toplane radiant
2006600,14,64,dire,%40PajkattDota,1,1232067,1236,0.000468158232937507,Pro,toplane radiant
2006600,14,64,dire,%40PajkattDota,1,1232067,1237,0.000468537001734382,Pro,toplane radiant
2006600,14,64,dire,%40PajkattDota,1,1232067,1238,0.000468915770531257,Pro,toplane radiant
2006600,14,64,dire,%40PajkattDota,1,1232067,1239,0.000469294539328132,Pro,toplane radiant
2014466,14,62,dire,%40PajkattDota,1,1239933,1240,0.000469673308125007,Pro,toplane radiant
2014666,14,61,dire,%40PajkattDota,1,1240133,1241,0.000470052076921882,Pro,toplane radiant
2016200,14,59,dire,%40PajkattDota,1,1241667,1242,0.000470430845718757,Pro,toplane radiant
2016200,14,59,dire,%40PajkattDota,1,1241667,1243,0.000470809614515632,Pro,toplane radiant
2016200,14,59,dire,%40PajkattDota,1,1241667,1244,0.000471188383312507,Pro,toplane radiant
2016200,14,59,dire,%40PajkattDota,1,1241667,1245,0.000471567152109382,Pro,toplane radiant
2016200,14,59,dire,%40PajkattDota,1,1241667,1246,0.000471945920906257,Pro,toplane radiant
2016200,14,59,dire,%40PajkattDota,1,1241667,1247,0.000472324689703132,Pro,toplane radiant
2016200,14,59,dire,%40PajkattDota,1,1241667,1248,0.000472703458500007,Pro,toplane radiant
2016200,14,59,dire,%40PajkattDota,1,1241667,1249,0.000473082227296882,Pro,toplane radiant
2016200,14,59,dire,%40PajkattDota,1,1241667,1250,0.000473460996093757,Pro,toplane radiant
2016200,14,59,dire,%40PajkattDota,1,1241667,1251,0.000473839764890632,Pro,toplane radiant
2016200,14,59,dire,%40PajkattDota,1,1241667,1252,0.000474218533687507,Pro,toplane radiant
2027200,13,58,dire,%40PajkattDota,1,1252667,1253,0.000474597302484382,Pro,toplane radiant
2027200,13,58,dire,%40PajkattDota,1,1252667,1254,0.000474976071281257,Pro,toplane radiant
2029533,12,58,dire,%40PajkattDota,1,1255000,1255,0.000475354840078132,Pro,toplane radiant
2030533,11,61,dire,%40PajkattDota,1,1256000,1256,0.000475733608875007,Pro,void radiant
2031533,12,63,dire,%40PajkattDota,1,1257000,1257,0.000476112377671882,Pro,toplane radiant
2031533,12,63,dire,%40PajkattDota,1,1257000,1258,0.000476491146468757,Pro,toplane radiant
2031533,12,63,dire,%40PajkattDota,1,1257000,1259,0.000476869915265632,Pro,toplane radiant
2031533,12,63,dire,%40PajkattDota,1,1257000,1260,0.000477248684062507,Pro,toplane radiant
2031533,12,63,dire,%40PajkattDota,1,1257000,1261,0.000477627452859382,Pro,toplane radiant
2031533,12,63,dire,%40PajkattDota,1,1257000,1262,0.000478006221656257,Pro,toplane radiant
2031533,12,63,dire,%40PajkattDota,1,1257000,1263,0.000478384990453132,Pro,toplane radiant
2031533,12,63,dire,%40PajkattDota,1,1257000,1264,0.000478763759250007,Pro,toplane radiant
2038933,13,63,dire,%40PajkattDota,1,1264400,1265,0.000479142528046882,Pro,toplane radiant
2040133,13,63,dire,%40PajkattDota,1,1265600,1266,0.000479521296843757,Pro,toplane radiant
2041133,14,63,dire,%40PajkattDota,1,1266600,1267,0.000479900065640632,Pro,toplane radiant
2042466,13,61,dire,%40PajkattDota,1,1267933,1268,0.000480278834437507,Pro,toplane radiant
2043466,12,58,dire,%40PajkattDota,1,1268933,1269,0.000480657603234383,Pro,toplane radiant
2044133,12,56,dire,%40PajkattDota,1,1269600,1270,0.000481036372031258,Pro,toplane radiant
2045533,12,53,dire,%40PajkattDota,1,1271000,1271,0.000481415140828133,Pro,toplane radiant
2045533,12,53,dire,%40PajkattDota,1,1271000,1272,0.000481793909625008,Pro,toplane radiant
2046800,12,52,dire,%40PajkattDota,1,1272267,1273,0.000482172678421883,Pro,toplane radiant
2046800,12,52,dire,%40PajkattDota,1,1272267,1274,0.000482551447218758,Pro,toplane radiant
2046800,12,52,dire,%40PajkattDota,1,1272267,1275,0.000482930216015633,Pro,toplane radiant
2046800,12,52,dire,%40PajkattDota,1,1272267,1276,0.000483308984812508,Pro,toplane radiant
2046800,12,52,dire,%40PajkattDota,1,1272267,1277,0.000483687753609383,Pro,toplane radiant
2052400,12,50,dire,%40PajkattDota,1,1277867,1278,0.000484066522406258,Pro,toplane radiant
2052733,12,49,dire,%40PajkattDota,1,1278200,1279,0.000484445291203133,Pro,toplane radiant
2052733,12,49,dire,%40PajkattDota,1,1278200,1280,0.000484824060000008,Pro,toplane radiant
2052733,12,49,dire,%40PajkattDota,1,1278200,1281,0.000485202828796883,Pro,toplane radiant
2052733,12,49,dire,%40PajkattDota,1,1278200,1282,0.000485581597593758,Pro,toplane radiant
2052733,12,49,dire,%40PajkattDota,1,1278200,1283,0.000485960366390633,Pro,toplane radiant
2052733,12,49,dire,%40PajkattDota,1,1278200,1284,0.000486339135187508,Pro,toplane radiant
2052733,12,49,dire,%40PajkattDota,1,1278200,1285,0.000486717903984383,Pro,toplane radiant
2052733,12,49,dire,%40PajkattDota,1,1278200,1286,0.000487096672781258,Pro,toplane radiant
2052733,12,49,dire,%40PajkattDota,1,1278200,1287,0.000487475441578133,Pro,toplane radiant
2052733,12,49,dire,%40PajkattDota,1,1278200,1288,0.000487854210375008,Pro,toplane radiant
2052733,12,49,dire,%40PajkattDota,1,1278200,1289,0.000488232979171883,Pro,toplane radiant
2052733,12,49,dire,%40PajkattDota,1,1278200,1290,0.000488611747968758,Pro,toplane radiant
2052733,12,49,dire,%40PajkattDota,1,1278200,1291,0.000488990516765633,Pro,toplane radiant
2052733,12,49,dire,%40PajkattDota,1,1278200,1292,0.000489369285562508,Pro,toplane radiant
2052733,12,49,dire,%40PajkattDota,1,1278200,1293,0.000489748054359383,Pro,toplane radiant
2052733,12,49,dire,%40PajkattDota,1,1278200,1294,0.000490126823156258,Pro,toplane radiant
2052733,12,49,dire,%40PajkattDota,1,1278200,1295,0.000490505591953133,Pro,toplane radiant
2052733,12,49,dire,%40PajkattDota,1,1278200,1296,0.000490884360750008,Pro,toplane radiant
2052733,12,49,dire,%40PajkattDota,1,1278200,1297,0.000491263129546883,Pro,toplane radiant
2052733,12,49,dire,%40PajkattDota,1,1278200,1298,0.000491641898343758,Pro,toplane radiant
2052733,12,49,dire,%40PajkattDota,1,1278200,1299,0.000492020667140633,Pro,toplane radiant
2052733,12,49,dire,%40PajkattDota,1,1278200,1300,0.000492399435937508,Pro,toplane radiant
2052733,12,49,dire,%40PajkattDota,1,1278200,1301,0.000492778204734383,Pro,toplane radiant
2052733,12,49,dire,%40PajkattDota,1,1278200,1302,0.000493156973531258,Pro,toplane radiant
2052733,12,49,dire,%40PajkattDota,1,1278200,1303,0.000493535742328133,Pro,toplane radiant
2052733,12,49,dire,%40PajkattDota,1,1278200,1304,0.000493914511125008,Pro,toplane radiant
2052733,12,49,dire,%40PajkattDota,1,1278200,1305,0.000494293279921883,Pro,toplane radiant
2052733,12,49,dire,%40PajkattDota,1,1278200,1306,0.000494672048718758,Pro,toplane radiant
2052733,12,49,dire,%40PajkattDota,1,1278200,1307,0.000495050817515633,Pro,toplane radiant
2052733,12,49,dire,%40PajkattDota,1,1278200,1308,0.000495429586312508,Pro,toplane radiant
2052733,12,49,dire,%40PajkattDota,1,1278200,1309,0.000495808355109383,Pro,toplane radiant
2052733,12,49,dire,%40PajkattDota,1,1278200,1310,0.000496187123906258,Pro,toplane radiant
2052733,12,49,dire,%40PajkattDota,1,1278200,1311,0.000496565892703133,Pro,toplane radiant
2052733,12,49,dire,%40PajkattDota,1,1278200,1312,0.000496944661500008,Pro,toplane radiant
2052733,12,49,dire,%40PajkattDota,1,1278200,1313,0.000497323430296883,Pro,toplane radiant
2052733,12,49,dire,%40PajkattDota,1,1278200,1314,0.000497702199093758,Pro,toplane radiant
2052733,12,49,dire,%40PajkattDota,1,1278200,1315,0.000498080967890633,Pro,toplane radiant
2052733,12,49,dire,%40PajkattDota,1,1278200,1316,0.000498459736687508,Pro,toplane radiant
2052733,12,49,dire,%40PajkattDota,1,1278200,1317,0.000498838505484383,Pro,toplane radiant
2052733,12,49,dire,%40PajkattDota,1,1278200,1318,0.000499217274281258,Pro,toplane radiant
2052733,12,49,dire,%40PajkattDota,1,1278200,1319,0.000499596043078133,Pro,toplane radiant
2052733,12,49,dire,%40PajkattDota,1,1278200,1320,0.000499974811875008,Pro,toplane radiant
2052733,12,49,dire,%40PajkattDota,1,1278200,1321,0.000500353580671883,Pro,toplane radiant
2052733,12,49,dire,%40PajkattDota,1,1278200,1322,0.000500732349468758,Pro,toplane radiant
2052733,12,49,dire,%40PajkattDota,1,1278200,1323,0.000501111118265633,Pro,toplane radiant
2052733,12,49,dire,%40PajkattDota,1,1278200,1324,0.000501489887062508,Pro,toplane radiant
2052733,12,49,dire,%40PajkattDota,1,1278200,1325,0.000501868655859383,Pro,toplane radiant
2100133,12,49,dire,%40PajkattDota,1,1325600,1326,0.000502247424656258,Pro,toplane radiant
2100133,12,49,dire,%40PajkattDota,1,1325600,1327,0.000502626193453133,Pro,toplane radiant
2100133,12,49,dire,%40PajkattDota,1,1325600,1328,0.000503004962250008,Pro,toplane radiant
2100133,12,49,dire,%40PajkattDota,1,1325600,1329,0.000503383731046883,Pro,toplane radiant
2100133,12,49,dire,%40PajkattDota,1,1325600,1330,0.000503762499843758,Pro,toplane radiant
2100133,12,49,dire,%40PajkattDota,1,1325600,1331,0.000504141268640633,Pro,toplane radiant
2100133,12,49,dire,%40PajkattDota,1,1325600,1332,0.000504520037437508,Pro,toplane radiant
2100133,12,49,dire,%40PajkattDota,1,1325600,1333,0.000504898806234383,Pro,toplane radiant
2100133,12,49,dire,%40PajkattDota,1,1325600,1334,0.000505277575031258,Pro,toplane radiant
2100133,12,49,dire,%40PajkattDota,1,1325600,1335,0.000505656343828133,Pro,toplane radiant
2100133,12,49,dire,%40PajkattDota,1,1325600,1336,0.000506035112625008,Pro,toplane radiant
2100133,12,49,dire,%40PajkattDota,1,1325600,1337,0.000506413881421883,Pro,toplane radiant
2111666,115,108,dire,%40PajkattDota,1,1337133,1338,0.000506792650218758,Pro,base2 dire
2111666,115,108,dire,%40PajkattDota,1,1337133,1339,0.000507171419015633,Pro,base2 dire
2111666,115,108,dire,%40PajkattDota,1,1337133,1340,0.000507550187812508,Pro,base2 dire
2111666,115,108,dire,%40PajkattDota,1,1337133,1341,0.000507928956609383,Pro,base2 dire
2111666,115,108,dire,%40PajkattDota,1,1337133,1342,0.000508307725406258,Pro,base2 dire
2111666,115,108,dire,%40PajkattDota,1,1337133,1343,0.000508686494203133,Pro,base2 dire
2111666,115,108,dire,%40PajkattDota,1,1337133,1344,0.000509065263000008,Pro,base2 dire
2111666,115,108,dire,%40PajkattDota,1,1337133,1345,0.000509444031796883,Pro,base2 dire
2111666,115,108,dire,%40PajkattDota,1,1337133,1346,0.000509822800593758,Pro,base2 dire
2111666,115,108,dire,%40PajkattDota,1,1337133,1347,0.000510201569390633,Pro,base2 dire
2111666,115,108,dire,%40PajkattDota,1,1337133,1348,0.000510580338187508,Pro,base2 dire
2123466,91,21,dire,%40PajkattDota,1,1348933,1349,0.000510959106984383,Pro,jungle radiant
2123466,91,21,dire,%40PajkattDota,1,1348933,1350,0.000511337875781258,Pro,jungle radiant
2125266,92,21,dire,%40PajkattDota,1,1350733,1351,0.000511716644578133,Pro,jungle radiant
2125266,92,21,dire,%40PajkattDota,1,1350733,1352,0.000512095413375008,Pro,jungle radiant
2125266,92,21,dire,%40PajkattDota,1,1350733,1353,0.000512474182171883,Pro,jungle radiant
2125266,92,21,dire,%40PajkattDota,1,1350733,1354,0.000512852950968758,Pro,jungle radiant
2125266,92,21,dire,%40PajkattDota,1,1350733,1355,0.000513231719765633,Pro,jungle radiant
2130333,94,20,dire,%40PajkattDota,1,1355800,1356,0.000513610488562508,Pro,jungle radiant
2131400,96,18,dire,%40PajkattDota,1,1356867,1357,0.000513989257359383,Pro,jungle radiant
2131400,96,18,dire,%40PajkattDota,1,1356867,1358,0.000514368026156258,Pro,jungle radiant
2131400,96,18,dire,%40PajkattDota,1,1356867,1359,0.000514746794953133,Pro,jungle radiant
2131400,96,18,dire,%40PajkattDota,1,1356867,1360,0.000515125563750008,Pro,jungle radiant
2131400,96,18,dire,%40PajkattDota,1,1356867,1361,0.000515504332546883,Pro,jungle radiant
2131400,96,18,dire,%40PajkattDota,1,1356867,1362,0.000515883101343758,Pro,jungle radiant
2131400,96,18,dire,%40PajkattDota,1,1356867,1363,0.000516261870140633,Pro,jungle radiant
2131400,96,18,dire,%40PajkattDota,1,1356867,1364,0.000516640638937508,Pro,jungle radiant
2138800,96,17,dire,%40PajkattDota,1,1364267,1365,0.000517019407734383,Pro,jungle radiant
2138800,96,17,dire,%40PajkattDota,1,1364267,1366,0.000517398176531258,Pro,jungle radiant
2138800,96,17,dire,%40PajkattDota,1,1364267,1367,0.000517776945328133,Pro,jungle radiant
2141800,96,16,dire,%40PajkattDota,1,1367267,1368,0.000518155714125008,Pro,jungle radiant
2142866,97,15,dire,%40PajkattDota,1,1368333,1369,0.000518534482921883,Pro,void radiant
2143666,97,14,dire,%40PajkattDota,1,1369133,1370,0.000518913251718758,Pro,bottomlane radiant
2145533,98,13,dire,%40PajkattDota,1,1371000,1371,0.000519292020515633,Pro,bottomlane radiant
2146533,99,13,dire,%40PajkattDota,1,1372000,1372,0.000519670789312508,Pro,bottomlane radiant
2146666,99,12,dire,%40PajkattDota,1,1372133,1373,0.000520049558109383,Pro,bottomlane radiant
2146666,99,12,dire,%40PajkattDota,1,1372133,1374,0.000520428326906258,Pro,bottomlane radiant
2146666,99,12,dire,%40PajkattDota,1,1372133,1375,0.000520807095703133,Pro,bottomlane radiant
2146666,99,12,dire,%40PajkattDota,1,1372133,1376,0.000521185864500008,Pro,bottomlane radiant
2146666,99,12,dire,%40PajkattDota,1,1372133,1377,0.000521564633296883,Pro,bottomlane radiant
2146666,99,12,dire,%40PajkattDota,1,1372133,1378,0.000521943402093758,Pro,bottomlane radiant
2153266,98,12,dire,%40PajkattDota,1,1378733,1379,0.000522322170890633,Pro,bottomlane radiant
2154533,97,11,dire,%40PajkattDota,1,1380000,1380,0.000522700939687508,Pro,bottomlane radiant
2155400,94,11,dire,%40PajkattDota,1,1380867,1381,0.000523079708484383,Pro,bottomlane radiant
2156466,91,11,dire,%40PajkattDota,1,1381933,1382,0.000523458477281258,Pro,bottomlane radiant
2157200,89,11,dire,%40PajkattDota,1,1382667,1383,0.000523837246078133,Pro,bottomlane radiant
2157933,87,11,dire,%40PajkattDota,1,1383400,1384,0.000524216014875008,Pro,bottomlane radiant
2159400,90,10,dire,%40PajkattDota,1,1384867,1385,0.000524594783671883,Pro,bottomlane radiant
2160533,87,10,dire,%40PajkattDota,1,1386000,1386,0.000524973552468758,Pro,bottomlane radiant
2161533,84,9,dire,%40PajkattDota,1,1387000,1387,0.000525352321265633,Pro,bottomlane radiant
2162133,82,9,dire,%40PajkattDota,1,1387600,1388,0.000525731090062508,Pro,bottomlane radiant
2162133,82,9,dire,%40PajkattDota,1,1387600,1389,0.000526109858859383,Pro,bottomlane radiant
2162133,82,9,dire,%40PajkattDota,1,1387600,1390,0.000526488627656258,Pro,bottomlane radiant
2165533,83,9,dire,%40PajkattDota,1,1391000,1391,0.000526867396453133,Pro,bottomlane radiant
2166266,85,9,dire,%40PajkattDota,1,1391733,1392,0.000527246165250008,Pro,bottomlane radiant
2167400,88,9,dire,%40PajkattDota,1,1392867,1393,0.000527624934046883,Pro,void radiant
2168400,90,10,dire,%40PajkattDota,1,1393867,1394,0.000528003702843758,Pro,bottomlane radiant
2169533,93,8,dire,%40PajkattDota,1,1395000,1395,0.000528382471640633,Pro,bottomlane radiant
2170533,94,6,dire,%40PajkattDota,1,1396000,1396,0.000528761240437508,Pro,bottomlane radiant
2170533,94,6,dire,%40PajkattDota,1,1396000,1397,0.000529140009234383,Pro,bottomlane radiant
2170533,94,6,dire,%40PajkattDota,1,1396000,1398,0.000529518778031258,Pro,bottomlane radiant
2170533,94,6,dire,%40PajkattDota,1,1396000,1399,0.000529897546828133,Pro,bottomlane radiant
2170533,94,6,dire,%40PajkattDota,1,1396000,1400,0.000530276315625008,Pro,bottomlane radiant
2170533,94,6,dire,%40PajkattDota,1,1396000,1401,0.000530655084421883,Pro,bottomlane radiant
2170533,94,6,dire,%40PajkattDota,1,1396000,1402,0.000531033853218758,Pro,bottomlane radiant
2170533,94,6,dire,%40PajkattDota,1,1396000,1403,0.000531412622015633,Pro,bottomlane radiant
2170533,94,6,dire,%40PajkattDota,1,1396000,1404,0.000531791390812508,Pro,bottomlane radiant
2170533,94,6,dire,%40PajkattDota,1,1396000,1405,0.000532170159609383,Pro,bottomlane radiant
2170533,94,6,dire,%40PajkattDota,1,1396000,1406,0.000532548928406258,Pro,bottomlane radiant
2170533,94,6,dire,%40PajkattDota,1,1396000,1407,0.000532927697203133,Pro,bottomlane radiant
2170533,94,6,dire,%40PajkattDota,1,1396000,1408,0.000533306466000008,Pro,bottomlane radiant
2170533,94,6,dire,%40PajkattDota,1,1396000,1409,0.000533685234796883,Pro,bottomlane radiant
2170533,94,6,dire,%40PajkattDota,1,1396000,1410,0.000534064003593758,Pro,bottomlane radiant
2170533,94,6,dire,%40PajkattDota,1,1396000,1411,0.000534442772390633,Pro,bottomlane radiant
2170533,94,6,dire,%40PajkattDota,1,1396000,1412,0.000534821541187508,Pro,bottomlane radiant
2170533,94,6,dire,%40PajkattDota,1,1396000,1413,0.000535200309984383,Pro,bottomlane radiant
2170533,94,6,dire,%40PajkattDota,1,1396000,1414,0.000535579078781258,Pro,bottomlane radiant
2170533,94,6,dire,%40PajkattDota,1,1396000,1415,0.000535957847578133,Pro,bottomlane radiant
2170533,94,6,dire,%40PajkattDota,1,1396000,1416,0.000536336616375008,Pro,bottomlane radiant
2170533,94,6,dire,%40PajkattDota,1,1396000,1417,0.000536715385171883,Pro,bottomlane radiant
2170533,94,6,dire,%40PajkattDota,1,1396000,1418,0.000537094153968758,Pro,bottomlane radiant
2170533,94,6,dire,%40PajkattDota,1,1396000,1419,0.000537472922765633,Pro,bottomlane radiant
2170533,94,6,dire,%40PajkattDota,1,1396000,1420,0.000537851691562508,Pro,bottomlane radiant
2170533,94,6,dire,%40PajkattDota,1,1396000,1421,0.000538230460359383,Pro,bottomlane radiant
2170533,94,6,dire,%40PajkattDota,1,1396000,1422,0.000538609229156258,Pro,bottomlane radiant
2170533,94,6,dire,%40PajkattDota,1,1396000,1423,0.000538987997953133,Pro,bottomlane radiant
2170533,94,6,dire,%40PajkattDota,1,1396000,1424,0.000539366766750008,Pro,bottomlane radiant
2170533,94,6,dire,%40PajkattDota,1,1396000,1425,0.000539745535546883,Pro,bottomlane radiant
2170533,94,6,dire,%40PajkattDota,1,1396000,1426,0.000540124304343758,Pro,bottomlane radiant
2170533,94,6,dire,%40PajkattDota,1,1396000,1427,0.000540503073140633,Pro,bottomlane radiant
2202466,93,7,dire,%40PajkattDota,1,1427933,1428,0.000540881841937508,Pro,bottomlane radiant
2203266,91,8,dire,%40PajkattDota,1,1428733,1429,0.000541260610734383,Pro,void radiant
2203933,89,9,dire,%40PajkattDota,1,1429400,1430,0.000541639379531258,Pro,void radiant
2203933,89,9,dire,%40PajkattDota,1,1429400,1431,0.000542018148328133,Pro,void radiant
2205600,90,9,dire,%40PajkattDota,1,1431067,1432,0.000542396917125008,Pro,void radiant
2205600,90,9,dire,%40PajkattDota,1,1431067,1433,0.000542775685921884,Pro,void radiant
2208266,89,10,dire,%40PajkattDota,1,1433733,1434,0.000543154454718759,Pro,bottomlane radiant
2208266,89,10,dire,%40PajkattDota,1,1433733,1435,0.000543533223515634,Pro,bottomlane radiant
2208266,89,10,dire,%40PajkattDota,1,1433733,1436,0.000543911992312509,Pro,bottomlane radiant
2208266,89,10,dire,%40PajkattDota,1,1433733,1437,0.000544290761109384,Pro,bottomlane radiant
2208266,89,10,dire,%40PajkattDota,1,1433733,1438,0.000544669529906259,Pro,bottomlane radiant
2208266,89,10,dire,%40PajkattDota,1,1433733,1439,0.000545048298703134,Pro,bottomlane radiant
2208266,89,10,dire,%40PajkattDota,1,1433733,1440,0.000545427067500009,Pro,bottomlane radiant
2215200,87,10,dire,%40PajkattDota,1,1440667,1441,0.000545805836296884,Pro,bottomlane radiant
2216533,86,9,dire,%40PajkattDota,1,1442000,1442,0.000546184605093759,Pro,void radiant
2217000,84,9,dire,%40PajkattDota,1,1442467,1443,0.000546563373890634,Pro,bottomlane radiant
2217000,84,9,dire,%40PajkattDota,1,1442467,1444,0.000546942142687509,Pro,bottomlane radiant
2219466,81,9,dire,%40PajkattDota,1,1444933,1445,0.000547320911484384,Pro,bottomlane radiant
2220333,80,9,dire,%40PajkattDota,1,1445800,1446,0.000547699680281259,Pro,bottomlane radiant
2221533,80,8,dire,%40PajkattDota,1,1447000,1447,0.000548078449078134,Pro,void radiant
2222333,82,10,dire,%40PajkattDota,1,1447800,1448,0.000548457217875009,Pro,bottomlane radiant
2223533,79,12,dire,%40PajkattDota,1,1449000,1449,0.000548835986671884,Pro,bottomlane radiant
2223933,78,12,dire,%40PajkattDota,1,1449400,1450,0.000549214755468759,Pro,bottomlane radiant
2225333,80,11,dire,%40PajkattDota,1,1450800,1451,0.000549593524265634,Pro,bottomlane radiant
2226066,82,11,dire,%40PajkattDota,1,1451533,1452,0.000549972293062509,Pro,bottomlane radiant
2227133,82,11,dire,%40PajkattDota,1,1452600,1453,0.000550351061859384,Pro,bottomlane radiant
2227133,82,11,dire,%40PajkattDota,1,1452600,1454,0.000550729830656259,Pro,bottomlane radiant
2229533,80,12,dire,%40PajkattDota,1,1455000,1455,0.000551108599453134,Pro,bottomlane radiant
2230333,77,11,dire,%40PajkattDota,1,1455800,1456,0.000551487368250009,Pro,bottomlane radiant
2231333,74,11,dire,%40PajkattDota,1,1456800,1457,0.000551866137046884,Pro,bottomlane radiant
2232533,75,9,dire,%40PajkattDota,1,1458000,1458,0.000552244905843759,Pro,bottomlane radiant
2233400,73,8,dire,%40PajkattDota,1,1458867,1459,0.000552623674640634,Pro,bottomlane radiant
2233400,73,8,dire,%40PajkattDota,1,1458867,1460,0.000553002443437509,Pro,bottomlane radiant
2235400,74,8,dire,%40PajkattDota,1,1460867,1461,0.000553381212234384,Pro,bottomlane radiant
2236400,76,10,dire,%40PajkattDota,1,1461867,1462,0.000553759981031259,Pro,bottomlane radiant
2237533,79,10,dire,%40PajkattDota,1,1463000,1463,0.000554138749828134,Pro,bottomlane radiant
2238333,81,11,dire,%40PajkattDota,1,1463800,1464,0.000554517518625009,Pro,bottomlane radiant
2239133,83,12,dire,%40PajkattDota,1,1464600,1465,0.000554896287421884,Pro,bottomlane radiant
2239133,83,12,dire,%40PajkattDota,1,1464600,1466,0.000555275056218759,Pro,bottomlane radiant
2239133,83,12,dire,%40PajkattDota,1,1464600,1467,0.000555653825015634,Pro,bottomlane radiant
2239133,83,12,dire,%40PajkattDota,1,1464600,1468,0.000556032593812509,Pro,bottomlane radiant
2243000,12,43,dire,%40PajkattDota,1,1468467,1469,0.000556411362609384,Pro,toplane radiant
2243000,12,43,dire,%40PajkattDota,1,1468467,1470,0.000556790131406259,Pro,toplane radiant
2245266,12,42,dire,%40PajkattDota,1,1470733,1471,0.000557168900203134,Pro,toplane radiant
2245266,12,42,dire,%40PajkattDota,1,1470733,1472,0.000557547669000009,Pro,toplane radiant
2245266,12,42,dire,%40PajkattDota,1,1470733,1473,0.000557926437796884,Pro,toplane radiant
2248533,119,111,dire,%40PajkattDota,1,1474000,1474,0.000558305206593759,Pro,base2 dire
2249333,117,110,dire,%40PajkattDota,1,1474800,1475,0.000558683975390634,Pro,base2 dire
2249600,117,109,dire,%40PajkattDota,1,1475067,1476,0.000559062744187509,Pro,base2 dire
2249600,117,109,dire,%40PajkattDota,1,1475067,1477,0.000559441512984384,Pro,base2 dire
2252000,116,108,dire,%40PajkattDota,1,1477467,1478,0.000559820281781259,Pro,base2 dire
2252000,116,108,dire,%40PajkattDota,1,1477467,1479,0.000560199050578134,Pro,base2 dire
2252000,116,108,dire,%40PajkattDota,1,1477467,1480,0.000560577819375009,Pro,base2 dire
2252000,116,108,dire,%40PajkattDota,1,1477467,1481,0.000560956588171884,Pro,base2 dire
2252000,116,108,dire,%40PajkattDota,1,1477467,1482,0.000561335356968759,Pro,base2 dire
2252000,116,108,dire,%40PajkattDota,1,1477467,1483,0.000561714125765634,Pro,base2 dire
2258066,115,108,dire,%40PajkattDota,1,1483533,1484,0.000562092894562509,Pro,base2 dire
2259533,114,108,dire,%40PajkattDota,1,1485000,1485,0.000562471663359384,Pro,base2 dire
2260266,112,108,dire,%40PajkattDota,1,1485733,1486,0.000562850432156259,Pro,base2 dire
2261533,108,108,dire,%40PajkattDota,1,1487000,1487,0.000563229200953134,Pro,base2 dire
2262533,105,108,dire,%40PajkattDota,1,1488000,1488,0.000563607969750009,Pro,base2 dire
2262533,105,108,dire,%40PajkattDota,1,1488000,1489,0.000563986738546884,Pro,base2 dire
2264466,102,106,dire,%40PajkattDota,1,1489933,1490,0.000564365507343759,Pro,base2 dire
2265333,101,104,dire,%40PajkattDota,1,1490800,1491,0.000564744276140634,Pro,base2 dire
2266200,100,102,dire,%40PajkattDota,1,1491667,1492,0.000565123044937509,Pro,base2 dire
2266600,99,101,dire,%40PajkattDota,1,1492067,1493,0.000565501813734384,Pro,base2 dire
2266600,99,101,dire,%40PajkattDota,1,1492067,1494,0.000565880582531259,Pro,base2 dire
2266600,99,101,dire,%40PajkattDota,1,1492067,1495,0.000566259351328134,Pro,base2 dire
2269733,54,31,dire,%40PajkattDota,1,1495200,1496,0.000566638120125009,Pro,jungle radiant
2271333,54,33,dire,%40PajkattDota,1,1496800,1497,0.000567016888921884,Pro,jungle radiant
2272333,54,35,dire,%40PajkattDota,1,1497800,1498,0.000567395657718759,Pro,jungle radiant
2272333,54,35,dire,%40PajkattDota,1,1497800,1499,0.000567774426515634,Pro,jungle radiant
2272333,54,35,dire,%40PajkattDota,1,1497800,1500,0.000568153195312509,Pro,jungle radiant
2272333,54,35,dire,%40PajkattDota,1,1497800,1501,0.000568531964109384,Pro,jungle radiant
2276000,53,36,dire,%40PajkattDota,1,1501467,1502,0.000568910732906259,Pro,jungle radiant
2276933,53,37,dire,%40PajkattDota,1,1502400,1503,0.000569289501703134,Pro,jungle radiant
2276933,53,37,dire,%40PajkattDota,1,1502400,1504,0.000569668270500009,Pro,jungle radiant
2279333,52,38,dire,%40PajkattDota,1,1504800,1505,0.000570047039296884,Pro,jungle radiant
2280533,52,40,dire,%40PajkattDota,1,1506000,1506,0.000570425808093759,Pro,jungle radiant
2281333,51,41,dire,%40PajkattDota,1,1506800,1507,0.000570804576890634,Pro,midlane radiant
2281666,51,42,dire,%40PajkattDota,1,1507133,1508,0.000571183345687509,Pro,midlane radiant
2283400,53,43,dire,%40PajkattDota,1,1508867,1509,0.000571562114484384,Pro,midlane radiant
2284400,54,45,dire,%40PajkattDota,1,1509867,1510,0.000571940883281259,Pro,midlane radiant
2285333,56,47,dire,%40PajkattDota,1,1510800,1511,0.000572319652078134,Pro,midlane radiant
2286333,58,48,dire,%40PajkattDota,1,1511800,1512,0.000572698420875009,Pro,jungle radiant
2287333,60,47,dire,%40PajkattDota,1,1512800,1513,0.000573077189671884,Pro,jungle radiant
2288133,62,48,dire,%40PajkattDota,1,1513600,1514,0.000573455958468759,Pro,jungle radiant
2289333,65,48,dire,%40PajkattDota,1,1514800,1515,0.000573834727265634,Pro,jungle radiant
2290533,67,46,dire,%40PajkattDota,1,1516000,1516,0.000574213496062509,Pro,jungle radiant
2291466,70,45,dire,%40PajkattDota,1,1516933,1517,0.000574592264859384,Pro,jungle radiant
2292333,72,44,dire,%40PajkattDota,1,1517800,1518,0.000574971033656259,Pro,jungle radiant
2293400,74,42,dire,%40PajkattDota,1,1518867,1519,0.000575349802453134,Pro,jungle radiant
2294466,77,41,dire,%40PajkattDota,1,1519933,1520,0.000575728571250009,Pro,void radiant
2295200,79,41,dire,%40PajkattDota,1,1520667,1521,0.000576107340046884,Pro,river
2296333,82,41,dire,%40PajkattDota,1,1521800,1522,0.000576486108843759,Pro,river
2297266,85,41,dire,%40PajkattDota,1,1522733,1523,0.000576864877640634,Pro,river
2297600,86,41,dire,%40PajkattDota,1,1523067,1524,0.000577243646437509,Pro,river
2297600,86,41,dire,%40PajkattDota,1,1523067,1525,0.000577622415234384,Pro,river
2297600,86,41,dire,%40PajkattDota,1,1523067,1526,0.000578001184031259,Pro,river
2297600,86,41,dire,%40PajkattDota,1,1523067,1527,0.000578379952828134,Pro,river
2297600,86,41,dire,%40PajkattDota,1,1523067,1528,0.000578758721625009,Pro,river
2297600,86,41,dire,%40PajkattDota,1,1523067,1529,0.000579137490421884,Pro,river
2297600,86,41,dire,%40PajkattDota,1,1523067,1530,0.000579516259218759,Pro,river
2305466,44,44,dire,%40PajkattDota,1,1530933,1531,0.000579895028015634,Pro,midlane radiant
2306466,43,43,dire,%40PajkattDota,1,1531933,1532,0.000580273796812509,Pro,midlane radiant
2307533,41,41,dire,%40PajkattDota,1,1533000,1533,0.000580652565609384,Pro,midlane radiant
2307533,41,41,dire,%40PajkattDota,1,1533000,1534,0.000581031334406259,Pro,midlane radiant
2307533,41,41,dire,%40PajkattDota,1,1533000,1535,0.000581410103203134,Pro,midlane radiant
2307533,41,41,dire,%40PajkattDota,1,1533000,1536,0.000581788872000009,Pro,midlane radiant
2307533,41,41,dire,%40PajkattDota,1,1533000,1537,0.000582167640796884,Pro,midlane radiant
2307533,41,41,dire,%40PajkattDota,1,1533000,1538,0.000582546409593759,Pro,midlane radiant
2307533,41,41,dire,%40PajkattDota,1,1533000,1539,0.000582925178390634,Pro,midlane radiant
2307533,41,41,dire,%40PajkattDota,1,1533000,1540,0.000583303947187509,Pro,midlane radiant
2315266,39,39,dire,%40PajkattDota,1,1540733,1541,0.000583682715984384,Pro,midlane radiant
2316466,37,37,dire,%40PajkattDota,1,1541933,1542,0.000584061484781259,Pro,midlane radiant
2317066,36,35,dire,%40PajkattDota,1,1542533,1543,0.000584440253578134,Pro,midlane radiant
2317600,35,34,dire,%40PajkattDota,1,1543067,1544,0.000584819022375009,Pro,midlane radiant
2317600,35,34,dire,%40PajkattDota,1,1543067,1545,0.000585197791171884,Pro,midlane radiant
2320533,34,32,dire,%40PajkattDota,1,1546000,1546,0.000585576559968759,Pro,midlane radiant
2321133,32,31,dire,%40PajkattDota,1,1546600,1547,0.000585955328765634,Pro,midlane radiant
2321133,32,31,dire,%40PajkattDota,1,1546600,1548,0.000586334097562509,Pro,midlane radiant
2323333,30,31,dire,%40PajkattDota,1,1548800,1549,0.000586712866359384,Pro,midlane radiant
2323666,29,31,dire,%40PajkattDota,1,1549133,1550,0.000587091635156259,Pro,midlane radiant
2323666,29,31,dire,%40PajkattDota,1,1549133,1551,0.000587470403953134,Pro,midlane radiant
2323666,29,31,dire,%40PajkattDota,1,1549133,1552,0.000587849172750009,Pro,midlane radiant
2323666,29,31,dire,%40PajkattDota,1,1549133,1553,0.000588227941546884,Pro,midlane radiant
2328133,29,32,dire,%40PajkattDota,1,1553600,1554,0.000588606710343759,Pro,midlane radiant
2329333,28,32,dire,%40PajkattDota,1,1554800,1555,0.000588985479140634,Pro,base1 radiant
2329333,28,32,dire,%40PajkattDota,1,1554800,1556,0.000589364247937509,Pro,base1 radiant
2329333,28,32,dire,%40PajkattDota,1,1554800,1557,0.000589743016734384,Pro,base1 radiant
2329333,28,32,dire,%40PajkattDota,1,1554800,1558,0.000590121785531259,Pro,base1 radiant
2329333,28,32,dire,%40PajkattDota,1,1554800,1559,0.000590500554328134,Pro,base1 radiant
2329333,28,32,dire,%40PajkattDota,1,1554800,1560,0.000590879323125009,Pro,base1 radiant
2335333,29,35,dire,%40PajkattDota,1,1560800,1561,0.000591258091921884,Pro,midlane radiant
2335866,29,33,dire,%40PajkattDota,1,1561333,1562,0.000591636860718759,Pro,midlane radiant
2335866,29,33,dire,%40PajkattDota,1,1561333,1563,0.000592015629515634,Pro,midlane radiant
2335866,29,33,dire,%40PajkattDota,1,1561333,1564,0.000592394398312509,Pro,midlane radiant
2339066,28,31,dire,%40PajkattDota,1,1564533,1565,0.000592773167109384,Pro,base1 radiant
2340133,28,31,dire,%40PajkattDota,1,1565600,1566,0.000593151935906259,Pro,base1 radiant
2340133,28,31,dire,%40PajkattDota,1,1565600,1567,0.000593530704703134,Pro,base1 radiant
2340133,28,31,dire,%40PajkattDota,1,1565600,1568,0.000593909473500009,Pro,base1 radiant
2343533,29,32,dire,%40PajkattDota,1,1569000,1569,0.000594288242296884,Pro,midlane radiant
2344066,28,31,dire,%40PajkattDota,1,1569533,1570,0.000594667011093759,Pro,base1 radiant
2344066,28,31,dire,%40PajkattDota,1,1569533,1571,0.000595045779890634,Pro,base1 radiant
2344066,28,31,dire,%40PajkattDota,1,1569533,1572,0.000595424548687509,Pro,base1 radiant
2347333,30,33,dire,%40PajkattDota,1,1572800,1573,0.000595803317484384,Pro,midlane radiant
2348466,33,35,dire,%40PajkattDota,1,1573933,1574,0.000596182086281259,Pro,midlane radiant
2349533,35,37,dire,%40PajkattDota,1,1575000,1575,0.000596560855078134,Pro,midlane radiant
2350466,38,39,dire,%40PajkattDota,1,1575933,1576,0.000596939623875009,Pro,midlane radiant
2351400,40,41,dire,%40PajkattDota,1,1576867,1577,0.000597318392671884,Pro,midlane radiant
2352333,42,42,dire,%40PajkattDota,1,1577800,1578,0.000597697161468759,Pro,midlane radiant
2353466,44,44,dire,%40PajkattDota,1,1578933,1579,0.000598075930265634,Pro,midlane radiant
2354400,47,45,dire,%40PajkattDota,1,1579867,1580,0.000598454699062509,Pro,midlane radiant
2355266,49,46,dire,%40PajkattDota,1,1580733,1581,0.000598833467859384,Pro,midlane radiant
2356266,51,48,dire,%40PajkattDota,1,1581733,1582,0.000599212236656259,Pro,midlane radiant
2357333,53,50,dire,%40PajkattDota,1,1582800,1583,0.000599591005453134,Pro,midlane radiant
2358400,52,53,dire,%40PajkattDota,1,1583867,1584,0.000599969774250009,Pro,midlane radiant
2359066,51,55,dire,%40PajkattDota,1,1584533,1585,0.000600348543046884,Pro,midlane radiant
2360200,50,56,dire,%40PajkattDota,1,1585667,1586,0.000600727311843759,Pro,midlane radiant
2361400,49,59,dire,%40PajkattDota,1,1586867,1587,0.000601106080640634,Pro,jungle radiant
2362533,49,62,dire,%40PajkattDota,1,1588000,1588,0.000601484849437509,Pro,jungle radiant
2363266,49,64,dire,%40PajkattDota,1,1588733,1589,0.000601863618234384,Pro,jungle radiant
2364466,46,65,dire,%40PajkattDota,1,1589933,1590,0.000602242387031259,Pro,jungle radiant
2365533,45,62,dire,%40PajkattDota,1,1591000,1591,0.000602621155828134,Pro,jungle radiant
2365733,44,62,dire,%40PajkattDota,1,1591200,1592,0.000602999924625009,Pro,jungle radiant
2365733,44,62,dire,%40PajkattDota,1,1591200,1593,0.000603378693421884,Pro,jungle radiant
2365733,44,62,dire,%40PajkattDota,1,1591200,1594,0.000603757462218759,Pro,jungle radiant
2365733,44,62,dire,%40PajkattDota,1,1591200,1595,0.000604136231015634,Pro,jungle radiant
2365733,44,62,dire,%40PajkattDota,1,1591200,1596,0.000604514999812509,Pro,jungle radiant
2365733,44,62,dire,%40PajkattDota,1,1591200,1597,0.000604893768609384,Pro,jungle radiant
2365733,44,62,dire,%40PajkattDota,1,1591200,1598,0.000605272537406259,Pro,jungle radiant
2365733,44,62,dire,%40PajkattDota,1,1591200,1599,0.000605651306203134,Pro,jungle radiant
2365733,44,62,dire,%40PajkattDota,1,1591200,1600,0.000606030075000009,Pro,jungle radiant
2375533,45,64,dire,%40PajkattDota,1,1601000,1601,0.000606408843796884,Pro,jungle radiant
2376533,44,67,dire,%40PajkattDota,1,1602000,1602,0.000606787612593759,Pro,jungle radiant
2377533,42,69,dire,%40PajkattDota,1,1603000,1603,0.000607166381390634,Pro,jungle radiant
2378533,41,72,dire,%40PajkattDota,1,1604000,1604,0.000607545150187509,Pro,jungle radiant
2379200,41,74,dire,%40PajkattDota,1,1604667,1605,0.000607923918984384,Pro,jungle radiant
2380400,42,77,dire,%40PajkattDota,1,1605867,1606,0.000608302687781259,Pro,river
2381200,43,79,dire,%40PajkattDota,1,1606667,1607,0.000608681456578134,Pro,river
2382466,44,82,dire,%40PajkattDota,1,1607933,1608,0.000609060225375009,Pro,jungle dire
2383333,46,84,dire,%40PajkattDota,1,1608800,1609,0.000609438994171884,Pro,jungle dire
2384466,48,87,dire,%40PajkattDota,1,1609933,1610,0.000609817762968759,Pro,jungle dire
2385533,51,88,dire,%40PajkattDota,1,1611000,1611,0.000610196531765635,Pro,jungle dire
2386466,52,90,dire,%40PajkattDota,1,1611933,1612,0.00061057530056251,Pro,jungle dire
2386800,52,91,dire,%40PajkattDota,1,1612267,1613,0.000610954069359385,Pro,jungle dire
2386800,52,91,dire,%40PajkattDota,1,1612267,1614,0.00061133283815626,Pro,jungle dire
2386800,52,91,dire,%40PajkattDota,1,1612267,1615,0.000611711606953135,Pro,jungle dire
2389933,119,112,dire,%40PajkattDota,1,1615400,1616,0.00061209037575001,Pro,base2 dire
2391400,118,110,dire,%40PajkattDota,1,1616867,1617,0.000612469144546885,Pro,base2 dire
2391400,118,110,dire,%40PajkattDota,1,1616867,1618,0.00061284791334376,Pro,base2 dire
2391400,118,110,dire,%40PajkattDota,1,1616867,1619,0.000613226682140635,Pro,base2 dire
2391400,118,110,dire,%40PajkattDota,1,1616867,1620,0.00061360545093751,Pro,base2 dire
2395266,117,109,dire,%40PajkattDota,1,1620733,1621,0.000613984219734385,Pro,base2 dire
2396333,115,107,dire,%40PajkattDota,1,1621800,1622,0.00061436298853126,Pro,base2 dire
2397200,114,105,dire,%40PajkattDota,1,1622667,1623,0.000614741757328135,Pro,base2 dire
2398466,112,102,dire,%40PajkattDota,1,1623933,1624,0.00061512052612501,Pro,base2 dire
2399266,111,100,dire,%40PajkattDota,1,1624733,1625,0.000615499294921885,Pro,base2 dire
2400533,110,97,dire,%40PajkattDota,1,1626000,1626,0.00061587806371876,Pro,base2 dire
2401533,108,95,dire,%40PajkattDota,1,1627000,1627,0.000616256832515635,Pro,base2 dire
2402400,105,95,dire,%40PajkattDota,1,1627867,1628,0.00061663560131251,Pro,base2 dire
2403533,102,94,dire,%40PajkattDota,1,1629000,1629,0.000617014370109385,Pro,base2 dire
2404333,100,92,dire,%40PajkattDota,1,1629800,1630,0.00061739313890626,Pro,base2 dire
2405400,98,90,dire,%40PajkattDota,1,1630867,1631,0.000617771907703135,Pro,base2 dire
2406533,95,89,dire,%40PajkattDota,1,1632000,1632,0.00061815067650001,Pro,base2 dire
2407400,94,87,dire,%40PajkattDota,1,1632867,1633,0.000618529445296885,Pro,midlane dire
2408333,92,85,dire,%40PajkattDota,1,1633800,1634,0.00061890821409376,Pro,midlane dire
2409266,90,84,dire,%40PajkattDota,1,1634733,1635,0.000619286982890635,Pro,midlane dire
2410200,88,82,dire,%40PajkattDota,1,1635667,1636,0.00061966575168751,Pro,midlane dire
2411333,85,83,dire,%40PajkattDota,1,1636800,1637,0.000620044520484385,Pro,midlane dire
2412333,82,84,dire,%40PajkattDota,1,1637800,1638,0.00062042328928126,Pro,midlane dire
2413200,80,85,dire,%40PajkattDota,1,1638667,1639,0.000620802058078135,Pro,midlane dire
2414466,80,87,dire,%40PajkattDota,1,1639933,1640,0.00062118082687501,Pro,void dire
2415466,79,89,dire,%40PajkattDota,1,1640933,1641,0.000621559595671885,Pro,jungle dire
2416466,77,90,dire,%40PajkattDota,1,1641933,1642,0.00062193836446876,Pro,jungle dire
2417200,75,90,dire,%40PajkattDota,1,1642667,1643,0.000622317133265635,Pro,jungle dire
2417200,75,90,dire,%40PajkattDota,1,1642667,1644,0.00062269590206251,Pro,jungle dire
2419266,74,89,dire,%40PajkattDota,1,1644733,1645,0.000623074670859385,Pro,jungle dire
2419266,74,89,dire,%40PajkattDota,1,1644733,1646,0.00062345343965626,Pro,jungle dire
2419266,74,89,dire,%40PajkattDota,1,1644733,1647,0.000623832208453135,Pro,jungle dire
2419266,74,89,dire,%40PajkattDota,1,1644733,1648,0.00062421097725001,Pro,jungle dire
2419266,74,89,dire,%40PajkattDota,1,1644733,1649,0.000624589746046885,Pro,jungle dire
2424400,72,90,dire,%40PajkattDota,1,1649867,1650,0.00062496851484376,Pro,jungle dire
2425466,69,89,dire,%40PajkattDota,1,1650933,1651,0.000625347283640635,Pro,jungle dire
2426533,66,89,dire,%40PajkattDota,1,1652000,1652,0.00062572605243751,Pro,jungle dire
2427533,64,92,dire,%40PajkattDota,1,1653000,1653,0.000626104821234385,Pro,jungle dire
2428466,62,94,dire,%40PajkattDota,1,1653933,1654,0.00062648359003126,Pro,jungle dire
2428466,62,94,dire,%40PajkattDota,1,1653933,1655,0.000626862358828135,Pro,jungle dire
2428466,62,94,dire,%40PajkattDota,1,1653933,1656,0.00062724112762501,Pro,jungle dire
2428466,62,94,dire,%40PajkattDota,1,1653933,1657,0.000627619896421885,Pro,jungle dire
2432000,14,66,dire,%40PajkattDota,1,1657467,1658,0.00062799866521876,Pro,toplane radiant
2432000,14,66,dire,%40PajkattDota,1,1657467,1659,0.000628377434015635,Pro,toplane radiant
2432000,14,66,dire,%40PajkattDota,1,1657467,1660,0.00062875620281251,Pro,toplane radiant
2432000,14,66,dire,%40PajkattDota,1,1657467,1661,0.000629134971609385,Pro,toplane radiant
2432000,14,66,dire,%40PajkattDota,1,1657467,1662,0.00062951374040626,Pro,toplane radiant
2437133,14,65,dire,%40PajkattDota,1,1662600,1663,0.000629892509203135,Pro,toplane radiant
2438333,14,64,dire,%40PajkattDota,1,1663800,1664,0.00063027127800001,Pro,toplane radiant
2438333,14,64,dire,%40PajkattDota,1,1663800,1665,0.000630650046796885,Pro,toplane radiant
2440333,13,63,dire,%40PajkattDota,1,1665800,1666,0.00063102881559376,Pro,toplane radiant
2441400,13,62,dire,%40PajkattDota,1,1666867,1667,0.000631407584390635,Pro,toplane radiant
2442533,14,59,dire,%40PajkattDota,1,1668000,1668,0.00063178635318751,Pro,toplane radiant
2442533,14,59,dire,%40PajkattDota,1,1668000,1669,0.000632165121984385,Pro,toplane radiant
2443600,15,59,dire,%40PajkattDota,1,1669067,1670,0.00063254389078126,Pro,toplane radiant
2443600,15,59,dire,%40PajkattDota,1,1669067,1671,0.000632922659578135,Pro,toplane radiant
2443600,15,59,dire,%40PajkattDota,1,1669067,1672,0.00063330142837501,Pro,toplane radiant
2447200,14,57,dire,%40PajkattDota,1,1672667,1673,0.000633680197171885,Pro,toplane radiant
2448400,13,54,dire,%40PajkattDota,1,1673867,1674,0.00063405896596876,Pro,toplane radiant
2449533,13,51,dire,%40PajkattDota,1,1675000,1675,0.000634437734765635,Pro,toplane radiant
2449866,13,50,dire,%40PajkattDota,1,1675333,1676,0.00063481650356251,Pro,toplane radiant
2449866,13,50,dire,%40PajkattDota,1,1675333,1677,0.000635195272359385,Pro,toplane radiant
2452266,13,48,dire,%40PajkattDota,1,1677733,1678,0.00063557404115626,Pro,toplane radiant
2453400,13,45,dire,%40PajkattDota,1,1678867,1679,0.000635952809953135,Pro,toplane radiant
2453800,13,44,dire,%40PajkattDota,1,1679267,1680,0.00063633157875001,Pro,toplane radiant
2455266,13,45,dire,%40PajkattDota,1,1680733,1681,0.000636710347546885,Pro,toplane radiant
2455666,12,46,dire,%40PajkattDota,1,1681133,1682,0.00063708911634376,Pro,toplane radiant
2457066,12,48,dire,%40PajkattDota,1,1682533,1683,0.000637467885140635,Pro,toplane radiant
2458000,12,47,dire,%40PajkattDota,1,1683467,1684,0.00063784665393751,Pro,toplane radiant
2459333,11,44,dire,%40PajkattDota,1,1684800,1685,0.000638225422734385,Pro,toplane radiant
2460400,11,41,dire,%40PajkattDota,1,1685867,1686,0.00063860419153126,Pro,toplane radiant
2461066,11,39,dire,%40PajkattDota,1,1686533,1687,0.000638982960328135,Pro,toplane radiant
2462266,11,41,dire,%40PajkattDota,1,1687733,1688,0.00063936172912501,Pro,toplane radiant
2463266,11,39,dire,%40PajkattDota,1,1688733,1689,0.000639740497921885,Pro,toplane radiant
2463266,11,39,dire,%40PajkattDota,1,1688733,1690,0.00064011926671876,Pro,toplane radiant
2465333,9,41,dire,%40PajkattDota,1,1690800,1691,0.000640498035515635,Pro,toplane radiant
2466066,10,39,dire,%40PajkattDota,1,1691533,1692,0.00064087680431251,Pro,toplane radiant
2467266,10,41,dire,%40PajkattDota,1,1692733,1693,0.000641255573109385,Pro,toplane radiant
2468000,11,43,dire,%40PajkattDota,1,1693467,1694,0.00064163434190626,Pro,toplane radiant
2469400,12,40,dire,%40PajkattDota,1,1694867,1695,0.000642013110703135,Pro,toplane radiant
2469600,12,39,dire,%40PajkattDota,1,1695067,1696,0.00064239187950001,Pro,toplane radiant
2471066,11,39,dire,%40PajkattDota,1,1696533,1697,0.000642770648296885,Pro,toplane radiant
2472000,12,38,dire,%40PajkattDota,1,1697467,1698,0.00064314941709376,Pro,base1 radiant
2473266,12,41,dire,%40PajkattDota,1,1698733,1699,0.000643528185890635,Pro,toplane radiant
2474533,10,42,dire,%40PajkattDota,1,1700000,1700,0.00064390695468751,Pro,toplane radiant
2475266,10,39,dire,%40PajkattDota,1,1700733,1701,0.000644285723484385,Pro,toplane radiant
2476466,9,41,dire,%40PajkattDota,1,1701933,1702,0.00064466449228126,Pro,toplane radiant
2476800,9,42,dire,%40PajkattDota,1,1702267,1703,0.000645043261078135,Pro,toplane radiant
2478066,8,43,dire,%40PajkattDota,1,1703533,1704,0.00064542202987501,Pro,void radiant
2479466,8,42,dire,%40PajkattDota,1,1704933,1705,0.000645800798671885,Pro,void radiant
2479466,8,42,dire,%40PajkattDota,1,1704933,1706,0.00064617956746876,Pro,void radiant
2481066,7,40,dire,%40PajkattDota,1,1706533,1707,0.000646558336265635,Pro,void radiant
2482333,8,41,dire,%40PajkattDota,1,1707800,1708,0.00064693710506251,Pro,void radiant
2483066,8,43,dire,%40PajkattDota,1,1708533,1709,0.000647315873859385,Pro,void radiant
2483066,8,43,dire,%40PajkattDota,1,1708533,1710,0.00064769464265626,Pro,void radiant
2484800,9,44,dire,%40PajkattDota,1,1710267,1711,0.000648073411453135,Pro,toplane radiant
2484800,9,44,dire,%40PajkattDota,1,1710267,1712,0.00064845218025001,Pro,toplane radiant
2487066,9,43,dire,%40PajkattDota,1,1712533,1713,0.000648830949046885,Pro,toplane radiant
2488466,12,44,dire,%40PajkattDota,1,1713933,1714,0.00064920971784376,Pro,toplane radiant
2489400,13,43,dire,%40PajkattDota,1,1714867,1715,0.000649588486640635,Pro,toplane radiant
2490200,12,44,dire,%40PajkattDota,1,1715667,1716,0.00064996725543751,Pro,toplane radiant
2491466,13,46,dire,%40PajkattDota,1,1716933,1717,0.000650346024234385,Pro,toplane radiant
2492533,16,46,dire,%40PajkattDota,1,1718000,1718,0.00065072479303126,Pro,toplane radiant
2493266,18,47,dire,%40PajkattDota,1,1718733,1719,0.000651103561828135,Pro,jungle radiant
2494200,18,47,dire,%40PajkattDota,1,1719667,1720,0.00065148233062501,Pro,jungle radiant
2495266,16,47,dire,%40PajkattDota,1,1720733,1721,0.000651861099421885,Pro,toplane radiant
2496000,16,46,dire,%40PajkattDota,1,1721467,1722,0.00065223986821876,Pro,toplane radiant
2496000,16,46,dire,%40PajkattDota,1,1721467,1723,0.000652618637015635,Pro,toplane radiant
2496000,16,46,dire,%40PajkattDota,1,1721467,1724,0.00065299740581251,Pro,toplane radiant
2499266,18,46,dire,%40PajkattDota,1,1724733,1725,0.000653376174609385,Pro,jungle radiant
2499600,19,46,dire,%40PajkattDota,1,1725067,1726,0.00065375494340626,Pro,jungle radiant
2499600,19,46,dire,%40PajkattDota,1,1725067,1727,0.000654133712203135,Pro,jungle radiant
2499600,19,46,dire,%40PajkattDota,1,1725067,1728,0.00065451248100001,Pro,jungle radiant
2503533,85,55,dire,%40PajkattDota,1,1729000,1729,0.000654891249796885,Pro,pit dire
2503533,85,55,dire,%40PajkattDota,1,1729000,1730,0.00065527001859376,Pro,pit dire
2503533,85,55,dire,%40PajkattDota,1,1729000,1731,0.000655648787390635,Pro,pit dire
2503533,85,55,dire,%40PajkattDota,1,1729000,1732,0.00065602755618751,Pro,pit dire
2503533,85,55,dire,%40PajkattDota,1,1729000,1733,0.000656406324984385,Pro,pit dire
2503533,85,55,dire,%40PajkattDota,1,1729000,1734,0.00065678509378126,Pro,pit dire
2503533,85,55,dire,%40PajkattDota,1,1729000,1735,0.000657163862578135,Pro,pit dire
2503533,85,55,dire,%40PajkattDota,1,1729000,1736,0.00065754263137501,Pro,pit dire
2503533,85,55,dire,%40PajkattDota,1,1729000,1737,0.000657921400171885,Pro,pit dire
2503533,85,55,dire,%40PajkattDota,1,1729000,1738,0.00065830016896876,Pro,pit dire
2503533,85,55,dire,%40PajkattDota,1,1729000,1739,0.000658678937765635,Pro,pit dire
2503533,85,55,dire,%40PajkattDota,1,1729000,1740,0.00065905770656251,Pro,pit dire
2503533,85,55,dire,%40PajkattDota,1,1729000,1741,0.000659436475359385,Pro,pit dire
2503533,85,55,dire,%40PajkattDota,1,1729000,1742,0.00065981524415626,Pro,pit dire
2503533,85,55,dire,%40PajkattDota,1,1729000,1743,0.000660194012953135,Pro,pit dire
2503533,85,55,dire,%40PajkattDota,1,1729000,1744,0.00066057278175001,Pro,pit dire
2503533,85,55,dire,%40PajkattDota,1,1729000,1745,0.000660951550546885,Pro,pit dire
2520133,85,55,dire,%40PajkattDota,1,1745600,1746,0.00066133031934376,Pro,pit dire
2520133,85,55,dire,%40PajkattDota,1,1745600,1747,0.000661709088140635,Pro,pit dire
2520133,85,55,dire,%40PajkattDota,1,1745600,1748,0.00066208785693751,Pro,pit dire
2520133,85,55,dire,%40PajkattDota,1,1745600,1749,0.000662466625734385,Pro,pit dire
2520133,85,55,dire,%40PajkattDota,1,1745600,1750,0.00066284539453126,Pro,pit dire
2520133,85,55,dire,%40PajkattDota,1,1745600,1751,0.000663224163328135,Pro,pit dire
2520133,85,55,dire,%40PajkattDota,1,1745600,1752,0.00066360293212501,Pro,pit dire
2520133,85,55,dire,%40PajkattDota,1,1745600,1753,0.000663981700921885,Pro,pit dire
2520133,85,55,dire,%40PajkattDota,1,1745600,1754,0.00066436046971876,Pro,pit dire
2529533,88,53,dire,%40PajkattDota,1,1755000,1755,0.000664739238515635,Pro,void dire
2530466,90,50,dire,%40PajkattDota,1,1755933,1756,0.00066511800731251,Pro,jungle dire
2531533,93,49,dire,%40PajkattDota,1,1757000,1757,0.000665496776109385,Pro,jungle dire
2532266,95,48,dire,%40PajkattDota,1,1757733,1758,0.00066587554490626,Pro,jungle dire
2533200,96,46,dire,%40PajkattDota,1,1758667,1759,0.000666254313703135,Pro,jungle dire
2533200,96,46,dire,%40PajkattDota,1,1758667,1760,0.00066663308250001,Pro,jungle dire
2535400,96,49,dire,%40PajkattDota,1,1760867,1761,0.000667011851296885,Pro,jungle dire
2535733,96,50,dire,%40PajkattDota,1,1761200,1762,0.00066739062009376,Pro,jungle dire
2536666,97,51,dire,%40PajkattDota,1,1762133,1763,0.000667769388890635,Pro,jungle dire
2536666,97,51,dire,%40PajkattDota,1,1762133,1764,0.00066814815768751,Pro,jungle dire
2536666,97,51,dire,%40PajkattDota,1,1762133,1765,0.000668526926484385,Pro,jungle dire
2536666,97,51,dire,%40PajkattDota,1,1762133,1766,0.00066890569528126,Pro,jungle dire
2541466,97,50,dire,%40PajkattDota,1,1766933,1767,0.000669284464078135,Pro,jungle dire
2541866,97,49,dire,%40PajkattDota,1,1767333,1768,0.00066966323287501,Pro,jungle dire
2541866,97,49,dire,%40PajkattDota,1,1767333,1769,0.000670042001671885,Pro,jungle dire
2541866,97,49,dire,%40PajkattDota,1,1767333,1770,0.00067042077046876,Pro,jungle dire
2541866,97,49,dire,%40PajkattDota,1,1767333,1771,0.000670799539265635,Pro,jungle dire
2541866,97,49,dire,%40PajkattDota,1,1767333,1772,0.000671178308062511,Pro,jungle dire
2541866,97,49,dire,%40PajkattDota,1,1767333,1773,0.000671557076859386,Pro,jungle dire
2548466,100,6,dire,%40PajkattDota,1,1773933,1774,0.000671935845656261,Pro,void radiant
2548466,100,6,dire,%40PajkattDota,1,1773933,1775,0.000672314614453136,Pro,void radiant
2550533,101,8,dire,%40PajkattDota,1,1776000,1776,0.000672693383250011,Pro,void radiant
2550600,102,8,dire,%40PajkattDota,1,1776067,1777,0.000673072152046886,Pro,void radiant
2550600,102,8,dire,%40PajkattDota,1,1776067,1778,0.000673450920843761,Pro,void radiant
2552933,101,9,dire,%40PajkattDota,1,1778400,1779,0.000673829689640636,Pro,void radiant
2554333,102,10,dire,%40PajkattDota,1,1779800,1780,0.000674208458437511,Pro,bottomlane radiant
2555533,105,11,dire,%40PajkattDota,1,1781000,1781,0.000674587227234386,Pro,bottomlane radiant
2556266,107,11,dire,%40PajkattDota,1,1781733,1782,0.000674965996031261,Pro,bottomlane radiant
2557466,107,12,dire,%40PajkattDota,1,1782933,1783,0.000675344764828136,Pro,bottomlane radiant
2558533,105,12,dire,%40PajkattDota,1,1784000,1784,0.000675723533625011,Pro,bottomlane radiant
2559533,103,12,dire,%40PajkattDota,1,1785000,1785,0.000676102302421886,Pro,bottomlane radiant
2559533,103,12,dire,%40PajkattDota,1,1785000,1786,0.000676481071218761,Pro,bottomlane radiant
2561533,100,12,dire,%40PajkattDota,1,1787000,1787,0.000676859840015636,Pro,bottomlane radiant
2562200,98,12,dire,%40PajkattDota,1,1787667,1788,0.000677238608812511,Pro,bottomlane radiant
2562200,98,12,dire,%40PajkattDota,1,1787667,1789,0.000677617377609386,Pro,bottomlane radiant
2564400,96,12,dire,%40PajkattDota,1,1789867,1790,0.000677996146406261,Pro,bottomlane radiant
2565533,93,12,dire,%40PajkattDota,1,1791000,1791,0.000678374915203136,Pro,bottomlane radiant
2566266,91,12,dire,%40PajkattDota,1,1791733,1792,0.000678753684000011,Pro,bottomlane radiant
2567400,88,12,dire,%40PajkattDota,1,1792867,1793,0.000679132452796886,Pro,bottomlane radiant
2567733,87,12,dire,%40PajkattDota,1,1793200,1794,0.000679511221593761,Pro,bottomlane radiant
2569200,85,12,dire,%40PajkattDota,1,1794667,1795,0.000679889990390636,Pro,bottomlane radiant
2570333,82,12,dire,%40PajkattDota,1,1795800,1796,0.000680268759187511,Pro,bottomlane radiant
2571400,79,12,dire,%40PajkattDota,1,1796867,1797,0.000680647527984386,Pro,bottomlane radiant
2572533,76,12,dire,%40PajkattDota,1,1798000,1798,0.000681026296781261,Pro,bottomlane radiant
2573466,75,13,dire,%40PajkattDota,1,1798933,1799,0.000681405065578136,Pro,bottomlane radiant
2574333,72,13,dire,%40PajkattDota,1,1799800,1800,0.000681783834375011,Pro,bottomlane radiant
2575400,70,13,dire,%40PajkattDota,1,1800867,1801,0.000682162603171886,Pro,bottomlane radiant
2576533,67,13,dire,%40PajkattDota,1,1802000,1802,0.000682541371968761,Pro,bottomlane radiant
2577533,65,12,dire,%40PajkattDota,1,1803000,1803,0.000682920140765636,Pro,bottomlane radiant
2577866,64,12,dire,%40PajkattDota,1,1803333,1804,0.000683298909562511,Pro,bottomlane radiant
2579333,62,12,dire,%40PajkattDota,1,1804800,1805,0.000683677678359386,Pro,bottomlane radiant
2580466,59,12,dire,%40PajkattDota,1,1805933,1806,0.000684056447156261,Pro,bottomlane radiant
2581533,56,12,dire,%40PajkattDota,1,1807000,1807,0.000684435215953136,Pro,bottomlane radiant
2582466,54,12,dire,%40PajkattDota,1,1807933,1808,0.000684813984750011,Pro,bottomlane radiant
2583200,52,12,dire,%40PajkattDota,1,1808667,1809,0.000685192753546886,Pro,bottomlane radiant
2584333,49,12,dire,%40PajkattDota,1,1809800,1810,0.000685571522343761,Pro,bottomlane radiant
2584666,48,12,dire,%40PajkattDota,1,1810133,1811,0.000685950291140636,Pro,bottomlane radiant
2584666,48,12,dire,%40PajkattDota,1,1810133,1812,0.000686329059937511,Pro,bottomlane radiant
2587533,45,11,dire,%40PajkattDota,1,1813000,1813,0.000686707828734386,Pro,bottomlane radiant
2587533,45,11,dire,%40PajkattDota,1,1813000,1814,0.000687086597531261,Pro,bottomlane radiant
2587533,45,11,dire,%40PajkattDota,1,1813000,1815,0.000687465366328136,Pro,bottomlane radiant
2589933,44,11,dire,%40PajkattDota,1,1815400,1816,0.000687844135125011,Pro,bottomlane radiant
2590600,43,11,dire,%40PajkattDota,1,1816067,1817,0.000688222903921886,Pro,bottomlane radiant
2592333,43,10,dire,%40PajkattDota,1,1817800,1818,0.000688601672718761,Pro,bottomlane radiant
2592733,42,11,dire,%40PajkattDota,1,1818200,1819,0.000688980441515636,Pro,bottomlane radiant
2592733,42,11,dire,%40PajkattDota,1,1818200,1820,0.000689359210312511,Pro,bottomlane radiant
2592733,42,11,dire,%40PajkattDota,1,1818200,1821,0.000689737979109386,Pro,bottomlane radiant
2592733,42,11,dire,%40PajkattDota,1,1818200,1822,0.000690116747906261,Pro,bottomlane radiant
2596733,43,10,dire,%40PajkattDota,1,1822200,1823,0.000690495516703136,Pro,bottomlane radiant
2596733,43,10,dire,%40PajkattDota,1,1822200,1824,0.000690874285500011,Pro,bottomlane radiant
2596733,43,10,dire,%40PajkattDota,1,1822200,1825,0.000691253054296886,Pro,bottomlane radiant
2600466,45,10,dire,%40PajkattDota,1,1825933,1826,0.000691631823093761,Pro,bottomlane radiant
2601200,47,10,dire,%40PajkattDota,1,1826667,1827,0.000692010591890636,Pro,bottomlane radiant
2602466,46,10,dire,%40PajkattDota,1,1827933,1828,0.000692389360687511,Pro,bottomlane radiant
2603466,45,10,dire,%40PajkattDota,1,1828933,1829,0.000692768129484386,Pro,bottomlane radiant
2604466,44,10,dire,%40PajkattDota,1,1829933,1830,0.000693146898281261,Pro,bottomlane radiant
2605533,43,11,dire,%40PajkattDota,1,1831000,1831,0.000693525667078136,Pro,bottomlane radiant
2605533,43,11,dire,%40PajkattDota,1,1831000,1832,0.000693904435875011,Pro,bottomlane radiant
2607533,42,14,dire,%40PajkattDota,1,1833000,1833,0.000694283204671886,Pro,bottomlane radiant
2607933,41,14,dire,%40PajkattDota,1,1833400,1834,0.000694661973468761,Pro,bottomlane radiant
2607933,41,14,dire,%40PajkattDota,1,1833400,1835,0.000695040742265636,Pro,bottomlane radiant
2610533,38,13,dire,%40PajkattDota,1,1836000,1836,0.000695419511062511,Pro,bottomlane radiant
2611533,35,13,dire,%40PajkattDota,1,1837000,1837,0.000695798279859386,Pro,base1 radiant
2611866,34,12,dire,%40PajkattDota,1,1837333,1838,0.000696177048656261,Pro,base1 radiant
2611866,34,12,dire,%40PajkattDota,1,1837333,1839,0.000696555817453136,Pro,base1 radiant
2611866,34,12,dire,%40PajkattDota,1,1837333,1840,0.000696934586250011,Pro,base1 radiant
2611866,34,12,dire,%40PajkattDota,1,1837333,1841,0.000697313355046886,Pro,base1 radiant
2611866,34,12,dire,%40PajkattDota,1,1837333,1842,0.000697692123843761,Pro,base1 radiant
2611866,34,12,dire,%40PajkattDota,1,1837333,1843,0.000698070892640636,Pro,base1 radiant
2611866,34,12,dire,%40PajkattDota,1,1837333,1844,0.000698449661437511,Pro,base1 radiant
2611866,34,12,dire,%40PajkattDota,1,1837333,1845,0.000698828430234386,Pro,base1 radiant
2620466,16,10,dire,%40PajkattDota,1,1845933,1846,0.000699207199031261,Pro,base1 radiant
2621400,15,11,dire,%40PajkattDota,1,1846867,1847,0.000699585967828136,Pro,base1 radiant
2621400,15,11,dire,%40PajkattDota,1,1846867,1848,0.000699964736625011,Pro,base1 radiant
2621400,15,11,dire,%40PajkattDota,1,1846867,1849,0.000700343505421886,Pro,base1 radiant
2624333,12,11,dire,%40PajkattDota,1,1849800,1850,0.000700722274218761,Pro,base1 radiant
2625533,10,10,dire,%40PajkattDota,1,1851000,1851,0.000701101043015636,Pro,base1 radiant
2626000,9,9,dire,%40PajkattDota,1,1851467,1852,0.000701479811812511,Pro,base1 radiant
2626000,9,9,dire,%40PajkattDota,1,1851467,1853,0.000701858580609386,Pro,base1 radiant
2626000,9,9,dire,%40PajkattDota,1,1851467,1854,0.000702237349406261,Pro,base1 radiant
2626000,9,9,dire,%40PajkattDota,1,1851467,1855,0.000702616118203136,Pro,base1 radiant
2626000,9,9,dire,%40PajkattDota,1,1851467,1856,0.000702994887000011,Pro,base1 radiant
2626000,9,9,dire,%40PajkattDota,1,1851467,1857,0.000703373655796886,Pro,base1 radiant
2626000,9,9,dire,%40PajkattDota,1,1851467,1858,0.000703752424593761,Pro,base1 radiant
2626000,9,9,dire,%40PajkattDota,1,1851467,1859,0.000704131193390636,Pro,base1 radiant
2626000,9,9,dire,%40PajkattDota,1,1851467,1860,0.000704509962187511,Pro,base1 radiant
2626000,9,9,dire,%40PajkattDota,1,1851467,1861,0.000704888730984386,Pro,base1 radiant
2626000,9,9,dire,%40PajkattDota,1,1851467,1862,0.000705267499781261,Pro,base1 radiant
2626000,9,9,dire,%40PajkattDota,1,1851467,1863,0.000705646268578136,Pro,base1 radiant
2626000,9,9,dire,%40PajkattDota,1,1851467,1864,0.000706025037375011,Pro,base1 radiant
2626000,9,9,dire,%40PajkattDota,1,1851467,1865,0.000706403806171886,Pro,base1 radiant
2640133,9,9,dire,%40PajkattDota,1,1865600,1866,0.000706782574968761,Pro,base1 radiant
774533,11,9,radiant,%5BHyper%5D%20Liquid%60qojqva,0,0,0,0,Pro,base1 radiant
775200,12,10,radiant,%5BHyper%5D%20Liquid%60qojqva,0,667,1,3.78768796875006e-07,Pro,base1 radiant
775200,12,10,radiant,%5BHyper%5D%20Liquid%60qojqva,0,667,2,7.57537593750012e-07,Pro,base1 radiant
775200,12,10,radiant,%5BHyper%5D%20Liquid%60qojqva,0,667,3,1.13630639062502e-06,Pro,base1 radiant
778400,13,11,radiant,%5BHyper%5D%20Liquid%60qojqva,0,3867,4,1.51507518750002e-06,Pro,base1 radiant
779400,15,12,radiant,%5BHyper%5D%20Liquid%60qojqva,0,4867,5,1.89384398437503e-06,Pro,base1 radiant
780333,17,12,radiant,%5BHyper%5D%20Liquid%60qojqva,0,5800,6,2.27261278125004e-06,Pro,base1 radiant
781266,19,13,radiant,%5BHyper%5D%20Liquid%60qojqva,0,6733,7,2.65138157812504e-06,Pro,base1 radiant
782533,22,13,radiant,%5BHyper%5D%20Liquid%60qojqva,0,8000,8,3.03015037500005e-06,Pro,base1 radiant
783466,24,13,radiant,%5BHyper%5D%20Liquid%60qojqva,0,8933,9,3.40891917187505e-06,Pro,base1 radiant
784333,26,12,radiant,%5BHyper%5D%20Liquid%60qojqva,0,9800,10,3.78768796875006e-06,Pro,base1 radiant
785200,28,12,radiant,%5BHyper%5D%20Liquid%60qojqva,0,10667,11,4.16645676562507e-06,Pro,base1 radiant
786533,31,12,radiant,%5BHyper%5D%20Liquid%60qojqva,0,12000,12,4.54522556250007e-06,Pro,base1 radiant
787466,33,13,radiant,%5BHyper%5D%20Liquid%60qojqva,0,12933,13,4.92399435937508e-06,Pro,base1 radiant
788400,35,13,radiant,%5BHyper%5D%20Liquid%60qojqva,0,13867,14,5.30276315625008e-06,Pro,base1 radiant
789266,34,15,radiant,%5BHyper%5D%20Liquid%60qojqva,0,14733,15,5.68153195312509e-06,Pro,base1 radiant
790133,34,17,radiant,%5BHyper%5D%20Liquid%60qojqva,0,15600,16,6.06030075000009e-06,Pro,base1 radiant
791533,33,20,radiant,%5BHyper%5D%20Liquid%60qojqva,0,17000,17,6.4390695468751e-06,Pro,base1 radiant
792533,32,22,radiant,%5BHyper%5D%20Liquid%60qojqva,0,18000,18,6.81783834375011e-06,Pro,base1 radiant
793533,31,24,radiant,%5BHyper%5D%20Liquid%60qojqva,0,19000,19,7.19660714062511e-06,Pro,base1 radiant
794066,30,25,radiant,%5BHyper%5D%20Liquid%60qojqva,0,19533,20,7.57537593750012e-06,Pro,base1 radiant
795533,29,28,radiant,%5BHyper%5D%20Liquid%60qojqva,0,21000,21,7.95414473437513e-06,Pro,base1 radiant
796533,27,29,radiant,%5BHyper%5D%20Liquid%60qojqva,0,22000,22,8.33291353125013e-06,Pro,base1 radiant
796533,27,29,radiant,%5BHyper%5D%20Liquid%60qojqva,0,22000,23,8.71168232812514e-06,Pro,base1 radiant
796533,27,29,radiant,%5BHyper%5D%20Liquid%60qojqva,0,22000,24,9.09045112500014e-06,Pro,base1 radiant
796533,27,29,radiant,%5BHyper%5D%20Liquid%60qojqva,0,22000,25,9.46921992187515e-06,Pro,base1 radiant
796533,27,29,radiant,%5BHyper%5D%20Liquid%60qojqva,0,22000,26,9.84798871875015e-06,Pro,base1 radiant
796533,27,29,radiant,%5BHyper%5D%20Liquid%60qojqva,0,22000,27,1.02267575156252e-05,Pro,base1 radiant
796533,27,29,radiant,%5BHyper%5D%20Liquid%60qojqva,0,22000,28,1.06055263125002e-05,Pro,base1 radiant
796533,27,29,radiant,%5BHyper%5D%20Liquid%60qojqva,0,22000,29,1.09842951093752e-05,Pro,base1 radiant
796533,27,29,radiant,%5BHyper%5D%20Liquid%60qojqva,0,22000,30,1.13630639062502e-05,Pro,base1 radiant
796533,27,29,radiant,%5BHyper%5D%20Liquid%60qojqva,0,22000,31,1.17418327031252e-05,Pro,base1 radiant
796533,27,29,radiant,%5BHyper%5D%20Liquid%60qojqva,0,22000,32,1.21206015000002e-05,Pro,base1 radiant
796533,27,29,radiant,%5BHyper%5D%20Liquid%60qojqva,0,22000,33,1.24993702968752e-05,Pro,base1 radiant
796533,27,29,radiant,%5BHyper%5D%20Liquid%60qojqva,0,22000,34,1.28781390937502e-05,Pro,base1 radiant
796533,27,29,radiant,%5BHyper%5D%20Liquid%60qojqva,0,22000,35,1.32569078906252e-05,Pro,base1 radiant
796533,27,29,radiant,%5BHyper%5D%20Liquid%60qojqva,0,22000,36,1.36356766875002e-05,Pro,base1 radiant
796533,27,29,radiant,%5BHyper%5D%20Liquid%60qojqva,0,22000,37,1.40144454843752e-05,Pro,base1 radiant
796533,27,29,radiant,%5BHyper%5D%20Liquid%60qojqva,0,22000,38,1.43932142812502e-05,Pro,base1 radiant
796533,27,29,radiant,%5BHyper%5D%20Liquid%60qojqva,0,22000,39,1.47719830781252e-05,Pro,base1 radiant
814266,26,27,radiant,%5BHyper%5D%20Liquid%60qojqva,0,39733,40,1.51507518750002e-05,Pro,base1 radiant
815533,24,25,radiant,%5BHyper%5D%20Liquid%60qojqva,0,41000,41,1.55295206718752e-05,Pro,base1 radiant
816400,22,25,radiant,%5BHyper%5D%20Liquid%60qojqva,0,41867,42,1.59082894687503e-05,Pro,base1 radiant
817400,23,25,radiant,%5BHyper%5D%20Liquid%60qojqva,0,42867,43,1.62870582656253e-05,Pro,base1 radiant
818400,25,26,radiant,%5BHyper%5D%20Liquid%60qojqva,0,43867,44,1.66658270625003e-05,Pro,base1 radiant
819533,26,28,radiant,%5BHyper%5D%20Liquid%60qojqva,0,45000,45,1.70445958593753e-05,Pro,base1 radiant
819533,26,28,radiant,%5BHyper%5D%20Liquid%60qojqva,0,45000,46,1.74233646562503e-05,Pro,base1 radiant
819533,26,28,radiant,%5BHyper%5D%20Liquid%60qojqva,0,45000,47,1.78021334531253e-05,Pro,base1 radiant
819533,26,28,radiant,%5BHyper%5D%20Liquid%60qojqva,0,45000,48,1.81809022500003e-05,Pro,base1 radiant
819533,26,28,radiant,%5BHyper%5D%20Liquid%60qojqva,0,45000,49,1.85596710468753e-05,Pro,base1 radiant
819533,26,28,radiant,%5BHyper%5D%20Liquid%60qojqva,0,45000,50,1.89384398437503e-05,Pro,base1 radiant
819533,26,28,radiant,%5BHyper%5D%20Liquid%60qojqva,0,45000,51,1.93172086406253e-05,Pro,base1 radiant
819533,26,28,radiant,%5BHyper%5D%20Liquid%60qojqva,0,45000,52,1.96959774375003e-05,Pro,base1 radiant
819533,26,28,radiant,%5BHyper%5D%20Liquid%60qojqva,0,45000,53,2.00747462343753e-05,Pro,base1 radiant
819533,26,28,radiant,%5BHyper%5D%20Liquid%60qojqva,0,45000,54,2.04535150312503e-05,Pro,base1 radiant
819533,26,28,radiant,%5BHyper%5D%20Liquid%60qojqva,0,45000,55,2.08322838281253e-05,Pro,base1 radiant
819533,26,28,radiant,%5BHyper%5D%20Liquid%60qojqva,0,45000,56,2.12110526250003e-05,Pro,base1 radiant
819533,26,28,radiant,%5BHyper%5D%20Liquid%60qojqva,0,45000,57,2.15898214218753e-05,Pro,base1 radiant
819533,26,28,radiant,%5BHyper%5D%20Liquid%60qojqva,0,45000,58,2.19685902187503e-05,Pro,base1 radiant
819533,26,28,radiant,%5BHyper%5D%20Liquid%60qojqva,0,45000,59,2.23473590156253e-05,Pro,base1 radiant
819533,26,28,radiant,%5BHyper%5D%20Liquid%60qojqva,0,45000,60,2.27261278125004e-05,Pro,base1 radiant
819533,26,28,radiant,%5BHyper%5D%20Liquid%60qojqva,0,45000,61,2.31048966093754e-05,Pro,base1 radiant
819533,26,28,radiant,%5BHyper%5D%20Liquid%60qojqva,0,45000,62,2.34836654062504e-05,Pro,base1 radiant
819533,26,28,radiant,%5BHyper%5D%20Liquid%60qojqva,0,45000,63,2.38624342031254e-05,Pro,base1 radiant
819533,26,28,radiant,%5BHyper%5D%20Liquid%60qojqva,0,45000,64,2.42412030000004e-05,Pro,base1 radiant
819533,26,28,radiant,%5BHyper%5D%20Liquid%60qojqva,0,45000,65,2.46199717968754e-05,Pro,base1 radiant
840066,26,28,radiant,%5BHyper%5D%20Liquid%60qojqva,0,65533,66,2.49987405937504e-05,Pro,base1 radiant
840066,26,28,radiant,%5BHyper%5D%20Liquid%60qojqva,0,65533,67,2.53775093906254e-05,Pro,base1 radiant
840066,26,28,radiant,%5BHyper%5D%20Liquid%60qojqva,0,65533,68,2.57562781875004e-05,Pro,base1 radiant
840066,26,28,radiant,%5BHyper%5D%20Liquid%60qojqva,0,65533,69,2.61350469843754e-05,Pro,base1 radiant
840066,26,28,radiant,%5BHyper%5D%20Liquid%60qojqva,0,65533,70,2.65138157812504e-05,Pro,base1 radiant
840066,26,28,radiant,%5BHyper%5D%20Liquid%60qojqva,0,65533,71,2.68925845781254e-05,Pro,base1 radiant
840066,26,28,radiant,%5BHyper%5D%20Liquid%60qojqva,0,65533,72,2.72713533750004e-05,Pro,base1 radiant
840066,26,28,radiant,%5BHyper%5D%20Liquid%60qojqva,0,65533,73,2.76501221718754e-05,Pro,base1 radiant
840066,26,28,radiant,%5BHyper%5D%20Liquid%60qojqva,0,65533,74,2.80288909687504e-05,Pro,base1 radiant
840066,26,28,radiant,%5BHyper%5D%20Liquid%60qojqva,0,65533,75,2.84076597656254e-05,Pro,base1 radiant
840066,26,28,radiant,%5BHyper%5D%20Liquid%60qojqva,0,65533,76,2.87864285625005e-05,Pro,base1 radiant
840066,26,28,radiant,%5BHyper%5D%20Liquid%60qojqva,0,65533,77,2.91651973593755e-05,Pro,base1 radiant
840066,26,28,radiant,%5BHyper%5D%20Liquid%60qojqva,0,65533,78,2.95439661562505e-05,Pro,base1 radiant
853400,27,29,radiant,%5BHyper%5D%20Liquid%60qojqva,0,78867,79,2.99227349531255e-05,Pro,base1 radiant
854266,29,29,radiant,%5BHyper%5D%20Liquid%60qojqva,0,79733,80,3.03015037500005e-05,Pro,base1 radiant
855400,31,30,radiant,%5BHyper%5D%20Liquid%60qojqva,0,80867,81,3.06802725468755e-05,Pro,midlane radiant
856066,32,31,radiant,%5BHyper%5D%20Liquid%60qojqva,0,81533,82,3.10590413437505e-05,Pro,midlane radiant
857400,34,33,radiant,%5BHyper%5D%20Liquid%60qojqva,0,82867,83,3.14378101406255e-05,Pro,midlane radiant
858466,36,34,radiant,%5BHyper%5D%20Liquid%60qojqva,0,83933,84,3.18165789375005e-05,Pro,midlane radiant
859333,37,36,radiant,%5BHyper%5D%20Liquid%60qojqva,0,84800,85,3.21953477343755e-05,Pro,midlane radiant
860000,38,37,radiant,%5BHyper%5D%20Liquid%60qojqva,0,85467,86,3.25741165312505e-05,Pro,midlane radiant
861466,40,38,radiant,%5BHyper%5D%20Liquid%60qojqva,0,86933,87,3.29528853281255e-05,Pro,midlane radiant
862266,41,40,radiant,%5BHyper%5D%20Liquid%60qojqva,0,87733,88,3.33316541250005e-05,Pro,midlane radiant
863400,43,41,radiant,%5BHyper%5D%20Liquid%60qojqva,0,88867,89,3.37104229218755e-05,Pro,midlane radiant
864066,44,42,radiant,%5BHyper%5D%20Liquid%60qojqva,0,89533,90,3.40891917187505e-05,Pro,midlane radiant
865133,45,44,radiant,%5BHyper%5D%20Liquid%60qojqva,0,90600,91,3.44679605156255e-05,Pro,midlane radiant
866400,47,45,radiant,%5BHyper%5D%20Liquid%60qojqva,0,91867,92,3.48467293125005e-05,Pro,midlane radiant
867400,48,46,radiant,%5BHyper%5D%20Liquid%60qojqva,0,92867,93,3.52254981093756e-05,Pro,midlane radiant
868466,49,46,radiant,%5BHyper%5D%20Liquid%60qojqva,0,93933,94,3.56042669062506e-05,Pro,midlane radiant
869533,50,44,radiant,%5BHyper%5D%20Liquid%60qojqva,0,95000,95,3.59830357031256e-05,Pro,midlane radiant
870466,51,42,radiant,%5BHyper%5D%20Liquid%60qojqva,0,95933,96,3.63618045000006e-05,Pro,midlane radiant
871533,52,40,radiant,%5BHyper%5D%20Liquid%60qojqva,0,97000,97,3.67405732968756e-05,Pro,jungle radiant
872400,52,38,radiant,%5BHyper%5D%20Liquid%60qojqva,0,97867,98,3.71193420937506e-05,Pro,jungle radiant
873266,52,36,radiant,%5BHyper%5D%20Liquid%60qojqva,0,98733,99,3.74981108906256e-05,Pro,jungle radiant
873733,52,35,radiant,%5BHyper%5D%20Liquid%60qojqva,0,99200,100,3.78768796875006e-05,Pro,jungle radiant
873733,52,35,radiant,%5BHyper%5D%20Liquid%60qojqva,0,99200,101,3.82556484843756e-05,Pro,jungle radiant
873733,52,35,radiant,%5BHyper%5D%20Liquid%60qojqva,0,99200,102,3.86344172812506e-05,Pro,jungle radiant
873733,52,35,radiant,%5BHyper%5D%20Liquid%60qojqva,0,99200,103,3.90131860781256e-05,Pro,jungle radiant
873733,52,35,radiant,%5BHyper%5D%20Liquid%60qojqva,0,99200,104,3.93919548750006e-05,Pro,jungle radiant
873733,52,35,radiant,%5BHyper%5D%20Liquid%60qojqva,0,99200,105,3.97707236718756e-05,Pro,jungle radiant
879933,53,35,radiant,%5BHyper%5D%20Liquid%60qojqva,0,105400,106,4.01494924687506e-05,Pro,jungle radiant
879933,53,35,radiant,%5BHyper%5D%20Liquid%60qojqva,0,105400,107,4.05282612656256e-05,Pro,jungle radiant
879933,53,35,radiant,%5BHyper%5D%20Liquid%60qojqva,0,105400,108,4.09070300625006e-05,Pro,jungle radiant
883300,53,34,radiant,%5BHyper%5D%20Liquid%60qojqva,0,108767,109,4.12857988593756e-05,Pro,jungle radiant
884366,54,32,radiant,%5BHyper%5D%20Liquid%60qojqva,0,109833,110,4.16645676562507e-05,Pro,jungle radiant
885433,55,30,radiant,%5BHyper%5D%20Liquid%60qojqva,0,110900,111,4.20433364531257e-05,Pro,jungle radiant
885633,55,29,radiant,%5BHyper%5D%20Liquid%60qojqva,0,111100,112,4.24221052500007e-05,Pro,jungle radiant
885633,55,29,radiant,%5BHyper%5D%20Liquid%60qojqva,0,111100,113,4.28008740468757e-05,Pro,jungle radiant
885633,55,29,radiant,%5BHyper%5D%20Liquid%60qojqva,0,111100,114,4.31796428437507e-05,Pro,jungle radiant
889300,54,30,radiant,%5BHyper%5D%20Liquid%60qojqva,0,114767,115,4.35584116406257e-05,Pro,jungle radiant
890500,54,30,radiant,%5BHyper%5D%20Liquid%60qojqva,0,115967,116,4.39371804375007e-05,Pro,jungle radiant
890500,54,30,radiant,%5BHyper%5D%20Liquid%60qojqva,0,115967,117,4.43159492343757e-05,Pro,jungle radiant
892233,54,31,radiant,%5BHyper%5D%20Liquid%60qojqva,0,117700,118,4.46947180312507e-05,Pro,jungle radiant
893100,54,33,radiant,%5BHyper%5D%20Liquid%60qojqva,0,118567,119,4.50734868281257e-05,Pro,jungle radiant
894433,54,36,radiant,%5BHyper%5D%20Liquid%60qojqva,0,119900,120,4.54522556250007e-05,Pro,jungle radiant
895300,54,38,radiant,%5BHyper%5D%20Liquid%60qojqva,0,120767,121,4.58310244218757e-05,Pro,jungle radiant
896233,54,40,radiant,%5BHyper%5D%20Liquid%60qojqva,0,121700,122,4.62097932187507e-05,Pro,jungle radiant
897100,54,42,radiant,%5BHyper%5D%20Liquid%60qojqva,0,122567,123,4.65885620156257e-05,Pro,jungle radiant
898033,54,44,radiant,%5BHyper%5D%20Liquid%60qojqva,0,123500,124,4.69673308125007e-05,Pro,midlane radiant
899100,54,46,radiant,%5BHyper%5D%20Liquid%60qojqva,0,124567,125,4.73460996093757e-05,Pro,midlane radiant
900100,54,48,radiant,%5BHyper%5D%20Liquid%60qojqva,0,125567,126,4.77248684062507e-05,Pro,midlane radiant
901300,55,50,radiant,%5BHyper%5D%20Liquid%60qojqva,0,126767,127,4.81036372031258e-05,Pro,midlane radiant
902233,55,52,radiant,%5BHyper%5D%20Liquid%60qojqva,0,127700,128,4.84824060000008e-05,Pro,midlane radiant
903233,56,54,radiant,%5BHyper%5D%20Liquid%60qojqva,0,128700,129,4.88611747968758e-05,Pro,midlane radiant
903833,57,55,radiant,%5BHyper%5D%20Liquid%60qojqva,0,129300,130,4.92399435937508e-05,Pro,midlane radiant
903833,57,55,radiant,%5BHyper%5D%20Liquid%60qojqva,0,129300,131,4.96187123906258e-05,Pro,midlane radiant
906166,56,55,radiant,%5BHyper%5D%20Liquid%60qojqva,0,131633,132,4.99974811875008e-05,Pro,midlane radiant
907500,57,56,radiant,%5BHyper%5D%20Liquid%60qojqva,0,132967,133,5.03762499843758e-05,Pro,midlane radiant
907833,57,55,radiant,%5BHyper%5D%20Liquid%60qojqva,0,133300,134,5.07550187812508e-05,Pro,midlane radiant
907833,57,55,radiant,%5BHyper%5D%20Liquid%60qojqva,0,133300,135,5.11337875781258e-05,Pro,midlane radiant
907833,57,55,radiant,%5BHyper%5D%20Liquid%60qojqva,0,133300,136,5.15125563750008e-05,Pro,midlane radiant
911366,57,56,radiant,%5BHyper%5D%20Liquid%60qojqva,0,136833,137,5.18913251718758e-05,Pro,midlane radiant
911833,57,55,radiant,%5BHyper%5D%20Liquid%60qojqva,0,137300,138,5.22700939687508e-05,Pro,midlane radiant
911833,57,55,radiant,%5BHyper%5D%20Liquid%60qojqva,0,137300,139,5.26488627656258e-05,Pro,midlane radiant
911833,57,55,radiant,%5BHyper%5D%20Liquid%60qojqva,0,137300,140,5.30276315625008e-05,Pro,midlane radiant
911833,57,55,radiant,%5BHyper%5D%20Liquid%60qojqva,0,137300,141,5.34064003593758e-05,Pro,midlane radiant
916300,56,54,radiant,%5BHyper%5D%20Liquid%60qojqva,0,141767,142,5.37851691562508e-05,Pro,midlane radiant
917500,54,53,radiant,%5BHyper%5D%20Liquid%60qojqva,0,142967,143,5.41639379531258e-05,Pro,midlane radiant
918233,53,52,radiant,%5BHyper%5D%20Liquid%60qojqva,0,143700,144,5.45427067500008e-05,Pro,midlane radiant
918900,54,53,radiant,%5BHyper%5D%20Liquid%60qojqva,0,144367,145,5.49214755468759e-05,Pro,midlane radiant
920433,53,53,radiant,%5BHyper%5D%20Liquid%60qojqva,0,145900,146,5.53002443437509e-05,Pro,midlane radiant
921433,52,51,radiant,%5BHyper%5D%20Liquid%60qojqva,0,146900,147,5.56790131406259e-05,Pro,midlane radiant
922300,50,50,radiant,%5BHyper%5D%20Liquid%60qojqva,0,147767,148,5.60577819375009e-05,Pro,midlane radiant
923433,48,48,radiant,%5BHyper%5D%20Liquid%60qojqva,0,148900,149,5.64365507343759e-05,Pro,midlane radiant
924366,48,48,radiant,%5BHyper%5D%20Liquid%60qojqva,0,149833,150,5.68153195312509e-05,Pro,midlane radiant
924366,48,48,radiant,%5BHyper%5D%20Liquid%60qojqva,0,149833,151,5.71940883281259e-05,Pro,midlane radiant
926433,50,48,radiant,%5BHyper%5D%20Liquid%60qojqva,0,151900,152,5.75728571250009e-05,Pro,midlane radiant
927366,50,49,radiant,%5BHyper%5D%20Liquid%60qojqva,0,152833,153,5.79516259218759e-05,Pro,midlane radiant
927366,50,49,radiant,%5BHyper%5D%20Liquid%60qojqva,0,152833,154,5.83303947187509e-05,Pro,midlane radiant
927366,50,49,radiant,%5BHyper%5D%20Liquid%60qojqva,0,152833,155,5.87091635156259e-05,Pro,midlane radiant
927366,50,49,radiant,%5BHyper%5D%20Liquid%60qojqva,0,152833,156,5.90879323125009e-05,Pro,midlane radiant
930566,49,49,radiant,%5BHyper%5D%20Liquid%60qojqva,0,156033,157,5.94667011093759e-05,Pro,midlane radiant
932300,50,50,radiant,%5BHyper%5D%20Liquid%60qojqva,0,157767,158,5.98454699062509e-05,Pro,midlane radiant
933233,50,52,radiant,%5BHyper%5D%20Liquid%60qojqva,0,158700,159,6.02242387031259e-05,Pro,midlane radiant
934166,51,51,radiant,%5BHyper%5D%20Liquid%60qojqva,0,159633,160,6.06030075000009e-05,Pro,midlane radiant
935300,53,51,radiant,%5BHyper%5D%20Liquid%60qojqva,0,160767,161,6.0981776296876e-05,Pro,midlane radiant
936233,54,50,radiant,%5BHyper%5D%20Liquid%60qojqva,0,161700,162,6.1360545093751e-05,Pro,midlane radiant
937500,54,49,radiant,%5BHyper%5D%20Liquid%60qojqva,0,162967,163,6.1739313890626e-05,Pro,midlane radiant
938033,55,50,radiant,%5BHyper%5D%20Liquid%60qojqva,0,163500,164,6.2118082687501e-05,Pro,midlane radiant
939500,54,49,radiant,%5BHyper%5D%20Liquid%60qojqva,0,164967,165,6.2496851484376e-05,Pro,midlane radiant
940500,53,48,radiant,%5BHyper%5D%20Liquid%60qojqva,0,165967,166,6.2875620281251e-05,Pro,midlane radiant
940500,53,48,radiant,%5BHyper%5D%20Liquid%60qojqva,0,165967,167,6.3254389078126e-05,Pro,midlane radiant
941966,54,49,radiant,%5BHyper%5D%20Liquid%60qojqva,0,167433,168,6.3633157875001e-05,Pro,midlane radiant
943366,55,50,radiant,%5BHyper%5D%20Liquid%60qojqva,0,168833,169,6.4011926671876e-05,Pro,midlane radiant
944433,54,52,radiant,%5BHyper%5D%20Liquid%60qojqva,0,169900,170,6.4390695468751e-05,Pro,midlane radiant
944700,54,51,radiant,%5BHyper%5D%20Liquid%60qojqva,0,170167,171,6.4769464265626e-05,Pro,midlane radiant
946300,54,51,radiant,%5BHyper%5D%20Liquid%60qojqva,0,171767,172,6.5148233062501e-05,Pro,midlane radiant
946300,54,51,radiant,%5BHyper%5D%20Liquid%60qojqva,0,171767,173,6.5527001859376e-05,Pro,midlane radiant
948366,55,53,radiant,%5BHyper%5D%20Liquid%60qojqva,0,173833,174,6.5905770656251e-05,Pro,midlane radiant
948900,56,54,radiant,%5BHyper%5D%20Liquid%60qojqva,0,174367,175,6.6284539453126e-05,Pro,midlane radiant
950300,56,52,radiant,%5BHyper%5D%20Liquid%60qojqva,0,175767,176,6.6663308250001e-05,Pro,midlane radiant
951300,58,54,radiant,%5BHyper%5D%20Liquid%60qojqva,0,176767,177,6.70420770468761e-05,Pro,midlane radiant
952233,59,56,radiant,%5BHyper%5D%20Liquid%60qojqva,0,177700,178,6.74208458437511e-05,Pro,midlane radiant
953500,61,58,radiant,%5BHyper%5D%20Liquid%60qojqva,0,178967,179,6.77996146406261e-05,Pro,midlane radiant
954366,62,59,radiant,%5BHyper%5D%20Liquid%60qojqva,0,179833,180,6.81783834375011e-05,Pro,midlane dire
955433,64,60,radiant,%5BHyper%5D%20Liquid%60qojqva,0,180900,181,6.85571522343761e-05,Pro,midlane dire
956300,65,62,radiant,%5BHyper%5D%20Liquid%60qojqva,0,181767,182,6.89359210312511e-05,Pro,midlane dire
957366,65,61,radiant,%5BHyper%5D%20Liquid%60qojqva,0,182833,183,6.93146898281261e-05,Pro,midlane dire
958100,66,62,radiant,%5BHyper%5D%20Liquid%60qojqva,0,183567,184,6.96934586250011e-05,Pro,midlane dire
959166,65,62,radiant,%5BHyper%5D%20Liquid%60qojqva,0,184633,185,7.00722274218761e-05,Pro,midlane dire
960500,63,60,radiant,%5BHyper%5D%20Liquid%60qojqva,0,185967,186,7.04509962187511e-05,Pro,midlane dire
961300,61,59,radiant,%5BHyper%5D%20Liquid%60qojqva,0,186767,187,7.08297650156261e-05,Pro,midlane dire
962500,61,59,radiant,%5BHyper%5D%20Liquid%60qojqva,0,187967,188,7.12085338125011e-05,Pro,midlane dire
963433,61,59,radiant,%5BHyper%5D%20Liquid%60qojqva,0,188900,189,7.15873026093761e-05,Pro,midlane dire
964366,62,60,radiant,%5BHyper%5D%20Liquid%60qojqva,0,189833,190,7.19660714062511e-05,Pro,midlane dire
965366,63,61,radiant,%5BHyper%5D%20Liquid%60qojqva,0,190833,191,7.23448402031261e-05,Pro,midlane dire
966433,62,60,radiant,%5BHyper%5D%20Liquid%60qojqva,0,191900,192,7.27236090000011e-05,Pro,midlane dire
967500,60,59,radiant,%5BHyper%5D%20Liquid%60qojqva,0,192967,193,7.31023777968761e-05,Pro,midlane radiant
968433,62,60,radiant,%5BHyper%5D%20Liquid%60qojqva,0,193900,194,7.34811465937511e-05,Pro,midlane dire
969500,61,60,radiant,%5BHyper%5D%20Liquid%60qojqva,0,194967,195,7.38599153906262e-05,Pro,midlane dire
969700,62,60,radiant,%5BHyper%5D%20Liquid%60qojqva,0,195167,196,7.42386841875012e-05,Pro,midlane dire
969700,62,60,radiant,%5BHyper%5D%20Liquid%60qojqva,0,195167,197,7.46174529843762e-05,Pro,midlane dire
972500,61,61,radiant,%5BHyper%5D%20Liquid%60qojqva,0,197967,198,7.49962217812512e-05,Pro,midlane dire
973433,60,61,radiant,%5BHyper%5D%20Liquid%60qojqva,0,198900,199,7.53749905781262e-05,Pro,midlane dire
974300,59,59,radiant,%5BHyper%5D%20Liquid%60qojqva,0,199767,200,7.57537593750012e-05,Pro,midlane radiant
974900,58,58,radiant,%5BHyper%5D%20Liquid%60qojqva,0,200367,201,7.61325281718762e-05,Pro,midlane radiant
976100,60,59,radiant,%5BHyper%5D%20Liquid%60qojqva,0,201567,202,7.65112969687512e-05,Pro,midlane radiant
976100,60,59,radiant,%5BHyper%5D%20Liquid%60qojqva,0,201567,203,7.68900657656262e-05,Pro,midlane radiant
976100,60,59,radiant,%5BHyper%5D%20Liquid%60qojqva,0,201567,204,7.72688345625012e-05,Pro,midlane radiant
979500,59,58,radiant,%5BHyper%5D%20Liquid%60qojqva,0,204967,205,7.76476033593762e-05,Pro,midlane radiant
980100,58,57,radiant,%5BHyper%5D%20Liquid%60qojqva,0,205567,206,7.80263721562512e-05,Pro,midlane radiant
981500,56,55,radiant,%5BHyper%5D%20Liquid%60qojqva,0,206967,207,7.84051409531262e-05,Pro,midlane radiant
982300,55,56,radiant,%5BHyper%5D%20Liquid%60qojqva,0,207767,208,7.87839097500012e-05,Pro,midlane radiant
983233,55,58,radiant,%5BHyper%5D%20Liquid%60qojqva,0,208700,209,7.91626785468762e-05,Pro,midlane radiant
984300,54,60,radiant,%5BHyper%5D%20Liquid%60qojqva,0,209767,210,7.95414473437512e-05,Pro,jungle radiant
985433,53,62,radiant,%5BHyper%5D%20Liquid%60qojqva,0,210900,211,7.99202161406263e-05,Pro,void radiant
986033,53,64,radiant,%5BHyper%5D%20Liquid%60qojqva,0,211500,212,8.02989849375013e-05,Pro,void radiant
987033,52,66,radiant,%5BHyper%5D%20Liquid%60qojqva,0,212500,213,8.06777537343763e-05,Pro,river
988233,50,68,radiant,%5BHyper%5D%20Liquid%60qojqva,0,213700,214,8.10565225312513e-05,Pro,river
989233,49,70,radiant,%5BHyper%5D%20Liquid%60qojqva,0,214700,215,8.14352913281263e-05,Pro,river
990433,47,72,radiant,%5BHyper%5D%20Liquid%60qojqva,0,215900,216,8.18140601250013e-05,Pro,river
991366,47,72,radiant,%5BHyper%5D%20Liquid%60qojqva,0,216833,217,8.21928289218763e-05,Pro,river
992500,48,70,radiant,%5BHyper%5D%20Liquid%60qojqva,0,217967,218,8.25715977187513e-05,Pro,river
993300,50,69,radiant,%5BHyper%5D%20Liquid%60qojqva,0,218767,219,8.29503665156263e-05,Pro,river
994233,51,67,radiant,%5BHyper%5D%20Liquid%60qojqva,0,219700,220,8.33291353125013e-05,Pro,river
995500,53,65,radiant,%5BHyper%5D%20Liquid%60qojqva,0,220967,221,8.37079041093763e-05,Pro,river
996433,54,63,radiant,%5BHyper%5D%20Liquid%60qojqva,0,221900,222,8.40866729062513e-05,Pro,river
996966,55,62,radiant,%5BHyper%5D%20Liquid%60qojqva,0,222433,223,8.44654417031263e-05,Pro,river
998500,56,59,radiant,%5BHyper%5D%20Liquid%60qojqva,0,223967,224,8.48442105000013e-05,Pro,midlane radiant
999433,56,57,radiant,%5BHyper%5D%20Liquid%60qojqva,0,224900,225,8.52229792968763e-05,Pro,midlane radiant
1000333,56,55,radiant,%5BHyper%5D%20Liquid%60qojqva,0,225800,226,8.56017480937513e-05,Pro,midlane radiant
1001333,57,56,radiant,%5BHyper%5D%20Liquid%60qojqva,0,226800,227,8.59805168906263e-05,Pro,midlane radiant
1002133,57,57,radiant,%5BHyper%5D%20Liquid%60qojqva,0,227600,228,8.63592856875013e-05,Pro,midlane radiant
1003333,57,59,radiant,%5BHyper%5D%20Liquid%60qojqva,0,228800,229,8.67380544843764e-05,Pro,midlane radiant
1003933,57,59,radiant,%5BHyper%5D%20Liquid%60qojqva,0,229400,230,8.71168232812514e-05,Pro,midlane radiant
1005066,59,60,radiant,%5BHyper%5D%20Liquid%60qojqva,0,230533,231,8.74955920781264e-05,Pro,midlane radiant
1006533,60,60,radiant,%5BHyper%5D%20Liquid%60qojqva,0,232000,232,8.78743608750014e-05,Pro,midlane dire
1007000,59,60,radiant,%5BHyper%5D%20Liquid%60qojqva,0,232467,233,8.82531296718764e-05,Pro,midlane radiant
1007666,59,59,radiant,%5BHyper%5D%20Liquid%60qojqva,0,233133,234,8.86318984687514e-05,Pro,midlane radiant
1009066,61,59,radiant,%5BHyper%5D%20Liquid%60qojqva,0,234533,235,8.90106672656264e-05,Pro,midlane dire
1010266,62,59,radiant,%5BHyper%5D%20Liquid%60qojqva,0,235733,236,8.93894360625014e-05,Pro,midlane dire
1010733,63,59,radiant,%5BHyper%5D%20Liquid%60qojqva,0,236200,237,8.97682048593764e-05,Pro,midlane dire
1010733,63,59,radiant,%5BHyper%5D%20Liquid%60qojqva,0,236200,238,9.01469736562514e-05,Pro,midlane dire
1013466,62,58,radiant,%5BHyper%5D%20Liquid%60qojqva,0,238933,239,9.05257424531264e-05,Pro,midlane dire
1014133,61,57,radiant,%5BHyper%5D%20Liquid%60qojqva,0,239600,240,9.09045112500014e-05,Pro,midlane radiant
1015066,59,56,radiant,%5BHyper%5D%20Liquid%60qojqva,0,240533,241,9.12832800468764e-05,Pro,midlane radiant
1016466,57,55,radiant,%5BHyper%5D%20Liquid%60qojqva,0,241933,242,9.16620488437514e-05,Pro,midlane radiant
1017466,57,56,radiant,%5BHyper%5D%20Liquid%60qojqva,0,242933,243,9.20408176406264e-05,Pro,midlane radiant
1018266,58,57,radiant,%5BHyper%5D%20Liquid%60qojqva,0,243733,244,9.24195864375014e-05,Pro,midlane radiant
1019400,58,56,radiant,%5BHyper%5D%20Liquid%60qojqva,0,244867,245,9.27983552343764e-05,Pro,midlane radiant
1020133,57,55,radiant,%5BHyper%5D%20Liquid%60qojqva,0,245600,246,9.31771240312515e-05,Pro,midlane radiant
1020133,57,55,radiant,%5BHyper%5D%20Liquid%60qojqva,0,245600,247,9.35558928281265e-05,Pro,midlane radiant
1022333,56,53,radiant,%5BHyper%5D%20Liquid%60qojqva,0,247800,248,9.39346616250015e-05,Pro,midlane radiant
1023266,57,54,radiant,%5BHyper%5D%20Liquid%60qojqva,0,248733,249,9.43134304218765e-05,Pro,midlane radiant
1024466,56,55,radiant,%5BHyper%5D%20Liquid%60qojqva,0,249933,250,9.46921992187515e-05,Pro,midlane radiant
1025266,57,56,radiant,%5BHyper%5D%20Liquid%60qojqva,0,250733,251,9.50709680156265e-05,Pro,midlane radiant
1025733,57,57,radiant,%5BHyper%5D%20Liquid%60qojqva,0,251200,252,9.54497368125015e-05,Pro,midlane radiant
1027466,58,59,radiant,%5BHyper%5D%20Liquid%60qojqva,0,252933,253,9.58285056093765e-05,Pro,midlane radiant
1027466,58,59,radiant,%5BHyper%5D%20Liquid%60qojqva,0,252933,254,9.62072744062515e-05,Pro,midlane radiant
1029466,59,57,radiant,%5BHyper%5D%20Liquid%60qojqva,0,254933,255,9.65860432031265e-05,Pro,midlane radiant
1029466,59,57,radiant,%5BHyper%5D%20Liquid%60qojqva,0,254933,256,9.69648120000015e-05,Pro,midlane radiant
1031266,59,57,radiant,%5BHyper%5D%20Liquid%60qojqva,0,256733,257,9.73435807968765e-05,Pro,midlane radiant
1032466,59,57,radiant,%5BHyper%5D%20Liquid%60qojqva,0,257933,258,9.77223495937515e-05,Pro,midlane radiant
1032866,60,58,radiant,%5BHyper%5D%20Liquid%60qojqva,0,258333,259,9.81011183906265e-05,Pro,midlane radiant
1032866,60,58,radiant,%5BHyper%5D%20Liquid%60qojqva,0,258333,260,9.84798871875015e-05,Pro,midlane radiant
1035333,58,56,radiant,%5BHyper%5D%20Liquid%60qojqva,0,260800,261,9.88586559843765e-05,Pro,midlane radiant
1036266,59,57,radiant,%5BHyper%5D%20Liquid%60qojqva,0,261733,262,9.92374247812516e-05,Pro,midlane radiant
1036866,60,58,radiant,%5BHyper%5D%20Liquid%60qojqva,0,262333,263,9.96161935781266e-05,Pro,midlane radiant
1036866,60,58,radiant,%5BHyper%5D%20Liquid%60qojqva,0,262333,264,9.99949623750016e-05,Pro,midlane radiant
1039466,58,56,radiant,%5BHyper%5D%20Liquid%60qojqva,0,264933,265,0.000100373731171877,Pro,midlane radiant
1040533,56,55,radiant,%5BHyper%5D%20Liquid%60qojqva,0,266000,266,0.000100752499968752,Pro,midlane radiant
1041400,56,55,radiant,%5BHyper%5D%20Liquid%60qojqva,0,266867,267,0.000101131268765627,Pro,midlane radiant
1042266,55,55,radiant,%5BHyper%5D%20Liquid%60qojqva,0,267733,268,0.000101510037562502,Pro,midlane radiant
1043466,56,56,radiant,%5BHyper%5D%20Liquid%60qojqva,0,268933,269,0.000101888806359377,Pro,midlane radiant
1043466,56,56,radiant,%5BHyper%5D%20Liquid%60qojqva,0,268933,270,0.000102267575156252,Pro,midlane radiant
1045200,56,54,radiant,%5BHyper%5D%20Liquid%60qojqva,0,270667,271,0.000102646343953127,Pro,midlane radiant
1045866,57,54,radiant,%5BHyper%5D%20Liquid%60qojqva,0,271333,272,0.000103025112750002,Pro,midlane radiant
1047333,56,53,radiant,%5BHyper%5D%20Liquid%60qojqva,0,272800,273,0.000103403881546877,Pro,midlane radiant
1048400,56,55,radiant,%5BHyper%5D%20Liquid%60qojqva,0,273867,274,0.000103782650343752,Pro,midlane radiant
1048400,56,55,radiant,%5BHyper%5D%20Liquid%60qojqva,0,273867,275,0.000104161419140627,Pro,midlane radiant
1048400,56,55,radiant,%5BHyper%5D%20Liquid%60qojqva,0,273867,276,0.000104540187937502,Pro,midlane radiant
1048400,56,55,radiant,%5BHyper%5D%20Liquid%60qojqva,0,273867,277,0.000104918956734377,Pro,midlane radiant
1052466,57,55,radiant,%5BHyper%5D%20Liquid%60qojqva,0,277933,278,0.000105297725531252,Pro,midlane radiant
1053466,56,53,radiant,%5BHyper%5D%20Liquid%60qojqva,0,278933,279,0.000105676494328127,Pro,midlane radiant
1054533,55,53,radiant,%5BHyper%5D%20Liquid%60qojqva,0,280000,280,0.000106055263125002,Pro,midlane radiant
1055466,56,54,radiant,%5BHyper%5D%20Liquid%60qojqva,0,280933,281,0.000106434031921877,Pro,midlane radiant
1056466,57,54,radiant,%5BHyper%5D%20Liquid%60qojqva,0,281933,282,0.000106812800718752,Pro,midlane radiant
1057400,57,56,radiant,%5BHyper%5D%20Liquid%60qojqva,0,282867,283,0.000107191569515627,Pro,midlane radiant
1058466,57,54,radiant,%5BHyper%5D%20Liquid%60qojqva,0,283933,284,0.000107570338312502,Pro,midlane radiant
1059333,57,54,radiant,%5BHyper%5D%20Liquid%60qojqva,0,284800,285,0.000107949107109377,Pro,midlane radiant
1060266,57,56,radiant,%5BHyper%5D%20Liquid%60qojqva,0,285733,286,0.000108327875906252,Pro,midlane radiant
1061533,58,57,radiant,%5BHyper%5D%20Liquid%60qojqva,0,287000,287,0.000108706644703127,Pro,midlane radiant
1061533,58,57,radiant,%5BHyper%5D%20Liquid%60qojqva,0,287000,288,0.000109085413500002,Pro,midlane radiant
1061533,58,57,radiant,%5BHyper%5D%20Liquid%60qojqva,0,287000,289,0.000109464182296877,Pro,midlane radiant
1064200,60,57,radiant,%5BHyper%5D%20Liquid%60qojqva,0,289667,290,0.000109842951093752,Pro,midlane radiant
1064200,60,57,radiant,%5BHyper%5D%20Liquid%60qojqva,0,289667,291,0.000110221719890627,Pro,midlane radiant
1064200,60,57,radiant,%5BHyper%5D%20Liquid%60qojqva,0,289667,292,0.000110600488687502,Pro,midlane radiant
1067333,59,56,radiant,%5BHyper%5D%20Liquid%60qojqva,0,292800,293,0.000110979257484377,Pro,midlane radiant
1068200,57,56,radiant,%5BHyper%5D%20Liquid%60qojqva,0,293667,294,0.000111358026281252,Pro,midlane radiant
1069066,58,56,radiant,%5BHyper%5D%20Liquid%60qojqva,0,294533,295,0.000111736795078127,Pro,midlane radiant
1069066,58,56,radiant,%5BHyper%5D%20Liquid%60qojqva,0,294533,296,0.000112115563875002,Pro,midlane radiant
1071200,58,57,radiant,%5BHyper%5D%20Liquid%60qojqva,0,296667,297,0.000112494332671877,Pro,midlane radiant
1071866,58,58,radiant,%5BHyper%5D%20Liquid%60qojqva,0,297333,298,0.000112873101468752,Pro,midlane radiant
1073133,58,57,radiant,%5BHyper%5D%20Liquid%60qojqva,0,298600,299,0.000113251870265627,Pro,midlane radiant
1074200,56,57,radiant,%5BHyper%5D%20Liquid%60qojqva,0,299667,300,0.000113630639062502,Pro,midlane radiant
1075533,54,57,radiant,%5BHyper%5D%20Liquid%60qojqva,0,301000,301,0.000114009407859377,Pro,midlane radiant
1076533,51,57,radiant,%5BHyper%5D%20Liquid%60qojqva,0,302000,302,0.000114388176656252,Pro,midlane radiant
1077533,50,55,radiant,%5BHyper%5D%20Liquid%60qojqva,0,303000,303,0.000114766945453127,Pro,midlane radiant
1077800,49,55,radiant,%5BHyper%5D%20Liquid%60qojqva,0,303267,304,0.000115145714250002,Pro,midlane radiant
1079266,49,57,radiant,%5BHyper%5D%20Liquid%60qojqva,0,304733,305,0.000115524483046877,Pro,jungle radiant
1080200,49,59,radiant,%5BHyper%5D%20Liquid%60qojqva,0,305667,306,0.000115903251843752,Pro,jungle radiant
1081466,50,60,radiant,%5BHyper%5D%20Liquid%60qojqva,0,306933,307,0.000116282020640627,Pro,jungle radiant
1082333,50,58,radiant,%5BHyper%5D%20Liquid%60qojqva,0,307800,308,0.000116660789437502,Pro,midlane radiant
1083333,52,57,radiant,%5BHyper%5D%20Liquid%60qojqva,0,308800,309,0.000117039558234377,Pro,midlane radiant
1084266,54,57,radiant,%5BHyper%5D%20Liquid%60qojqva,0,309733,310,0.000117418327031252,Pro,midlane radiant
1085133,56,57,radiant,%5BHyper%5D%20Liquid%60qojqva,0,310600,311,0.000117797095828127,Pro,midlane radiant
1086466,59,57,radiant,%5BHyper%5D%20Liquid%60qojqva,0,311933,312,0.000118175864625002,Pro,midlane radiant
1087066,60,58,radiant,%5BHyper%5D%20Liquid%60qojqva,0,312533,313,0.000118554633421877,Pro,midlane radiant
1087066,60,58,radiant,%5BHyper%5D%20Liquid%60qojqva,0,312533,314,0.000118933402218752,Pro,midlane radiant
1089066,61,58,radiant,%5BHyper%5D%20Liquid%60qojqva,0,314533,315,0.000119312171015627,Pro,midlane radiant
1090066,60,57,radiant,%5BHyper%5D%20Liquid%60qojqva,0,315533,316,0.000119690939812502,Pro,midlane radiant
1090933,60,58,radiant,%5BHyper%5D%20Liquid%60qojqva,0,316400,317,0.000120069708609377,Pro,midlane radiant
1092133,59,58,radiant,%5BHyper%5D%20Liquid%60qojqva,0,317600,318,0.000120448477406252,Pro,midlane radiant
1092800,60,58,radiant,%5BHyper%5D%20Liquid%60qojqva,0,318267,319,0.000120827246203127,Pro,midlane radiant
1094333,58,58,radiant,%5BHyper%5D%20Liquid%60qojqva,0,319800,320,0.000121206015000002,Pro,midlane radiant
1095333,57,57,radiant,%5BHyper%5D%20Liquid%60qojqva,0,320800,321,0.000121584783796877,Pro,midlane radiant
1096466,58,58,radiant,%5BHyper%5D%20Liquid%60qojqva,0,321933,322,0.000121963552593752,Pro,midlane radiant
1097466,60,59,radiant,%5BHyper%5D%20Liquid%60qojqva,0,322933,323,0.000122342321390627,Pro,midlane radiant
1098400,62,60,radiant,%5BHyper%5D%20Liquid%60qojqva,0,323867,324,0.000122721090187502,Pro,midlane dire
1098866,63,60,radiant,%5BHyper%5D%20Liquid%60qojqva,0,324333,325,0.000123099858984377,Pro,midlane dire
1100200,63,61,radiant,%5BHyper%5D%20Liquid%60qojqva,0,325667,326,0.000123478627781252,Pro,midlane dire
1101400,61,60,radiant,%5BHyper%5D%20Liquid%60qojqva,0,326867,327,0.000123857396578127,Pro,midlane dire
1101866,60,59,radiant,%5BHyper%5D%20Liquid%60qojqva,0,327333,328,0.000124236165375002,Pro,midlane radiant
1102933,61,59,radiant,%5BHyper%5D%20Liquid%60qojqva,0,328400,329,0.000124614934171877,Pro,midlane dire
1104200,59,58,radiant,%5BHyper%5D%20Liquid%60qojqva,0,329667,330,0.000124993702968752,Pro,midlane radiant
1105000,59,59,radiant,%5BHyper%5D%20Liquid%60qojqva,0,330467,331,0.000125372471765627,Pro,midlane radiant
1105000,59,59,radiant,%5BHyper%5D%20Liquid%60qojqva,0,330467,332,0.000125751240562502,Pro,midlane radiant
1107466,59,58,radiant,%5BHyper%5D%20Liquid%60qojqva,0,332933,333,0.000126130009359377,Pro,midlane radiant
1108333,57,57,radiant,%5BHyper%5D%20Liquid%60qojqva,0,333800,334,0.000126508778156252,Pro,midlane radiant
1109533,60,58,radiant,%5BHyper%5D%20Liquid%60qojqva,0,335000,335,0.000126887546953127,Pro,midlane radiant
1110400,61,58,radiant,%5BHyper%5D%20Liquid%60qojqva,0,335867,336,0.000127266315750002,Pro,midlane radiant
1111533,61,58,radiant,%5BHyper%5D%20Liquid%60qojqva,0,337000,337,0.000127645084546877,Pro,midlane radiant
1112533,60,56,radiant,%5BHyper%5D%20Liquid%60qojqva,0,338000,338,0.000128023853343752,Pro,midlane radiant
1113333,58,55,radiant,%5BHyper%5D%20Liquid%60qojqva,0,338800,339,0.000128402622140627,Pro,midlane radiant
1114266,56,55,radiant,%5BHyper%5D%20Liquid%60qojqva,0,339733,340,0.000128781390937502,Pro,midlane radiant
1114266,56,55,radiant,%5BHyper%5D%20Liquid%60qojqva,0,339733,341,0.000129160159734377,Pro,midlane radiant
1114266,56,55,radiant,%5BHyper%5D%20Liquid%60qojqva,0,339733,342,0.000129538928531252,Pro,midlane radiant
1117400,58,55,radiant,%5BHyper%5D%20Liquid%60qojqva,0,342867,343,0.000129917697328127,Pro,midlane radiant
1118000,59,56,radiant,%5BHyper%5D%20Liquid%60qojqva,0,343467,344,0.000130296466125002,Pro,midlane radiant
1119266,58,56,radiant,%5BHyper%5D%20Liquid%60qojqva,0,344733,345,0.000130675234921877,Pro,midlane radiant
1120533,58,56,radiant,%5BHyper%5D%20Liquid%60qojqva,0,346000,346,0.000131054003718752,Pro,midlane radiant
1121533,56,55,radiant,%5BHyper%5D%20Liquid%60qojqva,0,347000,347,0.000131432772515627,Pro,midlane radiant
1122133,56,55,radiant,%5BHyper%5D%20Liquid%60qojqva,0,347600,348,0.000131811541312502,Pro,midlane radiant
1123533,57,55,radiant,%5BHyper%5D%20Liquid%60qojqva,0,349000,349,0.000132190310109377,Pro,midlane radiant
1123533,57,55,radiant,%5BHyper%5D%20Liquid%60qojqva,0,349000,350,0.000132569078906252,Pro,midlane radiant
1123533,57,55,radiant,%5BHyper%5D%20Liquid%60qojqva,0,349000,351,0.000132947847703127,Pro,midlane radiant
1123533,57,55,radiant,%5BHyper%5D%20Liquid%60qojqva,0,349000,352,0.000133326616500002,Pro,midlane radiant
1123533,57,55,radiant,%5BHyper%5D%20Liquid%60qojqva,0,349000,353,0.000133705385296877,Pro,midlane radiant
1123533,57,55,radiant,%5BHyper%5D%20Liquid%60qojqva,0,349000,354,0.000134084154093752,Pro,midlane radiant
1129000,57,54,radiant,%5BHyper%5D%20Liquid%60qojqva,0,354467,355,0.000134462922890627,Pro,midlane radiant
1130333,57,53,radiant,%5BHyper%5D%20Liquid%60qojqva,0,355800,356,0.000134841691687502,Pro,midlane radiant
1130333,57,53,radiant,%5BHyper%5D%20Liquid%60qojqva,0,355800,357,0.000135220460484377,Pro,midlane radiant
1130333,57,53,radiant,%5BHyper%5D%20Liquid%60qojqva,0,355800,358,0.000135599229281252,Pro,midlane radiant
1130333,57,53,radiant,%5BHyper%5D%20Liquid%60qojqva,0,355800,359,0.000135977998078127,Pro,midlane radiant
1130333,57,53,radiant,%5BHyper%5D%20Liquid%60qojqva,0,355800,360,0.000136356766875002,Pro,midlane radiant
1130333,57,53,radiant,%5BHyper%5D%20Liquid%60qojqva,0,355800,361,0.000136735535671877,Pro,midlane radiant
1130333,57,53,radiant,%5BHyper%5D%20Liquid%60qojqva,0,355800,362,0.000137114304468752,Pro,midlane radiant
1130333,57,53,radiant,%5BHyper%5D%20Liquid%60qojqva,0,355800,363,0.000137493073265627,Pro,midlane radiant
1130333,57,53,radiant,%5BHyper%5D%20Liquid%60qojqva,0,355800,364,0.000137871842062502,Pro,midlane radiant
1130333,57,53,radiant,%5BHyper%5D%20Liquid%60qojqva,0,355800,365,0.000138250610859377,Pro,midlane radiant
1140133,57,53,radiant,%5BHyper%5D%20Liquid%60qojqva,0,365600,366,0.000138629379656252,Pro,midlane radiant
1140133,57,53,radiant,%5BHyper%5D%20Liquid%60qojqva,0,365600,367,0.000139008148453127,Pro,midlane radiant
1140133,57,53,radiant,%5BHyper%5D%20Liquid%60qojqva,0,365600,368,0.000139386917250002,Pro,midlane radiant
1140133,57,53,radiant,%5BHyper%5D%20Liquid%60qojqva,0,365600,369,0.000139765686046877,Pro,midlane radiant
1140133,57,53,radiant,%5BHyper%5D%20Liquid%60qojqva,0,365600,370,0.000140144454843752,Pro,midlane radiant
1140133,57,53,radiant,%5BHyper%5D%20Liquid%60qojqva,0,365600,371,0.000140523223640627,Pro,midlane radiant
1140133,57,53,radiant,%5BHyper%5D%20Liquid%60qojqva,0,365600,372,0.000140901992437502,Pro,midlane radiant
1140133,57,53,radiant,%5BHyper%5D%20Liquid%60qojqva,0,365600,373,0.000141280761234377,Pro,midlane radiant
1140133,57,53,radiant,%5BHyper%5D%20Liquid%60qojqva,0,365600,374,0.000141659530031252,Pro,midlane radiant
1140133,57,53,radiant,%5BHyper%5D%20Liquid%60qojqva,0,365600,375,0.000142038298828127,Pro,midlane radiant
1140133,57,53,radiant,%5BHyper%5D%20Liquid%60qojqva,0,365600,376,0.000142417067625002,Pro,midlane radiant
1150933,9,6,radiant,%5BHyper%5D%20Liquid%60qojqva,0,376400,377,0.000142795836421877,Pro,base1 radiant
1150933,9,6,radiant,%5BHyper%5D%20Liquid%60qojqva,0,376400,378,0.000143174605218752,Pro,base1 radiant
1150933,9,6,radiant,%5BHyper%5D%20Liquid%60qojqva,0,376400,379,0.000143553374015627,Pro,base1 radiant
1150933,9,6,radiant,%5BHyper%5D%20Liquid%60qojqva,0,376400,380,0.000143932142812502,Pro,base1 radiant
1150933,9,6,radiant,%5BHyper%5D%20Liquid%60qojqva,0,376400,381,0.000144310911609377,Pro,base1 radiant
1150933,9,6,radiant,%5BHyper%5D%20Liquid%60qojqva,0,376400,382,0.000144689680406252,Pro,base1 radiant
1157266,56,52,radiant,%5BHyper%5D%20Liquid%60qojqva,0,382733,383,0.000145068449203127,Pro,midlane radiant
1158333,58,54,radiant,%5BHyper%5D%20Liquid%60qojqva,0,383800,384,0.000145447218000002,Pro,midlane radiant
1159466,60,56,radiant,%5BHyper%5D%20Liquid%60qojqva,0,384933,385,0.000145825986796877,Pro,midlane radiant
1160400,61,57,radiant,%5BHyper%5D%20Liquid%60qojqva,0,385867,386,0.000146204755593752,Pro,midlane radiant
1161266,60,57,radiant,%5BHyper%5D%20Liquid%60qojqva,0,386733,387,0.000146583524390627,Pro,midlane radiant
1162066,58,57,radiant,%5BHyper%5D%20Liquid%60qojqva,0,387533,388,0.000146962293187502,Pro,midlane radiant
1162666,59,57,radiant,%5BHyper%5D%20Liquid%60qojqva,0,388133,389,0.000147341061984377,Pro,midlane radiant
1163933,59,58,radiant,%5BHyper%5D%20Liquid%60qojqva,0,389400,390,0.000147719830781252,Pro,midlane radiant
1163933,59,58,radiant,%5BHyper%5D%20Liquid%60qojqva,0,389400,391,0.000148098599578127,Pro,midlane radiant
1163933,59,58,radiant,%5BHyper%5D%20Liquid%60qojqva,0,389400,392,0.000148477368375002,Pro,midlane radiant
1167200,58,56,radiant,%5BHyper%5D%20Liquid%60qojqva,0,392667,393,0.000148856137171877,Pro,midlane radiant
1168200,57,54,radiant,%5BHyper%5D%20Liquid%60qojqva,0,393667,394,0.000149234905968752,Pro,midlane radiant
1169400,56,51,radiant,%5BHyper%5D%20Liquid%60qojqva,0,394867,395,0.000149613674765627,Pro,midlane radiant
1170333,58,49,radiant,%5BHyper%5D%20Liquid%60qojqva,0,395800,396,0.000149992443562502,Pro,void radiant
1171266,59,47,radiant,%5BHyper%5D%20Liquid%60qojqva,0,396733,397,0.000150371212359377,Pro,jungle radiant
1172400,59,44,radiant,%5BHyper%5D%20Liquid%60qojqva,0,397867,398,0.000150749981156252,Pro,jungle radiant
1173533,60,41,radiant,%5BHyper%5D%20Liquid%60qojqva,0,399000,399,0.000151128749953127,Pro,jungle radiant
1174333,60,39,radiant,%5BHyper%5D%20Liquid%60qojqva,0,399800,400,0.000151507518750002,Pro,jungle radiant
1174666,60,38,radiant,%5BHyper%5D%20Liquid%60qojqva,0,400133,401,0.000151886287546877,Pro,jungle radiant
1176133,60,38,radiant,%5BHyper%5D%20Liquid%60qojqva,0,401600,402,0.000152265056343752,Pro,jungle radiant
1177133,60,39,radiant,%5BHyper%5D%20Liquid%60qojqva,0,402600,403,0.000152643825140627,Pro,jungle radiant
1177133,60,39,radiant,%5BHyper%5D%20Liquid%60qojqva,0,402600,404,0.000153022593937502,Pro,jungle radiant
1177133,60,39,radiant,%5BHyper%5D%20Liquid%60qojqva,0,402600,405,0.000153401362734377,Pro,jungle radiant
1179800,60,40,radiant,%5BHyper%5D%20Liquid%60qojqva,0,405267,406,0.000153780131531252,Pro,jungle radiant
1179800,60,40,radiant,%5BHyper%5D%20Liquid%60qojqva,0,405267,407,0.000154158900328127,Pro,jungle radiant
1179800,60,40,radiant,%5BHyper%5D%20Liquid%60qojqva,0,405267,408,0.000154537669125002,Pro,jungle radiant
1182933,60,39,radiant,%5BHyper%5D%20Liquid%60qojqva,0,408400,409,0.000154916437921877,Pro,jungle radiant
1183733,60,40,radiant,%5BHyper%5D%20Liquid%60qojqva,0,409200,410,0.000155295206718752,Pro,jungle radiant
1185133,59,40,radiant,%5BHyper%5D%20Liquid%60qojqva,0,410600,411,0.000155673975515627,Pro,jungle radiant
1186400,59,41,radiant,%5BHyper%5D%20Liquid%60qojqva,0,411867,412,0.000156052744312502,Pro,jungle radiant
1187200,59,43,radiant,%5BHyper%5D%20Liquid%60qojqva,0,412667,413,0.000156431513109377,Pro,jungle radiant
1188333,59,46,radiant,%5BHyper%5D%20Liquid%60qojqva,0,413800,414,0.000156810281906252,Pro,jungle radiant
1189466,58,48,radiant,%5BHyper%5D%20Liquid%60qojqva,0,414933,415,0.000157189050703127,Pro,jungle radiant
1190200,56,48,radiant,%5BHyper%5D%20Liquid%60qojqva,0,415667,416,0.000157567819500002,Pro,midlane radiant
1191533,53,49,radiant,%5BHyper%5D%20Liquid%60qojqva,0,417000,417,0.000157946588296877,Pro,midlane radiant
1191733,54,49,radiant,%5BHyper%5D%20Liquid%60qojqva,0,417200,418,0.000158325357093752,Pro,midlane radiant
1193466,52,47,radiant,%5BHyper%5D%20Liquid%60qojqva,0,418933,419,0.000158704125890627,Pro,midlane radiant
1194533,49,47,radiant,%5BHyper%5D%20Liquid%60qojqva,0,420000,420,0.000159082894687502,Pro,midlane radiant
1195533,47,46,radiant,%5BHyper%5D%20Liquid%60qojqva,0,421000,421,0.000159461663484378,Pro,midlane radiant
1196266,48,47,radiant,%5BHyper%5D%20Liquid%60qojqva,0,421733,422,0.000159840432281253,Pro,midlane radiant
1197266,50,48,radiant,%5BHyper%5D%20Liquid%60qojqva,0,422733,423,0.000160219201078128,Pro,midlane radiant
1198333,50,46,radiant,%5BHyper%5D%20Liquid%60qojqva,0,423800,424,0.000160597969875003,Pro,midlane radiant
1198866,50,47,radiant,%5BHyper%5D%20Liquid%60qojqva,0,424333,425,0.000160976738671878,Pro,midlane radiant
1200133,50,48,radiant,%5BHyper%5D%20Liquid%60qojqva,0,425600,426,0.000161355507468753,Pro,midlane radiant
1201000,51,50,radiant,%5BHyper%5D%20Liquid%60qojqva,0,426467,427,0.000161734276265628,Pro,midlane radiant
1202466,54,52,radiant,%5BHyper%5D%20Liquid%60qojqva,0,427933,428,0.000162113045062503,Pro,midlane radiant
1203200,55,53,radiant,%5BHyper%5D%20Liquid%60qojqva,0,428667,429,0.000162491813859378,Pro,midlane radiant
1203866,56,53,radiant,%5BHyper%5D%20Liquid%60qojqva,0,429333,430,0.000162870582656253,Pro,midlane radiant
1205133,54,54,radiant,%5BHyper%5D%20Liquid%60qojqva,0,430600,431,0.000163249351453128,Pro,midlane radiant
1206400,55,54,radiant,%5BHyper%5D%20Liquid%60qojqva,0,431867,432,0.000163628120250003,Pro,midlane radiant
1207400,54,54,radiant,%5BHyper%5D%20Liquid%60qojqva,0,432867,433,0.000164006889046878,Pro,midlane radiant
1208200,56,54,radiant,%5BHyper%5D%20Liquid%60qojqva,0,433667,434,0.000164385657843753,Pro,midlane radiant
1208200,56,54,radiant,%5BHyper%5D%20Liquid%60qojqva,0,433667,435,0.000164764426640628,Pro,midlane radiant
1209600,57,54,radiant,%5BHyper%5D%20Liquid%60qojqva,0,435067,436,0.000165143195437503,Pro,midlane radiant
1211333,56,54,radiant,%5BHyper%5D%20Liquid%60qojqva,0,436800,437,0.000165521964234378,Pro,midlane radiant
1212200,55,56,radiant,%5BHyper%5D%20Liquid%60qojqva,0,437667,438,0.000165900733031253,Pro,midlane radiant
1212200,55,56,radiant,%5BHyper%5D%20Liquid%60qojqva,0,437667,439,0.000166279501828128,Pro,midlane radiant
1214533,56,55,radiant,%5BHyper%5D%20Liquid%60qojqva,0,440000,440,0.000166658270625003,Pro,midlane radiant
1214866,56,55,radiant,%5BHyper%5D%20Liquid%60qojqva,0,440333,441,0.000167037039421878,Pro,midlane radiant
1216000,57,54,radiant,%5BHyper%5D%20Liquid%60qojqva,0,441467,442,0.000167415808218753,Pro,midlane radiant
1217200,56,54,radiant,%5BHyper%5D%20Liquid%60qojqva,0,442667,443,0.000167794577015628,Pro,midlane radiant
1217666,55,55,radiant,%5BHyper%5D%20Liquid%60qojqva,0,443133,444,0.000168173345812503,Pro,midlane radiant
1217666,55,55,radiant,%5BHyper%5D%20Liquid%60qojqva,0,443133,445,0.000168552114609378,Pro,midlane radiant
1217666,55,55,radiant,%5BHyper%5D%20Liquid%60qojqva,0,443133,446,0.000168930883406253,Pro,midlane radiant
1221400,55,54,radiant,%5BHyper%5D%20Liquid%60qojqva,0,446867,447,0.000169309652203128,Pro,midlane radiant
1221400,55,54,radiant,%5BHyper%5D%20Liquid%60qojqva,0,446867,448,0.000169688421000003,Pro,midlane radiant
1222933,56,54,radiant,%5BHyper%5D%20Liquid%60qojqva,0,448400,449,0.000170067189796878,Pro,midlane radiant
1224466,55,54,radiant,%5BHyper%5D%20Liquid%60qojqva,0,449933,450,0.000170445958593753,Pro,midlane radiant
1225466,55,55,radiant,%5BHyper%5D%20Liquid%60qojqva,0,450933,451,0.000170824727390628,Pro,midlane radiant
1226066,56,55,radiant,%5BHyper%5D%20Liquid%60qojqva,0,451533,452,0.000171203496187503,Pro,midlane radiant
1227266,57,55,radiant,%5BHyper%5D%20Liquid%60qojqva,0,452733,453,0.000171582264984378,Pro,midlane radiant
1227266,57,55,radiant,%5BHyper%5D%20Liquid%60qojqva,0,452733,454,0.000171961033781253,Pro,midlane radiant
1229066,58,55,radiant,%5BHyper%5D%20Liquid%60qojqva,0,454533,455,0.000172339802578128,Pro,midlane radiant
1229066,58,55,radiant,%5BHyper%5D%20Liquid%60qojqva,0,454533,456,0.000172718571375003,Pro,midlane radiant
1229066,58,55,radiant,%5BHyper%5D%20Liquid%60qojqva,0,454533,457,0.000173097340171878,Pro,midlane radiant
1232133,58,56,radiant,%5BHyper%5D%20Liquid%60qojqva,0,457600,458,0.000173476108968753,Pro,midlane radiant
1233333,60,57,radiant,%5BHyper%5D%20Liquid%60qojqva,0,458800,459,0.000173854877765628,Pro,midlane radiant
1234533,59,57,radiant,%5BHyper%5D%20Liquid%60qojqva,0,460000,460,0.000174233646562503,Pro,midlane radiant
1235400,57,57,radiant,%5BHyper%5D%20Liquid%60qojqva,0,460867,461,0.000174612415359378,Pro,midlane radiant
1236400,59,57,radiant,%5BHyper%5D%20Liquid%60qojqva,0,461867,462,0.000174991184156253,Pro,midlane radiant
1237466,58,57,radiant,%5BHyper%5D%20Liquid%60qojqva,0,462933,463,0.000175369952953128,Pro,midlane radiant
1238000,58,57,radiant,%5BHyper%5D%20Liquid%60qojqva,0,463467,464,0.000175748721750003,Pro,midlane radiant
1239533,56,58,radiant,%5BHyper%5D%20Liquid%60qojqva,0,465000,465,0.000176127490546878,Pro,midlane radiant
1240000,57,58,radiant,%5BHyper%5D%20Liquid%60qojqva,0,465467,466,0.000176506259343753,Pro,midlane radiant
1241333,58,58,radiant,%5BHyper%5D%20Liquid%60qojqva,0,466800,467,0.000176885028140628,Pro,midlane radiant
1241333,58,58,radiant,%5BHyper%5D%20Liquid%60qojqva,0,466800,468,0.000177263796937503,Pro,midlane radiant
1243066,58,58,radiant,%5BHyper%5D%20Liquid%60qojqva,0,468533,469,0.000177642565734378,Pro,midlane radiant
1243066,58,58,radiant,%5BHyper%5D%20Liquid%60qojqva,0,468533,470,0.000178021334531253,Pro,midlane radiant
1245400,58,57,radiant,%5BHyper%5D%20Liquid%60qojqva,0,470867,471,0.000178400103328128,Pro,midlane radiant
1246533,60,58,radiant,%5BHyper%5D%20Liquid%60qojqva,0,472000,472,0.000178778872125003,Pro,midlane radiant
1247266,61,57,radiant,%5BHyper%5D%20Liquid%60qojqva,0,472733,473,0.000179157640921878,Pro,midlane radiant
1248333,60,57,radiant,%5BHyper%5D%20Liquid%60qojqva,0,473800,474,0.000179536409718753,Pro,midlane radiant
1249066,62,58,radiant,%5BHyper%5D%20Liquid%60qojqva,0,474533,475,0.000179915178515628,Pro,midlane dire
1250533,60,57,radiant,%5BHyper%5D%20Liquid%60qojqva,0,476000,476,0.000180293947312503,Pro,midlane radiant
1251533,58,55,radiant,%5BHyper%5D%20Liquid%60qojqva,0,477000,477,0.000180672716109378,Pro,midlane radiant
1252266,57,53,radiant,%5BHyper%5D%20Liquid%60qojqva,0,477733,478,0.000181051484906253,Pro,midlane radiant
1253266,55,51,radiant,%5BHyper%5D%20Liquid%60qojqva,0,478733,479,0.000181430253703128,Pro,midlane radiant
1254466,54,48,radiant,%5BHyper%5D%20Liquid%60qojqva,0,479933,480,0.000181809022500003,Pro,midlane radiant
1254933,54,47,radiant,%5BHyper%5D%20Liquid%60qojqva,0,480400,481,0.000182187791296878,Pro,midlane radiant
1256533,55,50,radiant,%5BHyper%5D%20Liquid%60qojqva,0,482000,482,0.000182566560093753,Pro,midlane radiant
1257400,56,52,radiant,%5BHyper%5D%20Liquid%60qojqva,0,482867,483,0.000182945328890628,Pro,midlane radiant
1258533,55,54,radiant,%5BHyper%5D%20Liquid%60qojqva,0,484000,484,0.000183324097687503,Pro,midlane radiant
1259533,53,56,radiant,%5BHyper%5D%20Liquid%60qojqva,0,485000,485,0.000183702866484378,Pro,midlane radiant
1260333,51,57,radiant,%5BHyper%5D%20Liquid%60qojqva,0,485800,486,0.000184081635281253,Pro,midlane radiant
1261533,50,60,radiant,%5BHyper%5D%20Liquid%60qojqva,0,487000,487,0.000184460404078128,Pro,jungle radiant
1262333,50,62,radiant,%5BHyper%5D%20Liquid%60qojqva,0,487800,488,0.000184839172875003,Pro,jungle radiant
1262333,50,62,radiant,%5BHyper%5D%20Liquid%60qojqva,0,487800,489,0.000185217941671878,Pro,jungle radiant
1264533,50,59,radiant,%5BHyper%5D%20Liquid%60qojqva,0,490000,490,0.000185596710468753,Pro,jungle radiant
1265266,51,57,radiant,%5BHyper%5D%20Liquid%60qojqva,0,490733,491,0.000185975479265628,Pro,midlane radiant
1266533,54,57,radiant,%5BHyper%5D%20Liquid%60qojqva,0,492000,492,0.000186354248062503,Pro,midlane radiant
1267266,56,57,radiant,%5BHyper%5D%20Liquid%60qojqva,0,492733,493,0.000186733016859378,Pro,midlane radiant
1268400,59,58,radiant,%5BHyper%5D%20Liquid%60qojqva,0,493867,494,0.000187111785656253,Pro,midlane radiant
1269266,61,59,radiant,%5BHyper%5D%20Liquid%60qojqva,0,494733,495,0.000187490554453128,Pro,midlane dire
1270533,62,59,radiant,%5BHyper%5D%20Liquid%60qojqva,0,496000,496,0.000187869323250003,Pro,midlane dire
1271400,63,59,radiant,%5BHyper%5D%20Liquid%60qojqva,0,496867,497,0.000188248092046878,Pro,midlane dire
1272533,62,59,radiant,%5BHyper%5D%20Liquid%60qojqva,0,498000,498,0.000188626860843753,Pro,midlane dire
1273000,62,59,radiant,%5BHyper%5D%20Liquid%60qojqva,0,498467,499,0.000189005629640628,Pro,midlane dire
1274266,62,60,radiant,%5BHyper%5D%20Liquid%60qojqva,0,499733,500,0.000189384398437503,Pro,midlane dire
1274266,62,60,radiant,%5BHyper%5D%20Liquid%60qojqva,0,499733,501,0.000189763167234378,Pro,midlane dire
1275733,61,60,radiant,%5BHyper%5D%20Liquid%60qojqva,0,501200,502,0.000190141936031253,Pro,midlane dire
1277466,62,61,radiant,%5BHyper%5D%20Liquid%60qojqva,0,502933,503,0.000190520704828128,Pro,midlane dire
1278533,62,60,radiant,%5BHyper%5D%20Liquid%60qojqva,0,504000,504,0.000190899473625003,Pro,midlane dire
1278533,62,60,radiant,%5BHyper%5D%20Liquid%60qojqva,0,504000,505,0.000191278242421878,Pro,midlane dire
1280200,63,60,radiant,%5BHyper%5D%20Liquid%60qojqva,0,505667,506,0.000191657011218753,Pro,midlane dire
1281533,63,61,radiant,%5BHyper%5D%20Liquid%60qojqva,0,507000,507,0.000192035780015628,Pro,midlane dire
1281533,63,61,radiant,%5BHyper%5D%20Liquid%60qojqva,0,507000,508,0.000192414548812503,Pro,midlane dire
1283400,65,62,radiant,%5BHyper%5D%20Liquid%60qojqva,0,508867,509,0.000192793317609378,Pro,midlane dire
1284400,64,62,radiant,%5BHyper%5D%20Liquid%60qojqva,0,509867,510,0.000193172086406253,Pro,midlane dire
1285400,64,62,radiant,%5BHyper%5D%20Liquid%60qojqva,0,510867,511,0.000193550855203128,Pro,midlane dire
1285800,65,62,radiant,%5BHyper%5D%20Liquid%60qojqva,0,511267,512,0.000193929624000003,Pro,midlane dire
1287533,62,61,radiant,%5BHyper%5D%20Liquid%60qojqva,0,513000,513,0.000194308392796878,Pro,midlane dire
1288466,61,59,radiant,%5BHyper%5D%20Liquid%60qojqva,0,513933,514,0.000194687161593753,Pro,midlane dire
1289466,59,57,radiant,%5BHyper%5D%20Liquid%60qojqva,0,514933,515,0.000195065930390628,Pro,midlane radiant
1290200,58,55,radiant,%5BHyper%5D%20Liquid%60qojqva,0,515667,516,0.000195444699187503,Pro,midlane radiant
1291466,58,52,radiant,%5BHyper%5D%20Liquid%60qojqva,0,516933,517,0.000195823467984378,Pro,midlane radiant
1292266,58,50,radiant,%5BHyper%5D%20Liquid%60qojqva,0,517733,518,0.000196202236781253,Pro,void radiant
1293400,59,47,radiant,%5BHyper%5D%20Liquid%60qojqva,0,518867,519,0.000196581005578128,Pro,jungle radiant
1294533,59,44,radiant,%5BHyper%5D%20Liquid%60qojqva,0,520000,520,0.000196959774375003,Pro,jungle radiant
1295333,60,42,radiant,%5BHyper%5D%20Liquid%60qojqva,0,520800,521,0.000197338543171878,Pro,jungle radiant
1296466,60,39,radiant,%5BHyper%5D%20Liquid%60qojqva,0,521933,522,0.000197717311968753,Pro,jungle radiant
1297200,60,37,radiant,%5BHyper%5D%20Liquid%60qojqva,0,522667,523,0.000198096080765628,Pro,jungle radiant
1297200,60,37,radiant,%5BHyper%5D%20Liquid%60qojqva,0,522667,524,0.000198474849562503,Pro,jungle radiant
1298600,60,38,radiant,%5BHyper%5D%20Liquid%60qojqva,0,524067,525,0.000198853618359378,Pro,jungle radiant
1298600,60,38,radiant,%5BHyper%5D%20Liquid%60qojqva,0,524067,526,0.000199232387156253,Pro,jungle radiant
1301533,60,39,radiant,%5BHyper%5D%20Liquid%60qojqva,0,527000,527,0.000199611155953128,Pro,jungle radiant
1301733,60,38,radiant,%5BHyper%5D%20Liquid%60qojqva,0,527200,528,0.000199989924750003,Pro,jungle radiant
1302800,60,39,radiant,%5BHyper%5D%20Liquid%60qojqva,0,528267,529,0.000200368693546878,Pro,jungle radiant
1302800,60,39,radiant,%5BHyper%5D%20Liquid%60qojqva,0,528267,530,0.000200747462343753,Pro,jungle radiant
1302800,60,39,radiant,%5BHyper%5D%20Liquid%60qojqva,0,528267,531,0.000201126231140628,Pro,jungle radiant
1302800,60,39,radiant,%5BHyper%5D%20Liquid%60qojqva,0,528267,532,0.000201504999937503,Pro,jungle radiant
1307133,60,40,radiant,%5BHyper%5D%20Liquid%60qojqva,0,532600,533,0.000201883768734378,Pro,jungle radiant
1307133,60,40,radiant,%5BHyper%5D%20Liquid%60qojqva,0,532600,534,0.000202262537531253,Pro,jungle radiant
1307133,60,40,radiant,%5BHyper%5D%20Liquid%60qojqva,0,532600,535,0.000202641306328128,Pro,jungle radiant
1307133,60,40,radiant,%5BHyper%5D%20Liquid%60qojqva,0,532600,536,0.000203020075125003,Pro,jungle radiant
1311400,60,41,radiant,%5BHyper%5D%20Liquid%60qojqva,0,536867,537,0.000203398843921878,Pro,jungle radiant
1312533,60,44,radiant,%5BHyper%5D%20Liquid%60qojqva,0,538000,538,0.000203777612718753,Pro,jungle radiant
1313333,59,46,radiant,%5BHyper%5D%20Liquid%60qojqva,0,538800,539,0.000204156381515628,Pro,jungle radiant
1314533,58,46,radiant,%5BHyper%5D%20Liquid%60qojqva,0,540000,540,0.000204535150312503,Pro,jungle radiant
1315400,57,44,radiant,%5BHyper%5D%20Liquid%60qojqva,0,540867,541,0.000204913919109378,Pro,jungle radiant
1316400,56,42,radiant,%5BHyper%5D%20Liquid%60qojqva,0,541867,542,0.000205292687906253,Pro,jungle radiant
1317333,54,40,radiant,%5BHyper%5D%20Liquid%60qojqva,0,542800,543,0.000205671456703128,Pro,jungle radiant
1318466,52,40,radiant,%5BHyper%5D%20Liquid%60qojqva,0,543933,544,0.000206050225500003,Pro,jungle radiant
1319266,53,38,radiant,%5BHyper%5D%20Liquid%60qojqva,0,544733,545,0.000206428994296878,Pro,jungle radiant
1320533,56,36,radiant,%5BHyper%5D%20Liquid%60qojqva,0,546000,546,0.000206807763093753,Pro,jungle radiant
1321466,58,37,radiant,%5BHyper%5D%20Liquid%60qojqva,0,546933,547,0.000207186531890628,Pro,jungle radiant
1322466,60,38,radiant,%5BHyper%5D%20Liquid%60qojqva,0,547933,548,0.000207565300687503,Pro,jungle radiant
1323466,63,39,radiant,%5BHyper%5D%20Liquid%60qojqva,0,548933,549,0.000207944069484378,Pro,jungle radiant
1324533,65,38,radiant,%5BHyper%5D%20Liquid%60qojqva,0,550000,550,0.000208322838281253,Pro,jungle radiant
1325533,68,37,radiant,%5BHyper%5D%20Liquid%60qojqva,0,551000,551,0.000208701607078128,Pro,jungle radiant
1326266,69,35,radiant,%5BHyper%5D%20Liquid%60qojqva,0,551733,552,0.000209080375875003,Pro,jungle radiant
1327466,70,32,radiant,%5BHyper%5D%20Liquid%60qojqva,0,552933,553,0.000209459144671878,Pro,jungle radiant
1328333,71,30,radiant,%5BHyper%5D%20Liquid%60qojqva,0,553800,554,0.000209837913468753,Pro,jungle radiant
1329533,74,29,radiant,%5BHyper%5D%20Liquid%60qojqva,0,555000,555,0.000210216682265628,Pro,jungle radiant
1330466,75,29,radiant,%5BHyper%5D%20Liquid%60qojqva,0,555933,556,0.000210595451062503,Pro,jungle radiant
1331066,73,29,radiant,%5BHyper%5D%20Liquid%60qojqva,0,556533,557,0.000210974219859378,Pro,jungle radiant
1332333,75,30,radiant,%5BHyper%5D%20Liquid%60qojqva,0,557800,558,0.000211352988656253,Pro,jungle radiant
1333333,76,30,radiant,%5BHyper%5D%20Liquid%60qojqva,0,558800,559,0.000211731757453128,Pro,jungle radiant
1334533,79,28,radiant,%5BHyper%5D%20Liquid%60qojqva,0,560000,560,0.000212110526250003,Pro,jungle radiant
1335533,81,30,radiant,%5BHyper%5D%20Liquid%60qojqva,0,561000,561,0.000212489295046878,Pro,jungle radiant
1336533,81,33,radiant,%5BHyper%5D%20Liquid%60qojqva,0,562000,562,0.000212868063843753,Pro,jungle radiant
1337200,81,35,radiant,%5BHyper%5D%20Liquid%60qojqva,0,562667,563,0.000213246832640628,Pro,jungle radiant
1338333,81,38,radiant,%5BHyper%5D%20Liquid%60qojqva,0,563800,564,0.000213625601437503,Pro,void radiant
1339466,82,41,radiant,%5BHyper%5D%20Liquid%60qojqva,0,564933,565,0.000214004370234378,Pro,river
1340333,84,41,radiant,%5BHyper%5D%20Liquid%60qojqva,0,565800,566,0.000214383139031253,Pro,river
1341133,86,41,radiant,%5BHyper%5D%20Liquid%60qojqva,0,566600,567,0.000214761907828128,Pro,river
1342466,83,41,radiant,%5BHyper%5D%20Liquid%60qojqva,0,567933,568,0.000215140676625003,Pro,river
1343533,82,39,radiant,%5BHyper%5D%20Liquid%60qojqva,0,569000,569,0.000215519445421878,Pro,river
1344466,82,36,radiant,%5BHyper%5D%20Liquid%60qojqva,0,569933,570,0.000215898214218753,Pro,jungle radiant
1345466,81,33,radiant,%5BHyper%5D%20Liquid%60qojqva,0,570933,571,0.000216276983015628,Pro,jungle radiant
1346466,81,30,radiant,%5BHyper%5D%20Liquid%60qojqva,0,571933,572,0.000216655751812503,Pro,jungle radiant
1347400,80,28,radiant,%5BHyper%5D%20Liquid%60qojqva,0,572867,573,0.000217034520609378,Pro,jungle radiant
1348400,77,29,radiant,%5BHyper%5D%20Liquid%60qojqva,0,573867,574,0.000217413289406253,Pro,jungle radiant
1348866,76,29,radiant,%5BHyper%5D%20Liquid%60qojqva,0,574333,575,0.000217792058203128,Pro,jungle radiant
1349666,76,30,radiant,%5BHyper%5D%20Liquid%60qojqva,0,575133,576,0.000218170827000003,Pro,jungle radiant
1351066,76,30,radiant,%5BHyper%5D%20Liquid%60qojqva,0,576533,577,0.000218549595796878,Pro,jungle radiant
1352466,76,29,radiant,%5BHyper%5D%20Liquid%60qojqva,0,577933,578,0.000218928364593753,Pro,jungle radiant
1352466,76,29,radiant,%5BHyper%5D%20Liquid%60qojqva,0,577933,579,0.000219307133390628,Pro,jungle radiant
1353933,76,29,radiant,%5BHyper%5D%20Liquid%60qojqva,0,579400,580,0.000219685902187503,Pro,jungle radiant
1354866,75,28,radiant,%5BHyper%5D%20Liquid%60qojqva,0,580333,581,0.000220064670984378,Pro,jungle radiant
1354866,75,28,radiant,%5BHyper%5D%20Liquid%60qojqva,0,580333,582,0.000220443439781253,Pro,jungle radiant
1354866,75,28,radiant,%5BHyper%5D%20Liquid%60qojqva,0,580333,583,0.000220822208578128,Pro,jungle radiant
1354866,75,28,radiant,%5BHyper%5D%20Liquid%60qojqva,0,580333,584,0.000221200977375003,Pro,jungle radiant
1359533,76,28,radiant,%5BHyper%5D%20Liquid%60qojqva,0,585000,585,0.000221579746171878,Pro,jungle radiant
1359533,76,28,radiant,%5BHyper%5D%20Liquid%60qojqva,0,585000,586,0.000221958514968753,Pro,jungle radiant
1361466,78,26,radiant,%5BHyper%5D%20Liquid%60qojqva,0,586933,587,0.000222337283765628,Pro,jungle radiant
1362466,77,24,radiant,%5BHyper%5D%20Liquid%60qojqva,0,587933,588,0.000222716052562503,Pro,jungle radiant
1363200,78,23,radiant,%5BHyper%5D%20Liquid%60qojqva,0,588667,589,0.000223094821359378,Pro,jungle radiant
1364533,81,21,radiant,%5BHyper%5D%20Liquid%60qojqva,0,590000,590,0.000223473590156254,Pro,jungle radiant
1365333,83,21,radiant,%5BHyper%5D%20Liquid%60qojqva,0,590800,591,0.000223852358953129,Pro,jungle radiant
1366533,86,20,radiant,%5BHyper%5D%20Liquid%60qojqva,0,592000,592,0.000224231127750004,Pro,jungle radiant
1367200,85,20,radiant,%5BHyper%5D%20Liquid%60qojqva,0,592667,593,0.000224609896546879,Pro,jungle radiant
1368333,82,21,radiant,%5BHyper%5D%20Liquid%60qojqva,0,593800,594,0.000224988665343754,Pro,jungle radiant
1369400,79,22,radiant,%5BHyper%5D%20Liquid%60qojqva,0,594867,595,0.000225367434140629,Pro,jungle radiant
1370266,77,24,radiant,%5BHyper%5D%20Liquid%60qojqva,0,595733,596,0.000225746202937504,Pro,jungle radiant
1371533,75,27,radiant,%5BHyper%5D%20Liquid%60qojqva,0,597000,597,0.000226124971734379,Pro,jungle radiant
1372066,73,28,radiant,%5BHyper%5D%20Liquid%60qojqva,0,597533,598,0.000226503740531254,Pro,jungle radiant
1373200,71,30,radiant,%5BHyper%5D%20Liquid%60qojqva,0,598667,599,0.000226882509328129,Pro,jungle radiant
1374466,70,33,radiant,%5BHyper%5D%20Liquid%60qojqva,0,599933,600,0.000227261278125004,Pro,jungle radiant
1375266,69,35,radiant,%5BHyper%5D%20Liquid%60qojqva,0,600733,601,0.000227640046921879,Pro,jungle radiant
1376400,67,37,radiant,%5BHyper%5D%20Liquid%60qojqva,0,601867,602,0.000228018815718754,Pro,jungle radiant
1377333,65,39,radiant,%5BHyper%5D%20Liquid%60qojqva,0,602800,603,0.000228397584515629,Pro,jungle radiant
1378533,63,38,radiant,%5BHyper%5D%20Liquid%60qojqva,0,604000,604,0.000228776353312504,Pro,jungle radiant
1379400,61,37,radiant,%5BHyper%5D%20Liquid%60qojqva,0,604867,605,0.000229155122109379,Pro,jungle radiant
1380133,61,37,radiant,%5BHyper%5D%20Liquid%60qojqva,0,605600,606,0.000229533890906254,Pro,jungle radiant
1380600,60,37,radiant,%5BHyper%5D%20Liquid%60qojqva,0,606067,607,0.000229912659703129,Pro,jungle radiant
1381800,60,38,radiant,%5BHyper%5D%20Liquid%60qojqva,0,607267,608,0.000230291428500004,Pro,jungle radiant
1381800,60,38,radiant,%5BHyper%5D%20Liquid%60qojqva,0,607267,609,0.000230670197296879,Pro,jungle radiant
1381800,60,38,radiant,%5BHyper%5D%20Liquid%60qojqva,0,607267,610,0.000231048966093754,Pro,jungle radiant
1381800,60,38,radiant,%5BHyper%5D%20Liquid%60qojqva,0,607267,611,0.000231427734890629,Pro,jungle radiant
1381800,60,38,radiant,%5BHyper%5D%20Liquid%60qojqva,0,607267,612,0.000231806503687504,Pro,jungle radiant
1381800,60,38,radiant,%5BHyper%5D%20Liquid%60qojqva,0,607267,613,0.000232185272484379,Pro,jungle radiant
1381800,60,38,radiant,%5BHyper%5D%20Liquid%60qojqva,0,607267,614,0.000232564041281254,Pro,jungle radiant
1389400,60,40,radiant,%5BHyper%5D%20Liquid%60qojqva,0,614867,615,0.000232942810078129,Pro,jungle radiant
1390533,59,43,radiant,%5BHyper%5D%20Liquid%60qojqva,0,616000,616,0.000233321578875004,Pro,jungle radiant
1391533,59,46,radiant,%5BHyper%5D%20Liquid%60qojqva,0,617000,617,0.000233700347671879,Pro,jungle radiant
1392533,59,49,radiant,%5BHyper%5D%20Liquid%60qojqva,0,618000,618,0.000234079116468754,Pro,jungle radiant
1393200,58,51,radiant,%5BHyper%5D%20Liquid%60qojqva,0,618667,619,0.000234457885265629,Pro,midlane radiant
1394266,58,54,radiant,%5BHyper%5D%20Liquid%60qojqva,0,619733,620,0.000234836654062504,Pro,midlane radiant
1395533,60,57,radiant,%5BHyper%5D%20Liquid%60qojqva,0,621000,621,0.000235215422859379,Pro,midlane radiant
1396400,59,57,radiant,%5BHyper%5D%20Liquid%60qojqva,0,621867,622,0.000235594191656254,Pro,midlane radiant
1397266,59,57,radiant,%5BHyper%5D%20Liquid%60qojqva,0,622733,623,0.000235972960453129,Pro,midlane radiant
1398266,59,57,radiant,%5BHyper%5D%20Liquid%60qojqva,0,623733,624,0.000236351729250004,Pro,midlane radiant
1399333,57,55,radiant,%5BHyper%5D%20Liquid%60qojqva,0,624800,625,0.000236730498046879,Pro,midlane radiant
1400533,54,54,radiant,%5BHyper%5D%20Liquid%60qojqva,0,626000,626,0.000237109266843754,Pro,midlane radiant
1401000,53,53,radiant,%5BHyper%5D%20Liquid%60qojqva,0,626467,627,0.000237488035640629,Pro,midlane radiant
1402133,51,52,radiant,%5BHyper%5D%20Liquid%60qojqva,0,627600,628,0.000237866804437504,Pro,midlane radiant
1402133,51,52,radiant,%5BHyper%5D%20Liquid%60qojqva,0,627600,629,0.000238245573234379,Pro,midlane radiant
1404400,49,50,radiant,%5BHyper%5D%20Liquid%60qojqva,0,629867,630,0.000238624342031254,Pro,midlane radiant
1405266,50,51,radiant,%5BHyper%5D%20Liquid%60qojqva,0,630733,631,0.000239003110828129,Pro,midlane radiant
1406333,50,50,radiant,%5BHyper%5D%20Liquid%60qojqva,0,631800,632,0.000239381879625004,Pro,midlane radiant
1407400,52,51,radiant,%5BHyper%5D%20Liquid%60qojqva,0,632867,633,0.000239760648421879,Pro,midlane radiant
1407866,53,52,radiant,%5BHyper%5D%20Liquid%60qojqva,0,633333,634,0.000240139417218754,Pro,midlane radiant
1409066,54,53,radiant,%5BHyper%5D%20Liquid%60qojqva,0,634533,635,0.000240518186015629,Pro,midlane radiant
1409800,55,54,radiant,%5BHyper%5D%20Liquid%60qojqva,0,635267,636,0.000240896954812504,Pro,midlane radiant
1411466,56,54,radiant,%5BHyper%5D%20Liquid%60qojqva,0,636933,637,0.000241275723609379,Pro,midlane radiant
1412400,56,55,radiant,%5BHyper%5D%20Liquid%60qojqva,0,637867,638,0.000241654492406254,Pro,midlane radiant
1413200,55,55,radiant,%5BHyper%5D%20Liquid%60qojqva,0,638667,639,0.000242033261203129,Pro,midlane radiant
1414466,58,56,radiant,%5BHyper%5D%20Liquid%60qojqva,0,639933,640,0.000242412030000004,Pro,midlane radiant
1414933,59,57,radiant,%5BHyper%5D%20Liquid%60qojqva,0,640400,641,0.000242790798796879,Pro,midlane radiant
1416533,56,56,radiant,%5BHyper%5D%20Liquid%60qojqva,0,642000,642,0.000243169567593754,Pro,midlane radiant
1417466,58,57,radiant,%5BHyper%5D%20Liquid%60qojqva,0,642933,643,0.000243548336390629,Pro,midlane radiant
1417466,58,57,radiant,%5BHyper%5D%20Liquid%60qojqva,0,642933,644,0.000243927105187504,Pro,midlane radiant
1417466,58,57,radiant,%5BHyper%5D%20Liquid%60qojqva,0,642933,645,0.000244305873984379,Pro,midlane radiant
1419933,58,57,radiant,%5BHyper%5D%20Liquid%60qojqva,0,645400,646,0.000244684642781254,Pro,midlane radiant
1421000,57,57,radiant,%5BHyper%5D%20Liquid%60qojqva,0,646467,647,0.000245063411578129,Pro,midlane radiant
1422333,57,56,radiant,%5BHyper%5D%20Liquid%60qojqva,0,647800,648,0.000245442180375004,Pro,midlane radiant
1422933,58,57,radiant,%5BHyper%5D%20Liquid%60qojqva,0,648400,649,0.000245820949171879,Pro,midlane radiant
1424266,57,57,radiant,%5BHyper%5D%20Liquid%60qojqva,0,649733,650,0.000246199717968754,Pro,midlane radiant
1425400,56,57,radiant,%5BHyper%5D%20Liquid%60qojqva,0,650867,651,0.000246578486765629,Pro,midlane radiant
1426533,56,57,radiant,%5BHyper%5D%20Liquid%60qojqva,0,652000,652,0.000246957255562504,Pro,midlane radiant
1427400,56,57,radiant,%5BHyper%5D%20Liquid%60qojqva,0,652867,653,0.000247336024359379,Pro,midlane radiant
1428000,57,58,radiant,%5BHyper%5D%20Liquid%60qojqva,0,653467,654,0.000247714793156254,Pro,midlane radiant
1428000,57,58,radiant,%5BHyper%5D%20Liquid%60qojqva,0,653467,655,0.000248093561953129,Pro,midlane radiant
1430333,58,57,radiant,%5BHyper%5D%20Liquid%60qojqva,0,655800,656,0.000248472330750004,Pro,midlane radiant
1431266,58,54,radiant,%5BHyper%5D%20Liquid%60qojqva,0,656733,657,0.000248851099546879,Pro,midlane radiant
1432533,59,56,radiant,%5BHyper%5D%20Liquid%60qojqva,0,658000,658,0.000249229868343754,Pro,midlane radiant
1433400,60,57,radiant,%5BHyper%5D%20Liquid%60qojqva,0,658867,659,0.000249608637140629,Pro,midlane radiant
1433933,61,58,radiant,%5BHyper%5D%20Liquid%60qojqva,0,659400,660,0.000249987405937504,Pro,midlane radiant
1435266,60,57,radiant,%5BHyper%5D%20Liquid%60qojqva,0,660733,661,0.000250366174734379,Pro,midlane radiant
1436400,60,57,radiant,%5BHyper%5D%20Liquid%60qojqva,0,661867,662,0.000250744943531254,Pro,midlane radiant
1437466,62,59,radiant,%5BHyper%5D%20Liquid%60qojqva,0,662933,663,0.000251123712328129,Pro,midlane dire
1438466,63,61,radiant,%5BHyper%5D%20Liquid%60qojqva,0,663933,664,0.000251502481125004,Pro,midlane dire
1439000,62,62,radiant,%5BHyper%5D%20Liquid%60qojqva,0,664467,665,0.000251881249921879,Pro,midlane dire
1440333,63,61,radiant,%5BHyper%5D%20Liquid%60qojqva,0,665800,666,0.000252260018718754,Pro,midlane dire
1441533,64,62,radiant,%5BHyper%5D%20Liquid%60qojqva,0,667000,667,0.000252638787515629,Pro,midlane dire
1441533,64,62,radiant,%5BHyper%5D%20Liquid%60qojqva,0,667000,668,0.000253017556312504,Pro,midlane dire
1443400,62,60,radiant,%5BHyper%5D%20Liquid%60qojqva,0,668867,669,0.000253396325109379,Pro,midlane dire
1444200,60,59,radiant,%5BHyper%5D%20Liquid%60qojqva,0,669667,670,0.000253775093906254,Pro,midlane radiant
1445466,60,58,radiant,%5BHyper%5D%20Liquid%60qojqva,0,670933,671,0.000254153862703129,Pro,midlane radiant
1446466,62,60,radiant,%5BHyper%5D%20Liquid%60qojqva,0,671933,672,0.000254532631500004,Pro,midlane dire
1447000,63,61,radiant,%5BHyper%5D%20Liquid%60qojqva,0,672467,673,0.000254911400296879,Pro,midlane dire
1448133,62,61,radiant,%5BHyper%5D%20Liquid%60qojqva,0,673600,674,0.000255290169093754,Pro,midlane dire
1448866,63,61,radiant,%5BHyper%5D%20Liquid%60qojqva,0,674333,675,0.000255668937890629,Pro,midlane dire
1450466,63,60,radiant,%5BHyper%5D%20Liquid%60qojqva,0,675933,676,0.000256047706687504,Pro,midlane dire
1450466,63,60,radiant,%5BHyper%5D%20Liquid%60qojqva,0,675933,677,0.000256426475484379,Pro,midlane dire
1450466,63,60,radiant,%5BHyper%5D%20Liquid%60qojqva,0,675933,678,0.000256805244281254,Pro,midlane dire
1450466,63,60,radiant,%5BHyper%5D%20Liquid%60qojqva,0,675933,679,0.000257184013078129,Pro,midlane dire
1454466,64,62,radiant,%5BHyper%5D%20Liquid%60qojqva,0,679933,680,0.000257562781875004,Pro,midlane dire
1454800,65,62,radiant,%5BHyper%5D%20Liquid%60qojqva,0,680267,681,0.000257941550671879,Pro,midlane dire
1454800,65,62,radiant,%5BHyper%5D%20Liquid%60qojqva,0,680267,682,0.000258320319468754,Pro,midlane dire
1454800,65,62,radiant,%5BHyper%5D%20Liquid%60qojqva,0,680267,683,0.000258699088265629,Pro,midlane dire
1458533,63,65,radiant,%5BHyper%5D%20Liquid%60qojqva,0,684000,684,0.000259077857062504,Pro,midlane dire
1459466,60,66,radiant,%5BHyper%5D%20Liquid%60qojqva,0,684933,685,0.000259456625859379,Pro,jungle dire
1460466,58,68,radiant,%5BHyper%5D%20Liquid%60qojqva,0,685933,686,0.000259835394656254,Pro,jungle dire
1461400,56,69,radiant,%5BHyper%5D%20Liquid%60qojqva,0,686867,687,0.000260214163453129,Pro,jungle dire
1462200,54,70,radiant,%5BHyper%5D%20Liquid%60qojqva,0,687667,688,0.000260592932250004,Pro,void dire
1463466,51,71,radiant,%5BHyper%5D%20Liquid%60qojqva,0,688933,689,0.000260971701046879,Pro,river
1464266,49,72,radiant,%5BHyper%5D%20Liquid%60qojqva,0,689733,690,0.000261350469843754,Pro,river
1465400,48,73,radiant,%5BHyper%5D%20Liquid%60qojqva,0,690867,691,0.000261729238640629,Pro,river
1466466,52,71,radiant,%5BHyper%5D%20Liquid%60qojqva,0,691933,692,0.000262108007437504,Pro,river
1467533,56,70,radiant,%5BHyper%5D%20Liquid%60qojqva,0,693000,693,0.000262486776234379,Pro,jungle dire
1468400,59,68,radiant,%5BHyper%5D%20Liquid%60qojqva,0,693867,694,0.000262865545031254,Pro,jungle dire
1469400,62,67,radiant,%5BHyper%5D%20Liquid%60qojqva,0,694867,695,0.000263244313828129,Pro,midlane dire
1470533,65,66,radiant,%5BHyper%5D%20Liquid%60qojqva,0,696000,696,0.000263623082625004,Pro,midlane dire
1471400,67,65,radiant,%5BHyper%5D%20Liquid%60qojqva,0,696867,697,0.000264001851421879,Pro,midlane dire
1472400,70,65,radiant,%5BHyper%5D%20Liquid%60qojqva,0,697867,698,0.000264380620218754,Pro,midlane dire
1473466,71,65,radiant,%5BHyper%5D%20Liquid%60qojqva,0,698933,699,0.000264759389015629,Pro,midlane dire
1473666,72,65,radiant,%5BHyper%5D%20Liquid%60qojqva,0,699133,700,0.000265138157812504,Pro,midlane dire
1475400,73,65,radiant,%5BHyper%5D%20Liquid%60qojqva,0,700867,701,0.000265516926609379,Pro,midlane dire
1476333,76,66,radiant,%5BHyper%5D%20Liquid%60qojqva,0,701800,702,0.000265895695406254,Pro,midlane dire
1476333,76,66,radiant,%5BHyper%5D%20Liquid%60qojqva,0,701800,703,0.000266274464203129,Pro,midlane dire
1476333,76,66,radiant,%5BHyper%5D%20Liquid%60qojqva,0,701800,704,0.000266653233000004,Pro,midlane dire
1476333,76,66,radiant,%5BHyper%5D%20Liquid%60qojqva,0,701800,705,0.000267032001796879,Pro,midlane dire
1476333,76,66,radiant,%5BHyper%5D%20Liquid%60qojqva,0,701800,706,0.000267410770593754,Pro,midlane dire
1481533,77,69,radiant,%5BHyper%5D%20Liquid%60qojqva,0,707000,707,0.000267789539390629,Pro,midlane dire
1482266,76,71,radiant,%5BHyper%5D%20Liquid%60qojqva,0,707733,708,0.000268168308187504,Pro,midlane dire
1483400,74,74,radiant,%5BHyper%5D%20Liquid%60qojqva,0,708867,709,0.000268547076984379,Pro,midlane dire
1484400,72,75,radiant,%5BHyper%5D%20Liquid%60qojqva,0,709867,710,0.000268925845781254,Pro,midlane dire
1485200,70,76,radiant,%5BHyper%5D%20Liquid%60qojqva,0,710667,711,0.000269304614578129,Pro,midlane dire
1486333,67,76,radiant,%5BHyper%5D%20Liquid%60qojqva,0,711800,712,0.000269683383375004,Pro,midlane dire
1486333,67,76,radiant,%5BHyper%5D%20Liquid%60qojqva,0,711800,713,0.000270062152171879,Pro,midlane dire
1488200,68,76,radiant,%5BHyper%5D%20Liquid%60qojqva,0,713667,714,0.000270440920968754,Pro,midlane dire
1488200,68,76,radiant,%5BHyper%5D%20Liquid%60qojqva,0,713667,715,0.000270819689765629,Pro,midlane dire
1490266,67,76,radiant,%5BHyper%5D%20Liquid%60qojqva,0,715733,716,0.000271198458562504,Pro,midlane dire
1491333,65,74,radiant,%5BHyper%5D%20Liquid%60qojqva,0,716800,717,0.000271577227359379,Pro,midlane dire
1492066,63,73,radiant,%5BHyper%5D%20Liquid%60qojqva,0,717533,718,0.000271955996156254,Pro,midlane dire
1492066,63,73,radiant,%5BHyper%5D%20Liquid%60qojqva,0,717533,719,0.000272334764953129,Pro,midlane dire
1494266,62,72,radiant,%5BHyper%5D%20Liquid%60qojqva,0,719733,720,0.000272713533750004,Pro,jungle dire
1495266,60,71,radiant,%5BHyper%5D%20Liquid%60qojqva,0,720733,721,0.000273092302546879,Pro,jungle dire
1496400,57,71,radiant,%5BHyper%5D%20Liquid%60qojqva,0,721867,722,0.000273471071343754,Pro,jungle dire
1496666,57,70,radiant,%5BHyper%5D%20Liquid%60qojqva,0,722133,723,0.000273849840140629,Pro,jungle dire
1498400,60,71,radiant,%5BHyper%5D%20Liquid%60qojqva,0,723867,724,0.000274228608937504,Pro,jungle dire
1498933,61,70,radiant,%5BHyper%5D%20Liquid%60qojqva,0,724400,725,0.000274607377734379,Pro,jungle dire
1500400,61,67,radiant,%5BHyper%5D%20Liquid%60qojqva,0,725867,726,0.000274986146531254,Pro,void dire
1501533,61,64,radiant,%5BHyper%5D%20Liquid%60qojqva,0,727000,727,0.000275364915328129,Pro,midlane dire
1502466,62,62,radiant,%5BHyper%5D%20Liquid%60qojqva,0,727933,728,0.000275743684125004,Pro,midlane dire
1502733,63,62,radiant,%5BHyper%5D%20Liquid%60qojqva,0,728200,729,0.000276122452921879,Pro,midlane dire
1502733,63,62,radiant,%5BHyper%5D%20Liquid%60qojqva,0,728200,730,0.000276501221718754,Pro,midlane dire
1502733,63,62,radiant,%5BHyper%5D%20Liquid%60qojqva,0,728200,731,0.000276879990515629,Pro,midlane dire
1506533,61,61,radiant,%5BHyper%5D%20Liquid%60qojqva,0,732000,732,0.000277258759312504,Pro,midlane dire
1506733,61,60,radiant,%5BHyper%5D%20Liquid%60qojqva,0,732200,733,0.000277637528109379,Pro,midlane dire
1508400,61,59,radiant,%5BHyper%5D%20Liquid%60qojqva,0,733867,734,0.000278016296906254,Pro,midlane dire
1508400,61,59,radiant,%5BHyper%5D%20Liquid%60qojqva,0,733867,735,0.000278395065703129,Pro,midlane dire
1510533,60,57,radiant,%5BHyper%5D%20Liquid%60qojqva,0,736000,736,0.000278773834500004,Pro,midlane radiant
1511533,58,55,radiant,%5BHyper%5D%20Liquid%60qojqva,0,737000,737,0.000279152603296879,Pro,midlane radiant
1512266,57,55,radiant,%5BHyper%5D%20Liquid%60qojqva,0,737733,738,0.000279531372093754,Pro,midlane radiant
1513466,55,56,radiant,%5BHyper%5D%20Liquid%60qojqva,0,738933,739,0.000279910140890629,Pro,midlane radiant
1513466,55,56,radiant,%5BHyper%5D%20Liquid%60qojqva,0,738933,740,0.000280288909687504,Pro,midlane radiant
1515266,54,55,radiant,%5BHyper%5D%20Liquid%60qojqva,0,740733,741,0.000280667678484379,Pro,midlane radiant
1516200,52,54,radiant,%5BHyper%5D%20Liquid%60qojqva,0,741667,742,0.000281046447281254,Pro,midlane radiant
1516200,52,54,radiant,%5BHyper%5D%20Liquid%60qojqva,0,741667,743,0.000281425216078129,Pro,midlane radiant
1518466,52,52,radiant,%5BHyper%5D%20Liquid%60qojqva,0,743933,744,0.000281803984875004,Pro,midlane radiant
1519266,53,50,radiant,%5BHyper%5D%20Liquid%60qojqva,0,744733,745,0.000282182753671879,Pro,midlane radiant
1520466,54,50,radiant,%5BHyper%5D%20Liquid%60qojqva,0,745933,746,0.000282561522468754,Pro,midlane radiant
1521466,55,52,radiant,%5BHyper%5D%20Liquid%60qojqva,0,746933,747,0.000282940291265629,Pro,midlane radiant
1522000,56,53,radiant,%5BHyper%5D%20Liquid%60qojqva,0,747467,748,0.000283319060062504,Pro,midlane radiant
1522666,56,54,radiant,%5BHyper%5D%20Liquid%60qojqva,0,748133,749,0.000283697828859379,Pro,midlane radiant
1524266,57,54,radiant,%5BHyper%5D%20Liquid%60qojqva,0,749733,750,0.000284076597656254,Pro,midlane radiant
1525533,56,54,radiant,%5BHyper%5D%20Liquid%60qojqva,0,751000,751,0.000284455366453129,Pro,midlane radiant
1526066,56,53,radiant,%5BHyper%5D%20Liquid%60qojqva,0,751533,752,0.000284834135250004,Pro,midlane radiant
1526666,57,54,radiant,%5BHyper%5D%20Liquid%60qojqva,0,752133,753,0.000285212904046879,Pro,midlane radiant
1528333,57,53,radiant,%5BHyper%5D%20Liquid%60qojqva,0,753800,754,0.000285591672843754,Pro,midlane radiant
1529400,58,55,radiant,%5BHyper%5D%20Liquid%60qojqva,0,754867,755,0.000285970441640629,Pro,midlane radiant
1530133,59,57,radiant,%5BHyper%5D%20Liquid%60qojqva,0,755600,756,0.000286349210437504,Pro,midlane radiant
1530133,59,57,radiant,%5BHyper%5D%20Liquid%60qojqva,0,755600,757,0.000286727979234379,Pro,midlane radiant
1530133,59,57,radiant,%5BHyper%5D%20Liquid%60qojqva,0,755600,758,0.000287106748031254,Pro,midlane radiant
1533200,60,57,radiant,%5BHyper%5D%20Liquid%60qojqva,0,758667,759,0.000287485516828129,Pro,midlane radiant
1534333,60,56,radiant,%5BHyper%5D%20Liquid%60qojqva,0,759800,760,0.000287864285625004,Pro,midlane radiant
1534333,60,56,radiant,%5BHyper%5D%20Liquid%60qojqva,0,759800,761,0.00028824305442188,Pro,midlane radiant
1535666,61,57,radiant,%5BHyper%5D%20Liquid%60qojqva,0,761133,762,0.000288621823218755,Pro,midlane radiant
1537400,61,56,radiant,%5BHyper%5D%20Liquid%60qojqva,0,762867,763,0.00028900059201563,Pro,midlane radiant
1537400,61,56,radiant,%5BHyper%5D%20Liquid%60qojqva,0,762867,764,0.000289379360812505,Pro,midlane radiant
1539266,61,56,radiant,%5BHyper%5D%20Liquid%60qojqva,0,764733,765,0.00028975812960938,Pro,midlane radiant
1539866,61,57,radiant,%5BHyper%5D%20Liquid%60qojqva,0,765333,766,0.000290136898406255,Pro,midlane radiant
1541266,61,59,radiant,%5BHyper%5D%20Liquid%60qojqva,0,766733,767,0.00029051566720313,Pro,midlane dire
1542533,59,59,radiant,%5BHyper%5D%20Liquid%60qojqva,0,768000,768,0.000290894436000005,Pro,midlane radiant
1542533,59,59,radiant,%5BHyper%5D%20Liquid%60qojqva,0,768000,769,0.00029127320479688,Pro,midlane radiant
1544266,61,60,radiant,%5BHyper%5D%20Liquid%60qojqva,0,769733,770,0.000291651973593755,Pro,midlane dire
1544266,61,60,radiant,%5BHyper%5D%20Liquid%60qojqva,0,769733,771,0.00029203074239063,Pro,midlane dire
1544266,61,60,radiant,%5BHyper%5D%20Liquid%60qojqva,0,769733,772,0.000292409511187505,Pro,midlane dire
1547066,60,59,radiant,%5BHyper%5D%20Liquid%60qojqva,0,772533,773,0.00029278827998438,Pro,midlane radiant
1548133,58,58,radiant,%5BHyper%5D%20Liquid%60qojqva,0,773600,774,0.000293167048781255,Pro,midlane radiant
1549533,57,55,radiant,%5BHyper%5D%20Liquid%60qojqva,0,775000,775,0.00029354581757813,Pro,midlane radiant
1550266,55,53,radiant,%5BHyper%5D%20Liquid%60qojqva,0,775733,776,0.000293924586375005,Pro,midlane radiant
1551400,53,50,radiant,%5BHyper%5D%20Liquid%60qojqva,0,776867,777,0.00029430335517188,Pro,midlane radiant
1551400,53,50,radiant,%5BHyper%5D%20Liquid%60qojqva,0,776867,778,0.000294682123968755,Pro,midlane radiant
1551400,53,50,radiant,%5BHyper%5D%20Liquid%60qojqva,0,776867,779,0.00029506089276563,Pro,midlane radiant
1551400,53,50,radiant,%5BHyper%5D%20Liquid%60qojqva,0,776867,780,0.000295439661562505,Pro,midlane radiant
1551400,53,50,radiant,%5BHyper%5D%20Liquid%60qojqva,0,776867,781,0.00029581843035938,Pro,midlane radiant
1551400,53,50,radiant,%5BHyper%5D%20Liquid%60qojqva,0,776867,782,0.000296197199156255,Pro,midlane radiant
1551400,53,50,radiant,%5BHyper%5D%20Liquid%60qojqva,0,776867,783,0.00029657596795313,Pro,midlane radiant
1551400,53,50,radiant,%5BHyper%5D%20Liquid%60qojqva,0,776867,784,0.000296954736750005,Pro,midlane radiant
1551400,53,50,radiant,%5BHyper%5D%20Liquid%60qojqva,0,776867,785,0.00029733350554688,Pro,midlane radiant
1560133,53,50,radiant,%5BHyper%5D%20Liquid%60qojqva,0,785600,786,0.000297712274343755,Pro,midlane radiant
1560133,53,50,radiant,%5BHyper%5D%20Liquid%60qojqva,0,785600,787,0.00029809104314063,Pro,midlane radiant
1560133,53,50,radiant,%5BHyper%5D%20Liquid%60qojqva,0,785600,788,0.000298469811937505,Pro,midlane radiant
1560133,53,50,radiant,%5BHyper%5D%20Liquid%60qojqva,0,785600,789,0.00029884858073438,Pro,midlane radiant
1560133,53,50,radiant,%5BHyper%5D%20Liquid%60qojqva,0,785600,790,0.000299227349531255,Pro,midlane radiant
1560133,53,50,radiant,%5BHyper%5D%20Liquid%60qojqva,0,785600,791,0.00029960611832813,Pro,midlane radiant
1560133,53,50,radiant,%5BHyper%5D%20Liquid%60qojqva,0,785600,792,0.000299984887125005,Pro,midlane radiant
1560133,53,50,radiant,%5BHyper%5D%20Liquid%60qojqva,0,785600,793,0.00030036365592188,Pro,midlane radiant
1560133,53,50,radiant,%5BHyper%5D%20Liquid%60qojqva,0,785600,794,0.000300742424718755,Pro,midlane radiant
1560133,53,50,radiant,%5BHyper%5D%20Liquid%60qojqva,0,785600,795,0.00030112119351563,Pro,midlane radiant
1560133,53,50,radiant,%5BHyper%5D%20Liquid%60qojqva,0,785600,796,0.000301499962312505,Pro,midlane radiant
1560133,53,50,radiant,%5BHyper%5D%20Liquid%60qojqva,0,785600,797,0.00030187873110938,Pro,midlane radiant
1560133,53,50,radiant,%5BHyper%5D%20Liquid%60qojqva,0,785600,798,0.000302257499906255,Pro,midlane radiant
1560133,53,50,radiant,%5BHyper%5D%20Liquid%60qojqva,0,785600,799,0.00030263626870313,Pro,midlane radiant
1560133,53,50,radiant,%5BHyper%5D%20Liquid%60qojqva,0,785600,800,0.000303015037500005,Pro,midlane radiant
1560133,53,50,radiant,%5BHyper%5D%20Liquid%60qojqva,0,785600,801,0.00030339380629688,Pro,midlane radiant
1560133,53,50,radiant,%5BHyper%5D%20Liquid%60qojqva,0,785600,802,0.000303772575093755,Pro,midlane radiant
1560133,53,50,radiant,%5BHyper%5D%20Liquid%60qojqva,0,785600,803,0.00030415134389063,Pro,midlane radiant
1560133,53,50,radiant,%5BHyper%5D%20Liquid%60qojqva,0,785600,804,0.000304530112687505,Pro,midlane radiant
1560133,53,50,radiant,%5BHyper%5D%20Liquid%60qojqva,0,785600,805,0.00030490888148438,Pro,midlane radiant
1560133,53,50,radiant,%5BHyper%5D%20Liquid%60qojqva,0,785600,806,0.000305287650281255,Pro,midlane radiant
1560133,53,50,radiant,%5BHyper%5D%20Liquid%60qojqva,0,785600,807,0.00030566641907813,Pro,midlane radiant
1560133,53,50,radiant,%5BHyper%5D%20Liquid%60qojqva,0,785600,808,0.000306045187875005,Pro,midlane radiant
1560133,53,50,radiant,%5BHyper%5D%20Liquid%60qojqva,0,785600,809,0.00030642395667188,Pro,midlane radiant
1560133,53,50,radiant,%5BHyper%5D%20Liquid%60qojqva,0,785600,810,0.000306802725468755,Pro,midlane radiant
1560133,53,50,radiant,%5BHyper%5D%20Liquid%60qojqva,0,785600,811,0.00030718149426563,Pro,midlane radiant
1560133,53,50,radiant,%5BHyper%5D%20Liquid%60qojqva,0,785600,812,0.000307560263062505,Pro,midlane radiant
1560133,53,50,radiant,%5BHyper%5D%20Liquid%60qojqva,0,785600,813,0.00030793903185938,Pro,midlane radiant
1560133,53,50,radiant,%5BHyper%5D%20Liquid%60qojqva,0,785600,814,0.000308317800656255,Pro,midlane radiant
1560133,53,50,radiant,%5BHyper%5D%20Liquid%60qojqva,0,785600,815,0.00030869656945313,Pro,midlane radiant
1560133,53,50,radiant,%5BHyper%5D%20Liquid%60qojqva,0,785600,816,0.000309075338250005,Pro,midlane radiant
1560133,53,50,radiant,%5BHyper%5D%20Liquid%60qojqva,0,785600,817,0.00030945410704688,Pro,midlane radiant
1592266,9,7,radiant,%5BHyper%5D%20Liquid%60qojqva,0,817733,818,0.000309832875843755,Pro,base1 radiant
1593533,11,10,radiant,%5BHyper%5D%20Liquid%60qojqva,0,819000,819,0.00031021164464063,Pro,base1 radiant
1594333,12,12,radiant,%5BHyper%5D%20Liquid%60qojqva,0,819800,820,0.000310590413437505,Pro,base1 radiant
1595333,13,15,radiant,%5BHyper%5D%20Liquid%60qojqva,0,820800,821,0.00031096918223438,Pro,base1 radiant
1596400,15,18,radiant,%5BHyper%5D%20Liquid%60qojqva,0,821867,822,0.000311347951031255,Pro,base1 radiant
1597466,17,20,radiant,%5BHyper%5D%20Liquid%60qojqva,0,822933,823,0.00031172671982813,Pro,base1 radiant
1598533,20,20,radiant,%5BHyper%5D%20Liquid%60qojqva,0,824000,824,0.000312105488625005,Pro,base1 radiant
1599333,22,21,radiant,%5BHyper%5D%20Liquid%60qojqva,0,824800,825,0.00031248425742188,Pro,base1 radiant
1600400,24,23,radiant,%5BHyper%5D%20Liquid%60qojqva,0,825867,826,0.000312863026218755,Pro,base1 radiant
1601333,26,25,radiant,%5BHyper%5D%20Liquid%60qojqva,0,826800,827,0.00031324179501563,Pro,base1 radiant
1602333,28,26,radiant,%5BHyper%5D%20Liquid%60qojqva,0,827800,828,0.000313620563812505,Pro,base1 radiant
1603400,31,28,radiant,%5BHyper%5D%20Liquid%60qojqva,0,828867,829,0.00031399933260938,Pro,base1 radiant
1604466,34,28,radiant,%5BHyper%5D%20Liquid%60qojqva,0,829933,830,0.000314378101406255,Pro,midlane radiant
1605400,37,28,radiant,%5BHyper%5D%20Liquid%60qojqva,0,830867,831,0.00031475687020313,Pro,midlane radiant
1606333,40,28,radiant,%5BHyper%5D%20Liquid%60qojqva,0,831800,832,0.000315135639000005,Pro,midlane radiant
1607333,43,28,radiant,%5BHyper%5D%20Liquid%60qojqva,0,832800,833,0.00031551440779688,Pro,jungle radiant
1608400,46,28,radiant,%5BHyper%5D%20Liquid%60qojqva,0,833867,834,0.000315893176593755,Pro,jungle radiant
1609533,49,29,radiant,%5BHyper%5D%20Liquid%60qojqva,0,835000,835,0.00031627194539063,Pro,jungle radiant
1610266,51,29,radiant,%5BHyper%5D%20Liquid%60qojqva,0,835733,836,0.000316650714187505,Pro,jungle radiant
1611333,54,29,radiant,%5BHyper%5D%20Liquid%60qojqva,0,836800,837,0.00031702948298438,Pro,jungle radiant
1612066,54,28,radiant,%5BHyper%5D%20Liquid%60qojqva,0,837533,838,0.000317408251781255,Pro,jungle radiant
1612066,54,28,radiant,%5BHyper%5D%20Liquid%60qojqva,0,837533,839,0.00031778702057813,Pro,jungle radiant
1612066,54,28,radiant,%5BHyper%5D%20Liquid%60qojqva,0,837533,840,0.000318165789375005,Pro,jungle radiant
1615466,55,28,radiant,%5BHyper%5D%20Liquid%60qojqva,0,840933,841,0.00031854455817188,Pro,jungle radiant
1615466,55,28,radiant,%5BHyper%5D%20Liquid%60qojqva,0,840933,842,0.000318923326968755,Pro,jungle radiant
1616933,56,28,radiant,%5BHyper%5D%20Liquid%60qojqva,0,842400,843,0.00031930209576563,Pro,jungle radiant
1618200,55,29,radiant,%5BHyper%5D%20Liquid%60qojqva,0,843667,844,0.000319680864562505,Pro,jungle radiant
1619533,54,33,radiant,%5BHyper%5D%20Liquid%60qojqva,0,845000,845,0.00032005963335938,Pro,jungle radiant
1620400,54,36,radiant,%5BHyper%5D%20Liquid%60qojqva,0,845867,846,0.000320438402156255,Pro,jungle radiant
1621466,57,37,radiant,%5BHyper%5D%20Liquid%60qojqva,0,846933,847,0.00032081717095313,Pro,jungle radiant
1622333,59,38,radiant,%5BHyper%5D%20Liquid%60qojqva,0,847800,848,0.000321195939750005,Pro,jungle radiant
1623533,63,39,radiant,%5BHyper%5D%20Liquid%60qojqva,0,849000,849,0.00032157470854688,Pro,jungle radiant
1624533,66,38,radiant,%5BHyper%5D%20Liquid%60qojqva,0,850000,850,0.000321953477343755,Pro,jungle radiant
1625533,68,36,radiant,%5BHyper%5D%20Liquid%60qojqva,0,851000,851,0.00032233224614063,Pro,jungle radiant
1626200,69,34,radiant,%5BHyper%5D%20Liquid%60qojqva,0,851667,852,0.000322711014937505,Pro,jungle radiant
1627266,71,31,radiant,%5BHyper%5D%20Liquid%60qojqva,0,852733,853,0.00032308978373438,Pro,jungle radiant
1628333,73,29,radiant,%5BHyper%5D%20Liquid%60qojqva,0,853800,854,0.000323468552531255,Pro,jungle radiant
1629400,77,29,radiant,%5BHyper%5D%20Liquid%60qojqva,0,854867,855,0.00032384732132813,Pro,jungle radiant
1630266,80,28,radiant,%5BHyper%5D%20Liquid%60qojqva,0,855733,856,0.000324226090125005,Pro,jungle radiant
1631400,84,29,radiant,%5BHyper%5D%20Liquid%60qojqva,0,856867,857,0.00032460485892188,Pro,jungle radiant
1632400,84,30,radiant,%5BHyper%5D%20Liquid%60qojqva,0,857867,858,0.000324983627718755,Pro,jungle radiant
1633533,83,33,radiant,%5BHyper%5D%20Liquid%60qojqva,0,859000,859,0.00032536239651563,Pro,jungle radiant
1634400,82,35,radiant,%5BHyper%5D%20Liquid%60qojqva,0,859867,860,0.000325741165312505,Pro,jungle radiant
1635333,82,38,radiant,%5BHyper%5D%20Liquid%60qojqva,0,860800,861,0.00032611993410938,Pro,void radiant
1636266,82,41,radiant,%5BHyper%5D%20Liquid%60qojqva,0,861733,862,0.000326498702906255,Pro,river
1637266,85,42,radiant,%5BHyper%5D%20Liquid%60qojqva,0,862733,863,0.00032687747170313,Pro,river
1638466,87,42,radiant,%5BHyper%5D%20Liquid%60qojqva,0,863933,864,0.000327256240500005,Pro,river
1639466,88,45,radiant,%5BHyper%5D%20Liquid%60qojqva,0,864933,865,0.00032763500929688,Pro,jungle dire
1640533,86,48,radiant,%5BHyper%5D%20Liquid%60qojqva,0,866000,866,0.000328013778093755,Pro,jungle dire
1641200,86,50,radiant,%5BHyper%5D%20Liquid%60qojqva,0,866667,867,0.00032839254689063,Pro,jungle dire
1642466,90,50,radiant,%5BHyper%5D%20Liquid%60qojqva,0,867933,868,0.000328771315687505,Pro,jungle dire
1643333,93,49,radiant,%5BHyper%5D%20Liquid%60qojqva,0,868800,869,0.00032915008448438,Pro,jungle dire
1644400,92,49,radiant,%5BHyper%5D%20Liquid%60qojqva,0,869867,870,0.000329528853281255,Pro,jungle dire
1645266,89,50,radiant,%5BHyper%5D%20Liquid%60qojqva,0,870733,871,0.00032990762207813,Pro,jungle dire
1646533,85,50,radiant,%5BHyper%5D%20Liquid%60qojqva,0,872000,872,0.000330286390875005,Pro,jungle dire
1647533,82,51,radiant,%5BHyper%5D%20Liquid%60qojqva,0,873000,873,0.00033066515967188,Pro,jungle dire
1648333,80,53,radiant,%5BHyper%5D%20Liquid%60qojqva,0,873800,874,0.000331043928468755,Pro,jungle dire
1649266,79,55,radiant,%5BHyper%5D%20Liquid%60qojqva,0,874733,875,0.00033142269726563,Pro,jungle dire
1650333,79,58,radiant,%5BHyper%5D%20Liquid%60qojqva,0,875800,876,0.000331801466062505,Pro,jungle dire
1651400,78,61,radiant,%5BHyper%5D%20Liquid%60qojqva,0,876867,877,0.00033218023485938,Pro,jungle dire
1652466,76,65,radiant,%5BHyper%5D%20Liquid%60qojqva,0,877933,878,0.000332559003656255,Pro,midlane dire
1653000,76,67,radiant,%5BHyper%5D%20Liquid%60qojqva,0,878467,879,0.00033293777245313,Pro,midlane dire
1654266,79,68,radiant,%5BHyper%5D%20Liquid%60qojqva,0,879733,880,0.000333316541250005,Pro,midlane dire
1654266,79,68,radiant,%5BHyper%5D%20Liquid%60qojqva,0,879733,881,0.00033369531004688,Pro,midlane dire
1656333,79,65,radiant,%5BHyper%5D%20Liquid%60qojqva,0,881800,882,0.000334074078843755,Pro,void dire
1657333,79,62,radiant,%5BHyper%5D%20Liquid%60qojqva,0,882800,883,0.00033445284764063,Pro,jungle dire
1658066,78,60,radiant,%5BHyper%5D%20Liquid%60qojqva,0,883533,884,0.000334831616437505,Pro,jungle dire
1659266,78,58,radiant,%5BHyper%5D%20Liquid%60qojqva,0,884733,885,0.00033521038523438,Pro,jungle dire
1659866,77,57,radiant,%5BHyper%5D%20Liquid%60qojqva,0,885333,886,0.000335589154031255,Pro,jungle dire
1661333,79,58,radiant,%5BHyper%5D%20Liquid%60qojqva,0,886800,887,0.00033596792282813,Pro,jungle dire
1662333,79,55,radiant,%5BHyper%5D%20Liquid%60qojqva,0,887800,888,0.000336346691625005,Pro,jungle dire
1662333,79,55,radiant,%5BHyper%5D%20Liquid%60qojqva,0,887800,889,0.00033672546042188,Pro,jungle dire
1664266,79,57,radiant,%5BHyper%5D%20Liquid%60qojqva,0,889733,890,0.000337104229218755,Pro,jungle dire
1665533,79,54,radiant,%5BHyper%5D%20Liquid%60qojqva,0,891000,891,0.00033748299801563,Pro,jungle dire
1666333,81,53,radiant,%5BHyper%5D%20Liquid%60qojqva,0,891800,892,0.000337861766812505,Pro,jungle dire
1667333,81,50,radiant,%5BHyper%5D%20Liquid%60qojqva,0,892800,893,0.00033824053560938,Pro,jungle dire
1668400,81,47,radiant,%5BHyper%5D%20Liquid%60qojqva,0,893867,894,0.000338619304406255,Pro,river
1669533,79,45,radiant,%5BHyper%5D%20Liquid%60qojqva,0,895000,895,0.00033899807320313,Pro,river
1670533,78,42,radiant,%5BHyper%5D%20Liquid%60qojqva,0,896000,896,0.000339376842000005,Pro,river
1671533,76,42,radiant,%5BHyper%5D%20Liquid%60qojqva,0,897000,897,0.00033975561079688,Pro,void radiant
1672333,73,43,radiant,%5BHyper%5D%20Liquid%60qojqva,0,897800,898,0.000340134379593755,Pro,jungle radiant
1673533,70,45,radiant,%5BHyper%5D%20Liquid%60qojqva,0,899000,899,0.00034051314839063,Pro,jungle radiant
1674533,68,47,radiant,%5BHyper%5D%20Liquid%60qojqva,0,9e+05,900,0.000340891917187505,Pro,jungle radiant
1675333,65,48,radiant,%5BHyper%5D%20Liquid%60qojqva,0,900800,901,0.00034127068598438,Pro,jungle radiant
1676466,62,48,radiant,%5BHyper%5D%20Liquid%60qojqva,0,901933,902,0.000341649454781255,Pro,jungle radiant
1677533,59,48,radiant,%5BHyper%5D%20Liquid%60qojqva,0,903000,903,0.00034202822357813,Pro,jungle radiant
1678333,57,48,radiant,%5BHyper%5D%20Liquid%60qojqva,0,903800,904,0.000342406992375005,Pro,jungle radiant
1679266,55,46,radiant,%5BHyper%5D%20Liquid%60qojqva,0,904733,905,0.00034278576117188,Pro,midlane radiant
1680400,54,48,radiant,%5BHyper%5D%20Liquid%60qojqva,0,905867,906,0.000343164529968755,Pro,midlane radiant
1681333,54,51,radiant,%5BHyper%5D%20Liquid%60qojqva,0,906800,907,0.00034354329876563,Pro,midlane radiant
1682466,55,52,radiant,%5BHyper%5D%20Liquid%60qojqva,0,907933,908,0.000343922067562505,Pro,midlane radiant
1683533,56,53,radiant,%5BHyper%5D%20Liquid%60qojqva,0,909000,909,0.00034430083635938,Pro,midlane radiant
1684533,57,51,radiant,%5BHyper%5D%20Liquid%60qojqva,0,910000,910,0.000344679605156255,Pro,midlane radiant
1685266,58,49,radiant,%5BHyper%5D%20Liquid%60qojqva,0,910733,911,0.00034505837395313,Pro,void radiant
1686533,58,49,radiant,%5BHyper%5D%20Liquid%60qojqva,0,912000,912,0.000345437142750005,Pro,void radiant
1687533,56,51,radiant,%5BHyper%5D%20Liquid%60qojqva,0,913000,913,0.00034581591154688,Pro,midlane radiant
1688533,56,51,radiant,%5BHyper%5D%20Liquid%60qojqva,0,914000,914,0.000346194680343755,Pro,midlane radiant
1689200,54,50,radiant,%5BHyper%5D%20Liquid%60qojqva,0,914667,915,0.00034657344914063,Pro,midlane radiant
1689800,54,50,radiant,%5BHyper%5D%20Liquid%60qojqva,0,915267,916,0.000346952217937505,Pro,midlane radiant
1691333,55,50,radiant,%5BHyper%5D%20Liquid%60qojqva,0,916800,917,0.00034733098673438,Pro,midlane radiant
1692400,58,50,radiant,%5BHyper%5D%20Liquid%60qojqva,0,917867,918,0.000347709755531255,Pro,void radiant
1693133,57,48,radiant,%5BHyper%5D%20Liquid%60qojqva,0,918600,919,0.00034808852432813,Pro,jungle radiant
1693133,57,48,radiant,%5BHyper%5D%20Liquid%60qojqva,0,918600,920,0.000348467293125005,Pro,jungle radiant
1693133,57,48,radiant,%5BHyper%5D%20Liquid%60qojqva,0,918600,921,0.00034884606192188,Pro,jungle radiant
1696333,56,47,radiant,%5BHyper%5D%20Liquid%60qojqva,0,921800,922,0.000349224830718755,Pro,midlane radiant
1696866,55,46,radiant,%5BHyper%5D%20Liquid%60qojqva,0,922333,923,0.00034960359951563,Pro,midlane radiant
1696866,55,46,radiant,%5BHyper%5D%20Liquid%60qojqva,0,922333,924,0.000349982368312505,Pro,midlane radiant
1696866,55,46,radiant,%5BHyper%5D%20Liquid%60qojqva,0,922333,925,0.00035036113710938,Pro,midlane radiant
1696866,55,46,radiant,%5BHyper%5D%20Liquid%60qojqva,0,922333,926,0.000350739905906255,Pro,midlane radiant
1696866,55,46,radiant,%5BHyper%5D%20Liquid%60qojqva,0,922333,927,0.00035111867470313,Pro,midlane radiant
1696866,55,46,radiant,%5BHyper%5D%20Liquid%60qojqva,0,922333,928,0.000351497443500005,Pro,midlane radiant
1696866,55,46,radiant,%5BHyper%5D%20Liquid%60qojqva,0,922333,929,0.00035187621229688,Pro,midlane radiant
1696866,55,46,radiant,%5BHyper%5D%20Liquid%60qojqva,0,922333,930,0.000352254981093755,Pro,midlane radiant
1696866,55,46,radiant,%5BHyper%5D%20Liquid%60qojqva,0,922333,931,0.000352633749890631,Pro,midlane radiant
1696866,55,46,radiant,%5BHyper%5D%20Liquid%60qojqva,0,922333,932,0.000353012518687506,Pro,midlane radiant
1696866,55,46,radiant,%5BHyper%5D%20Liquid%60qojqva,0,922333,933,0.000353391287484381,Pro,midlane radiant
1708466,14,79,radiant,%5BHyper%5D%20Liquid%60qojqva,0,933933,934,0.000353770056281256,Pro,toplane radiant
1709533,13,82,radiant,%5BHyper%5D%20Liquid%60qojqva,0,935000,935,0.000354148825078131,Pro,toplane dire
1710466,12,85,radiant,%5BHyper%5D%20Liquid%60qojqva,0,935933,936,0.000354527593875006,Pro,toplane dire
1711400,12,88,radiant,%5BHyper%5D%20Liquid%60qojqva,0,936867,937,0.000354906362671881,Pro,toplane dire
1712400,11,91,radiant,%5BHyper%5D%20Liquid%60qojqva,0,937867,938,0.000355285131468756,Pro,toplane dire
1713333,12,90,radiant,%5BHyper%5D%20Liquid%60qojqva,0,938800,939,0.000355663900265631,Pro,toplane dire
1714133,12,88,radiant,%5BHyper%5D%20Liquid%60qojqva,0,939600,940,0.000356042669062506,Pro,toplane dire
1715200,13,86,radiant,%5BHyper%5D%20Liquid%60qojqva,0,940667,941,0.000356421437859381,Pro,toplane dire
1716400,14,83,radiant,%5BHyper%5D%20Liquid%60qojqva,0,941867,942,0.000356800206656256,Pro,toplane dire
1717133,15,84,radiant,%5BHyper%5D%20Liquid%60qojqva,0,942600,943,0.000357178975453131,Pro,toplane dire
1718533,17,87,radiant,%5BHyper%5D%20Liquid%60qojqva,0,944000,944,0.000357557744250006,Pro,toplane dire
1719533,17,87,radiant,%5BHyper%5D%20Liquid%60qojqva,0,945000,945,0.000357936513046881,Pro,toplane dire
1720400,15,89,radiant,%5BHyper%5D%20Liquid%60qojqva,0,945867,946,0.000358315281843756,Pro,toplane dire
1721333,13,90,radiant,%5BHyper%5D%20Liquid%60qojqva,0,946800,947,0.000358694050640631,Pro,toplane dire
1722200,11,91,radiant,%5BHyper%5D%20Liquid%60qojqva,0,947667,948,0.000359072819437506,Pro,toplane dire
1723533,8,93,radiant,%5BHyper%5D%20Liquid%60qojqva,0,949000,949,0.000359451588234381,Pro,laneshop dire
1723533,8,93,radiant,%5BHyper%5D%20Liquid%60qojqva,0,949000,950,0.000359830357031256,Pro,laneshop dire
1725266,9,94,radiant,%5BHyper%5D%20Liquid%60qojqva,0,950733,951,0.000360209125828131,Pro,toplane dire
1726333,11,96,radiant,%5BHyper%5D%20Liquid%60qojqva,0,951800,952,0.000360587894625006,Pro,toplane dire
1727000,13,97,radiant,%5BHyper%5D%20Liquid%60qojqva,0,952467,953,0.000360966663421881,Pro,toplane dire
1728266,13,95,radiant,%5BHyper%5D%20Liquid%60qojqva,0,953733,954,0.000361345432218756,Pro,toplane dire
1729333,13,92,radiant,%5BHyper%5D%20Liquid%60qojqva,0,954800,955,0.000361724201015631,Pro,toplane dire
1730466,13,89,radiant,%5BHyper%5D%20Liquid%60qojqva,0,955933,956,0.000362102969812506,Pro,toplane dire
1731533,14,86,radiant,%5BHyper%5D%20Liquid%60qojqva,0,957000,957,0.000362481738609381,Pro,toplane dire
1732266,14,84,radiant,%5BHyper%5D%20Liquid%60qojqva,0,957733,958,0.000362860507406256,Pro,toplane dire
1733400,15,81,radiant,%5BHyper%5D%20Liquid%60qojqva,0,958867,959,0.000363239276203131,Pro,toplane dire
1734266,16,79,radiant,%5BHyper%5D%20Liquid%60qojqva,0,959733,960,0.000363618045000006,Pro,toplane radiant
1735333,18,81,radiant,%5BHyper%5D%20Liquid%60qojqva,0,960800,961,0.000363996813796881,Pro,river
1736266,21,81,radiant,%5BHyper%5D%20Liquid%60qojqva,0,961733,962,0.000364375582593756,Pro,river
1737533,25,80,radiant,%5BHyper%5D%20Liquid%60qojqva,0,963000,963,0.000364754351390631,Pro,river
1738533,28,80,radiant,%5BHyper%5D%20Liquid%60qojqva,0,964000,964,0.000365133120187506,Pro,river
1739533,31,79,radiant,%5BHyper%5D%20Liquid%60qojqva,0,965000,965,0.000365511888984381,Pro,river
1740200,33,79,radiant,%5BHyper%5D%20Liquid%60qojqva,0,965667,966,0.000365890657781256,Pro,river
1741333,36,79,radiant,%5BHyper%5D%20Liquid%60qojqva,0,966800,967,0.000366269426578131,Pro,river
1742400,35,79,radiant,%5BHyper%5D%20Liquid%60qojqva,0,967867,968,0.000366648195375006,Pro,river
1743133,33,80,radiant,%5BHyper%5D%20Liquid%60qojqva,0,968600,969,0.000367026964171881,Pro,river
1744333,35,79,radiant,%5BHyper%5D%20Liquid%60qojqva,0,969800,970,0.000367405732968756,Pro,river
1745466,38,78,radiant,%5BHyper%5D%20Liquid%60qojqva,0,970933,971,0.000367784501765631,Pro,river
1746533,40,76,radiant,%5BHyper%5D%20Liquid%60qojqva,0,972000,972,0.000368163270562506,Pro,river
1747400,41,74,radiant,%5BHyper%5D%20Liquid%60qojqva,0,972867,973,0.000368542039359381,Pro,jungle radiant
1748533,40,71,radiant,%5BHyper%5D%20Liquid%60qojqva,0,974000,974,0.000368920808156256,Pro,jungle radiant
1749400,41,70,radiant,%5BHyper%5D%20Liquid%60qojqva,0,974867,975,0.000369299576953131,Pro,jungle radiant
1750466,43,68,radiant,%5BHyper%5D%20Liquid%60qojqva,0,975933,976,0.000369678345750006,Pro,jungle radiant
1751266,44,66,radiant,%5BHyper%5D%20Liquid%60qojqva,0,976733,977,0.000370057114546881,Pro,jungle radiant
1752400,45,63,radiant,%5BHyper%5D%20Liquid%60qojqva,0,977867,978,0.000370435883343756,Pro,jungle radiant
1753533,44,60,radiant,%5BHyper%5D%20Liquid%60qojqva,0,979000,979,0.000370814652140631,Pro,jungle radiant
1754333,43,58,radiant,%5BHyper%5D%20Liquid%60qojqva,0,979800,980,0.000371193420937506,Pro,jungle radiant
1755533,41,55,radiant,%5BHyper%5D%20Liquid%60qojqva,0,981000,981,0.000371572189734381,Pro,jungle radiant
1756400,40,52,radiant,%5BHyper%5D%20Liquid%60qojqva,0,981867,982,0.000371950958531256,Pro,jungle radiant
1757533,38,49,radiant,%5BHyper%5D%20Liquid%60qojqva,0,983000,983,0.000372329727328131,Pro,jungle radiant
1758400,38,46,radiant,%5BHyper%5D%20Liquid%60qojqva,0,983867,984,0.000372708496125006,Pro,jungle radiant
1759133,39,44,radiant,%5BHyper%5D%20Liquid%60qojqva,0,984600,985,0.000373087264921881,Pro,midlane radiant
1760533,37,44,radiant,%5BHyper%5D%20Liquid%60qojqva,0,986000,986,0.000373466033718756,Pro,midlane radiant
1761400,38,42,radiant,%5BHyper%5D%20Liquid%60qojqva,0,986867,987,0.000373844802515631,Pro,midlane radiant
1762533,39,39,radiant,%5BHyper%5D%20Liquid%60qojqva,0,988000,988,0.000374223571312506,Pro,midlane radiant
1762933,39,38,radiant,%5BHyper%5D%20Liquid%60qojqva,0,988400,989,0.000374602340109381,Pro,midlane radiant
1764133,40,38,radiant,%5BHyper%5D%20Liquid%60qojqva,0,989600,990,0.000374981108906256,Pro,midlane radiant
1764133,40,38,radiant,%5BHyper%5D%20Liquid%60qojqva,0,989600,991,0.000375359877703131,Pro,midlane radiant
1766400,40,38,radiant,%5BHyper%5D%20Liquid%60qojqva,0,991867,992,0.000375738646500006,Pro,midlane radiant
1766666,40,39,radiant,%5BHyper%5D%20Liquid%60qojqva,0,992133,993,0.000376117415296881,Pro,midlane radiant
1766666,40,39,radiant,%5BHyper%5D%20Liquid%60qojqva,0,992133,994,0.000376496184093756,Pro,midlane radiant
1769266,41,40,radiant,%5BHyper%5D%20Liquid%60qojqva,0,994733,995,0.000376874952890631,Pro,midlane radiant
1769800,41,41,radiant,%5BHyper%5D%20Liquid%60qojqva,0,995267,996,0.000377253721687506,Pro,midlane radiant
1770600,42,41,radiant,%5BHyper%5D%20Liquid%60qojqva,0,996067,997,0.000377632490484381,Pro,midlane radiant
1772533,44,43,radiant,%5BHyper%5D%20Liquid%60qojqva,0,998000,998,0.000378011259281256,Pro,midlane radiant
1773400,46,44,radiant,%5BHyper%5D%20Liquid%60qojqva,0,998867,999,0.000378390028078131,Pro,midlane radiant
1774400,48,46,radiant,%5BHyper%5D%20Liquid%60qojqva,0,999867,1000,0.000378768796875006,Pro,midlane radiant
1775466,50,48,radiant,%5BHyper%5D%20Liquid%60qojqva,0,1000933,1001,0.000379147565671881,Pro,midlane radiant
1776266,51,48,radiant,%5BHyper%5D%20Liquid%60qojqva,0,1001733,1002,0.000379526334468756,Pro,midlane radiant
1776600,51,49,radiant,%5BHyper%5D%20Liquid%60qojqva,0,1002067,1003,0.000379905103265631,Pro,midlane radiant
1776600,51,49,radiant,%5BHyper%5D%20Liquid%60qojqva,0,1002067,1004,0.000380283872062506,Pro,midlane radiant
1779333,52,50,radiant,%5BHyper%5D%20Liquid%60qojqva,0,1004800,1005,0.000380662640859381,Pro,midlane radiant
1779733,53,50,radiant,%5BHyper%5D%20Liquid%60qojqva,0,1005200,1006,0.000381041409656256,Pro,midlane radiant
1780600,53,51,radiant,%5BHyper%5D%20Liquid%60qojqva,0,1006067,1007,0.000381420178453131,Pro,midlane radiant
1780600,53,51,radiant,%5BHyper%5D%20Liquid%60qojqva,0,1006067,1008,0.000381798947250006,Pro,midlane radiant
1780600,53,51,radiant,%5BHyper%5D%20Liquid%60qojqva,0,1006067,1009,0.000382177716046881,Pro,midlane radiant
1780600,53,51,radiant,%5BHyper%5D%20Liquid%60qojqva,0,1006067,1010,0.000382556484843756,Pro,midlane radiant
1784666,53,50,radiant,%5BHyper%5D%20Liquid%60qojqva,0,1010133,1011,0.000382935253640631,Pro,midlane radiant
1785733,52,49,radiant,%5BHyper%5D%20Liquid%60qojqva,0,1011200,1012,0.000383314022437506,Pro,midlane radiant
1787333,52,50,radiant,%5BHyper%5D%20Liquid%60qojqva,0,1012800,1013,0.000383692791234381,Pro,midlane radiant
1787333,52,50,radiant,%5BHyper%5D%20Liquid%60qojqva,0,1012800,1014,0.000384071560031256,Pro,midlane radiant
1787333,52,50,radiant,%5BHyper%5D%20Liquid%60qojqva,0,1012800,1015,0.000384450328828131,Pro,midlane radiant
1790466,54,50,radiant,%5BHyper%5D%20Liquid%60qojqva,0,1015933,1016,0.000384829097625006,Pro,midlane radiant
1791466,57,50,radiant,%5BHyper%5D%20Liquid%60qojqva,0,1016933,1017,0.000385207866421881,Pro,midlane radiant
1792400,59,48,radiant,%5BHyper%5D%20Liquid%60qojqva,0,1017867,1018,0.000385586635218756,Pro,jungle radiant
1793533,59,45,radiant,%5BHyper%5D%20Liquid%60qojqva,0,1019000,1019,0.000385965404015631,Pro,jungle radiant
1794266,59,43,radiant,%5BHyper%5D%20Liquid%60qojqva,0,1019733,1020,0.000386344172812506,Pro,jungle radiant
1795333,59,40,radiant,%5BHyper%5D%20Liquid%60qojqva,0,1020800,1021,0.000386722941609381,Pro,jungle radiant
1796333,59,43,radiant,%5BHyper%5D%20Liquid%60qojqva,0,1021800,1022,0.000387101710406256,Pro,jungle radiant
1797400,59,46,radiant,%5BHyper%5D%20Liquid%60qojqva,0,1022867,1023,0.000387480479203131,Pro,jungle radiant
1798533,59,49,radiant,%5BHyper%5D%20Liquid%60qojqva,0,1024000,1024,0.000387859248000006,Pro,jungle radiant
1799266,58,51,radiant,%5BHyper%5D%20Liquid%60qojqva,0,1024733,1025,0.000388238016796881,Pro,midlane radiant
1800333,58,54,radiant,%5BHyper%5D%20Liquid%60qojqva,0,1025800,1026,0.000388616785593756,Pro,midlane radiant
1801000,59,55,radiant,%5BHyper%5D%20Liquid%60qojqva,0,1026467,1027,0.000388995554390631,Pro,midlane radiant
1802333,58,55,radiant,%5BHyper%5D%20Liquid%60qojqva,0,1027800,1028,0.000389374323187506,Pro,midlane radiant
1803466,61,57,radiant,%5BHyper%5D%20Liquid%60qojqva,0,1028933,1029,0.000389753091984381,Pro,midlane radiant
1804333,63,59,radiant,%5BHyper%5D%20Liquid%60qojqva,0,1029800,1030,0.000390131860781256,Pro,midlane dire
1805400,65,61,radiant,%5BHyper%5D%20Liquid%60qojqva,0,1030867,1031,0.000390510629578131,Pro,midlane dire
1805733,66,61,radiant,%5BHyper%5D%20Liquid%60qojqva,0,1031200,1032,0.000390889398375006,Pro,midlane dire
1805733,66,61,radiant,%5BHyper%5D%20Liquid%60qojqva,0,1031200,1033,0.000391268167171881,Pro,midlane dire
1808400,67,61,radiant,%5BHyper%5D%20Liquid%60qojqva,0,1033867,1034,0.000391646935968756,Pro,midlane dire
1808933,68,62,radiant,%5BHyper%5D%20Liquid%60qojqva,0,1034400,1035,0.000392025704765631,Pro,midlane dire
1810133,68,60,radiant,%5BHyper%5D%20Liquid%60qojqva,0,1035600,1036,0.000392404473562506,Pro,midlane dire
1811200,66,60,radiant,%5BHyper%5D%20Liquid%60qojqva,0,1036667,1037,0.000392783242359381,Pro,midlane dire
1811200,66,60,radiant,%5BHyper%5D%20Liquid%60qojqva,0,1036667,1038,0.000393162011156256,Pro,midlane dire
1813333,64,60,radiant,%5BHyper%5D%20Liquid%60qojqva,0,1038800,1039,0.000393540779953131,Pro,midlane dire
1814133,62,59,radiant,%5BHyper%5D%20Liquid%60qojqva,0,1039600,1040,0.000393919548750006,Pro,midlane dire
1815533,59,61,radiant,%5BHyper%5D%20Liquid%60qojqva,0,1041000,1041,0.000394298317546881,Pro,midlane dire
1816333,61,59,radiant,%5BHyper%5D%20Liquid%60qojqva,0,1041800,1042,0.000394677086343756,Pro,midlane dire
1817533,63,57,radiant,%5BHyper%5D%20Liquid%60qojqva,0,1043000,1043,0.000395055855140631,Pro,river
1818333,65,55,radiant,%5BHyper%5D%20Liquid%60qojqva,0,1043800,1044,0.000395434623937506,Pro,river
1819466,68,53,radiant,%5BHyper%5D%20Liquid%60qojqva,0,1044933,1045,0.000395813392734381,Pro,river
1820266,70,51,radiant,%5BHyper%5D%20Liquid%60qojqva,0,1045733,1046,0.000396192161531256,Pro,river
1821400,73,49,radiant,%5BHyper%5D%20Liquid%60qojqva,0,1046867,1047,0.000396570930328131,Pro,river
1822466,75,47,radiant,%5BHyper%5D%20Liquid%60qojqva,0,1047933,1048,0.000396949699125006,Pro,river
1823533,78,46,radiant,%5BHyper%5D%20Liquid%60qojqva,0,1049000,1049,0.000397328467921881,Pro,river
1824400,80,45,radiant,%5BHyper%5D%20Liquid%60qojqva,0,1049867,1050,0.000397707236718756,Pro,river
1825333,82,43,radiant,%5BHyper%5D%20Liquid%60qojqva,0,1050800,1051,0.000398086005515631,Pro,river
1826466,85,42,radiant,%5BHyper%5D%20Liquid%60qojqva,0,1051933,1052,0.000398464774312506,Pro,river
1827466,85,41,radiant,%5BHyper%5D%20Liquid%60qojqva,0,1052933,1053,0.000398843543109381,Pro,river
1828533,82,41,radiant,%5BHyper%5D%20Liquid%60qojqva,0,1054000,1054,0.000399222311906256,Pro,river
1829333,82,39,radiant,%5BHyper%5D%20Liquid%60qojqva,0,1054800,1055,0.000399601080703131,Pro,river
1830400,82,36,radiant,%5BHyper%5D%20Liquid%60qojqva,0,1055867,1056,0.000399979849500006,Pro,jungle radiant
1831466,81,33,radiant,%5BHyper%5D%20Liquid%60qojqva,0,1056933,1057,0.000400358618296881,Pro,jungle radiant
1832533,81,30,radiant,%5BHyper%5D%20Liquid%60qojqva,0,1058000,1058,0.000400737387093756,Pro,jungle radiant
1833333,80,28,radiant,%5BHyper%5D%20Liquid%60qojqva,0,1058800,1059,0.000401116155890631,Pro,jungle radiant
1834333,79,25,radiant,%5BHyper%5D%20Liquid%60qojqva,0,1059800,1060,0.000401494924687506,Pro,jungle radiant
1835533,78,27,radiant,%5BHyper%5D%20Liquid%60qojqva,0,1061000,1061,0.000401873693484381,Pro,jungle radiant
1836266,77,29,radiant,%5BHyper%5D%20Liquid%60qojqva,0,1061733,1062,0.000402252462281256,Pro,jungle radiant
1836600,77,30,radiant,%5BHyper%5D%20Liquid%60qojqva,0,1062067,1063,0.000402631231078131,Pro,jungle radiant
1836600,77,30,radiant,%5BHyper%5D%20Liquid%60qojqva,0,1062067,1064,0.000403009999875006,Pro,jungle radiant
1836600,77,30,radiant,%5BHyper%5D%20Liquid%60qojqva,0,1062067,1065,0.000403388768671881,Pro,jungle radiant
1836600,77,30,radiant,%5BHyper%5D%20Liquid%60qojqva,0,1062067,1066,0.000403767537468756,Pro,jungle radiant
1836600,77,30,radiant,%5BHyper%5D%20Liquid%60qojqva,0,1062067,1067,0.000404146306265631,Pro,jungle radiant
1836600,77,30,radiant,%5BHyper%5D%20Liquid%60qojqva,0,1062067,1068,0.000404525075062506,Pro,jungle radiant
1843533,78,28,radiant,%5BHyper%5D%20Liquid%60qojqva,0,1069000,1069,0.000404903843859381,Pro,jungle radiant
1844400,81,28,radiant,%5BHyper%5D%20Liquid%60qojqva,0,1069867,1070,0.000405282612656256,Pro,jungle radiant
1845400,82,28,radiant,%5BHyper%5D%20Liquid%60qojqva,0,1070867,1071,0.000405661381453131,Pro,jungle radiant
1846400,79,26,radiant,%5BHyper%5D%20Liquid%60qojqva,0,1071867,1072,0.000406040150250006,Pro,jungle radiant
1847333,76,27,radiant,%5BHyper%5D%20Liquid%60qojqva,0,1072800,1073,0.000406418919046881,Pro,jungle radiant
1848400,73,28,radiant,%5BHyper%5D%20Liquid%60qojqva,0,1073867,1074,0.000406797687843756,Pro,jungle radiant
1849400,74,28,radiant,%5BHyper%5D%20Liquid%60qojqva,0,1074867,1075,0.000407176456640631,Pro,jungle radiant
1849866,75,29,radiant,%5BHyper%5D%20Liquid%60qojqva,0,1075333,1076,0.000407555225437506,Pro,jungle radiant
1851466,75,28,radiant,%5BHyper%5D%20Liquid%60qojqva,0,1076933,1077,0.000407933994234381,Pro,jungle radiant
1852266,73,28,radiant,%5BHyper%5D%20Liquid%60qojqva,0,1077733,1078,0.000408312763031256,Pro,jungle radiant
1853333,70,28,radiant,%5BHyper%5D%20Liquid%60qojqva,0,1078800,1079,0.000408691531828131,Pro,jungle radiant
1854466,71,28,radiant,%5BHyper%5D%20Liquid%60qojqva,0,1079933,1080,0.000409070300625006,Pro,jungle radiant
1855466,73,27,radiant,%5BHyper%5D%20Liquid%60qojqva,0,1080933,1081,0.000409449069421881,Pro,jungle radiant
1856266,75,26,radiant,%5BHyper%5D%20Liquid%60qojqva,0,1081733,1082,0.000409827838218756,Pro,jungle radiant
1857200,77,26,radiant,%5BHyper%5D%20Liquid%60qojqva,0,1082667,1083,0.000410206607015631,Pro,jungle radiant
1858333,80,25,radiant,%5BHyper%5D%20Liquid%60qojqva,0,1083800,1084,0.000410585375812506,Pro,jungle radiant
1859066,82,24,radiant,%5BHyper%5D%20Liquid%60qojqva,0,1084533,1085,0.000410964144609381,Pro,void radiant
1860133,82,24,radiant,%5BHyper%5D%20Liquid%60qojqva,0,1085600,1086,0.000411342913406256,Pro,void radiant
1861400,81,24,radiant,%5BHyper%5D%20Liquid%60qojqva,0,1086867,1087,0.000411721682203131,Pro,jungle radiant
1862200,79,25,radiant,%5BHyper%5D%20Liquid%60qojqva,0,1087667,1088,0.000412100451000006,Pro,jungle radiant
1863466,76,27,radiant,%5BHyper%5D%20Liquid%60qojqva,0,1088933,1089,0.000412479219796881,Pro,jungle radiant
1864533,73,28,radiant,%5BHyper%5D%20Liquid%60qojqva,0,1090000,1090,0.000412857988593756,Pro,jungle radiant
1865333,71,30,radiant,%5BHyper%5D%20Liquid%60qojqva,0,1090800,1091,0.000413236757390631,Pro,jungle radiant
1866333,70,33,radiant,%5BHyper%5D%20Liquid%60qojqva,0,1091800,1092,0.000413615526187506,Pro,jungle radiant
1867400,68,36,radiant,%5BHyper%5D%20Liquid%60qojqva,0,1092867,1093,0.000413994294984381,Pro,jungle radiant
1868466,66,38,radiant,%5BHyper%5D%20Liquid%60qojqva,0,1093933,1094,0.000414373063781256,Pro,jungle radiant
1869333,64,39,radiant,%5BHyper%5D%20Liquid%60qojqva,0,1094800,1095,0.000414751832578131,Pro,jungle radiant
1870133,62,40,radiant,%5BHyper%5D%20Liquid%60qojqva,0,1095600,1096,0.000415130601375006,Pro,jungle radiant
1871133,60,42,radiant,%5BHyper%5D%20Liquid%60qojqva,0,1096600,1097,0.000415509370171881,Pro,jungle radiant
1872533,57,44,radiant,%5BHyper%5D%20Liquid%60qojqva,0,1098000,1098,0.000415888138968756,Pro,jungle radiant
1873533,58,45,radiant,%5BHyper%5D%20Liquid%60qojqva,0,1099000,1099,0.000416266907765631,Pro,jungle radiant
1874400,59,42,radiant,%5BHyper%5D%20Liquid%60qojqva,0,1099867,1100,0.000416645676562507,Pro,jungle radiant
1875466,60,39,radiant,%5BHyper%5D%20Liquid%60qojqva,0,1100933,1101,0.000417024445359382,Pro,jungle radiant
1876266,60,37,radiant,%5BHyper%5D%20Liquid%60qojqva,0,1101733,1102,0.000417403214156257,Pro,jungle radiant
1876266,60,37,radiant,%5BHyper%5D%20Liquid%60qojqva,0,1101733,1103,0.000417781982953132,Pro,jungle radiant
1876266,60,37,radiant,%5BHyper%5D%20Liquid%60qojqva,0,1101733,1104,0.000418160751750007,Pro,jungle radiant
1876266,60,37,radiant,%5BHyper%5D%20Liquid%60qojqva,0,1101733,1105,0.000418539520546882,Pro,jungle radiant
1876266,60,37,radiant,%5BHyper%5D%20Liquid%60qojqva,0,1101733,1106,0.000418918289343757,Pro,jungle radiant
1876266,60,37,radiant,%5BHyper%5D%20Liquid%60qojqva,0,1101733,1107,0.000419297058140632,Pro,jungle radiant
1876266,60,37,radiant,%5BHyper%5D%20Liquid%60qojqva,0,1101733,1108,0.000419675826937507,Pro,jungle radiant
1876266,60,37,radiant,%5BHyper%5D%20Liquid%60qojqva,0,1101733,1109,0.000420054595734382,Pro,jungle radiant
1876266,60,37,radiant,%5BHyper%5D%20Liquid%60qojqva,0,1101733,1110,0.000420433364531257,Pro,jungle radiant
1876266,60,37,radiant,%5BHyper%5D%20Liquid%60qojqva,0,1101733,1111,0.000420812133328132,Pro,jungle radiant
1876266,60,37,radiant,%5BHyper%5D%20Liquid%60qojqva,0,1101733,1112,0.000421190902125007,Pro,jungle radiant
1876266,60,37,radiant,%5BHyper%5D%20Liquid%60qojqva,0,1101733,1113,0.000421569670921882,Pro,jungle radiant
1876266,60,37,radiant,%5BHyper%5D%20Liquid%60qojqva,0,1101733,1114,0.000421948439718757,Pro,jungle radiant
1876266,60,37,radiant,%5BHyper%5D%20Liquid%60qojqva,0,1101733,1115,0.000422327208515632,Pro,jungle radiant
1876266,60,37,radiant,%5BHyper%5D%20Liquid%60qojqva,0,1101733,1116,0.000422705977312507,Pro,jungle radiant
1876266,60,37,radiant,%5BHyper%5D%20Liquid%60qojqva,0,1101733,1117,0.000423084746109382,Pro,jungle radiant
1876266,60,37,radiant,%5BHyper%5D%20Liquid%60qojqva,0,1101733,1118,0.000423463514906257,Pro,jungle radiant
1893533,59,38,radiant,%5BHyper%5D%20Liquid%60qojqva,0,1119000,1119,0.000423842283703132,Pro,jungle radiant
1894066,58,38,radiant,%5BHyper%5D%20Liquid%60qojqva,0,1119533,1120,0.000424221052500007,Pro,jungle radiant
1895533,56,36,radiant,%5BHyper%5D%20Liquid%60qojqva,0,1121000,1121,0.000424599821296882,Pro,jungle radiant
1896266,54,36,radiant,%5BHyper%5D%20Liquid%60qojqva,0,1121733,1122,0.000424978590093757,Pro,jungle radiant
1897466,51,36,radiant,%5BHyper%5D%20Liquid%60qojqva,0,1122933,1123,0.000425357358890632,Pro,jungle radiant
1898400,48,36,radiant,%5BHyper%5D%20Liquid%60qojqva,0,1123867,1124,0.000425736127687507,Pro,jungle radiant
1899266,46,37,radiant,%5BHyper%5D%20Liquid%60qojqva,0,1124733,1125,0.000426114896484382,Pro,midlane radiant
1900333,44,38,radiant,%5BHyper%5D%20Liquid%60qojqva,0,1125800,1126,0.000426493665281257,Pro,midlane radiant
1901533,43,40,radiant,%5BHyper%5D%20Liquid%60qojqva,0,1127000,1127,0.000426872434078132,Pro,midlane radiant
1902400,41,41,radiant,%5BHyper%5D%20Liquid%60qojqva,0,1127867,1128,0.000427251202875007,Pro,midlane radiant
1903466,41,43,radiant,%5BHyper%5D%20Liquid%60qojqva,0,1128933,1129,0.000427629971671882,Pro,midlane radiant
1904533,42,43,radiant,%5BHyper%5D%20Liquid%60qojqva,0,1130000,1130,0.000428008740468757,Pro,midlane radiant
1905466,39,42,radiant,%5BHyper%5D%20Liquid%60qojqva,0,1130933,1131,0.000428387509265632,Pro,midlane radiant
1906533,36,40,radiant,%5BHyper%5D%20Liquid%60qojqva,0,1132000,1132,0.000428766278062507,Pro,midlane radiant
1906866,35,40,radiant,%5BHyper%5D%20Liquid%60qojqva,0,1132333,1133,0.000429145046859382,Pro,midlane radiant
1906866,35,40,radiant,%5BHyper%5D%20Liquid%60qojqva,0,1132333,1134,0.000429523815656257,Pro,midlane radiant
1909533,36,42,radiant,%5BHyper%5D%20Liquid%60qojqva,0,1135000,1135,0.000429902584453132,Pro,midlane radiant
1909933,35,43,radiant,%5BHyper%5D%20Liquid%60qojqva,0,1135400,1136,0.000430281353250007,Pro,void radiant
1909933,35,43,radiant,%5BHyper%5D%20Liquid%60qojqva,0,1135400,1137,0.000430660122046882,Pro,void radiant
1909933,35,43,radiant,%5BHyper%5D%20Liquid%60qojqva,0,1135400,1138,0.000431038890843757,Pro,void radiant
1913266,37,44,radiant,%5BHyper%5D%20Liquid%60qojqva,0,1138733,1139,0.000431417659640632,Pro,midlane radiant
1914466,37,46,radiant,%5BHyper%5D%20Liquid%60qojqva,0,1139933,1140,0.000431796428437507,Pro,jungle radiant
1914933,37,47,radiant,%5BHyper%5D%20Liquid%60qojqva,0,1140400,1141,0.000432175197234382,Pro,jungle radiant
1916333,39,47,radiant,%5BHyper%5D%20Liquid%60qojqva,0,1141800,1142,0.000432553966031257,Pro,jungle radiant
1917466,38,48,radiant,%5BHyper%5D%20Liquid%60qojqva,0,1142933,1143,0.000432932734828132,Pro,jungle radiant
1918333,40,47,radiant,%5BHyper%5D%20Liquid%60qojqva,0,1143800,1144,0.000433311503625007,Pro,midlane radiant
1919333,43,46,radiant,%5BHyper%5D%20Liquid%60qojqva,0,1144800,1145,0.000433690272421882,Pro,midlane radiant
1920133,45,46,radiant,%5BHyper%5D%20Liquid%60qojqva,0,1145600,1146,0.000434069041218757,Pro,midlane radiant
1920133,45,46,radiant,%5BHyper%5D%20Liquid%60qojqva,0,1145600,1147,0.000434447810015632,Pro,midlane radiant
1920133,45,46,radiant,%5BHyper%5D%20Liquid%60qojqva,0,1145600,1148,0.000434826578812507,Pro,midlane radiant
1920133,45,46,radiant,%5BHyper%5D%20Liquid%60qojqva,0,1145600,1149,0.000435205347609382,Pro,midlane radiant
1924466,42,47,radiant,%5BHyper%5D%20Liquid%60qojqva,0,1149933,1150,0.000435584116406257,Pro,midlane radiant
1925533,39,47,radiant,%5BHyper%5D%20Liquid%60qojqva,0,1151000,1151,0.000435962885203132,Pro,jungle radiant
1926533,38,49,radiant,%5BHyper%5D%20Liquid%60qojqva,0,1152000,1152,0.000436341654000007,Pro,jungle radiant
1927400,40,51,radiant,%5BHyper%5D%20Liquid%60qojqva,0,1152867,1153,0.000436720422796882,Pro,jungle radiant
1928533,42,55,radiant,%5BHyper%5D%20Liquid%60qojqva,0,1154000,1154,0.000437099191593757,Pro,jungle radiant
1929533,43,59,radiant,%5BHyper%5D%20Liquid%60qojqva,0,1155000,1155,0.000437477960390632,Pro,jungle radiant
1930400,45,62,radiant,%5BHyper%5D%20Liquid%60qojqva,0,1155867,1156,0.000437856729187507,Pro,jungle radiant
1931400,46,66,radiant,%5BHyper%5D%20Liquid%60qojqva,0,1156867,1157,0.000438235497984382,Pro,jungle radiant
1932466,46,70,radiant,%5BHyper%5D%20Liquid%60qojqva,0,1157933,1158,0.000438614266781257,Pro,river
1933266,45,73,radiant,%5BHyper%5D%20Liquid%60qojqva,0,1158733,1159,0.000438993035578132,Pro,river
1934533,45,75,radiant,%5BHyper%5D%20Liquid%60qojqva,0,1160000,1160,0.000439371804375007,Pro,river
1935333,44,78,radiant,%5BHyper%5D%20Liquid%60qojqva,0,1160800,1161,0.000439750573171882,Pro,river
1936333,44,82,radiant,%5BHyper%5D%20Liquid%60qojqva,0,1161800,1162,0.000440129341968757,Pro,jungle dire
1937533,44,87,radiant,%5BHyper%5D%20Liquid%60qojqva,0,1163000,1163,0.000440508110765632,Pro,jungle dire
1938400,42,89,radiant,%5BHyper%5D%20Liquid%60qojqva,0,1163867,1164,0.000440886879562507,Pro,jungle dire
1939400,38,90,radiant,%5BHyper%5D%20Liquid%60qojqva,0,1164867,1165,0.000441265648359382,Pro,jungle dire
1940333,35,92,radiant,%5BHyper%5D%20Liquid%60qojqva,0,1165800,1166,0.000441644417156257,Pro,jungle dire
1941466,34,96,radiant,%5BHyper%5D%20Liquid%60qojqva,0,1166933,1167,0.000442023185953132,Pro,jungle dire
1942400,35,100,radiant,%5BHyper%5D%20Liquid%60qojqva,0,1167867,1168,0.000442401954750007,Pro,jungle dire
1943466,35,103,radiant,%5BHyper%5D%20Liquid%60qojqva,0,1168933,1169,0.000442780723546882,Pro,toplane dire
1944533,31,105,radiant,%5BHyper%5D%20Liquid%60qojqva,0,1170000,1170,0.000443159492343757,Pro,toplane dire
1945200,29,106,radiant,%5BHyper%5D%20Liquid%60qojqva,0,1170667,1171,0.000443538261140632,Pro,toplane dire
1945200,29,106,radiant,%5BHyper%5D%20Liquid%60qojqva,0,1170667,1172,0.000443917029937507,Pro,toplane dire
1945200,29,106,radiant,%5BHyper%5D%20Liquid%60qojqva,0,1170667,1173,0.000444295798734382,Pro,toplane dire
1945200,29,106,radiant,%5BHyper%5D%20Liquid%60qojqva,0,1170667,1174,0.000444674567531257,Pro,toplane dire
1945200,29,106,radiant,%5BHyper%5D%20Liquid%60qojqva,0,1170667,1175,0.000445053336328132,Pro,toplane dire
1945200,29,106,radiant,%5BHyper%5D%20Liquid%60qojqva,0,1170667,1176,0.000445432105125007,Pro,toplane dire
1945200,29,106,radiant,%5BHyper%5D%20Liquid%60qojqva,0,1170667,1177,0.000445810873921882,Pro,toplane dire
1945200,29,106,radiant,%5BHyper%5D%20Liquid%60qojqva,0,1170667,1178,0.000446189642718757,Pro,toplane dire
1945200,29,106,radiant,%5BHyper%5D%20Liquid%60qojqva,0,1170667,1179,0.000446568411515632,Pro,toplane dire
1945200,29,106,radiant,%5BHyper%5D%20Liquid%60qojqva,0,1170667,1180,0.000446947180312507,Pro,toplane dire
1945200,29,106,radiant,%5BHyper%5D%20Liquid%60qojqva,0,1170667,1181,0.000447325949109382,Pro,toplane dire
1945200,29,106,radiant,%5BHyper%5D%20Liquid%60qojqva,0,1170667,1182,0.000447704717906257,Pro,toplane dire
1957400,27,105,radiant,%5BHyper%5D%20Liquid%60qojqva,0,1182867,1183,0.000448083486703132,Pro,toplane dire
1958466,24,104,radiant,%5BHyper%5D%20Liquid%60qojqva,0,1183933,1184,0.000448462255500007,Pro,toplane dire
1959200,22,102,radiant,%5BHyper%5D%20Liquid%60qojqva,0,1184667,1185,0.000448841024296882,Pro,toplane dire
1960466,20,102,radiant,%5BHyper%5D%20Liquid%60qojqva,0,1185933,1186,0.000449219793093757,Pro,toplane dire
1961533,20,102,radiant,%5BHyper%5D%20Liquid%60qojqva,0,1187000,1187,0.000449598561890632,Pro,toplane dire
1962200,18,101,radiant,%5BHyper%5D%20Liquid%60qojqva,0,1187667,1188,0.000449977330687507,Pro,toplane dire
1963400,15,101,radiant,%5BHyper%5D%20Liquid%60qojqva,0,1188867,1189,0.000450356099484382,Pro,toplane dire
1963800,16,100,radiant,%5BHyper%5D%20Liquid%60qojqva,0,1189267,1190,0.000450734868281257,Pro,toplane dire
1965533,16,99,radiant,%5BHyper%5D%20Liquid%60qojqva,0,1191000,1191,0.000451113637078132,Pro,toplane dire
1966466,17,97,radiant,%5BHyper%5D%20Liquid%60qojqva,0,1191933,1192,0.000451492405875007,Pro,toplane dire
1967466,19,97,radiant,%5BHyper%5D%20Liquid%60qojqva,0,1192933,1193,0.000451871174671882,Pro,toplane dire
1967466,19,97,radiant,%5BHyper%5D%20Liquid%60qojqva,0,1192933,1194,0.000452249943468757,Pro,toplane dire
1967466,19,97,radiant,%5BHyper%5D%20Liquid%60qojqva,0,1192933,1195,0.000452628712265632,Pro,toplane dire
1967466,19,97,radiant,%5BHyper%5D%20Liquid%60qojqva,0,1192933,1196,0.000453007481062507,Pro,toplane dire
1971400,20,97,radiant,%5BHyper%5D%20Liquid%60qojqva,0,1196867,1197,0.000453386249859382,Pro,toplane dire
1972200,21,95,radiant,%5BHyper%5D%20Liquid%60qojqva,0,1197667,1198,0.000453765018656257,Pro,toplane dire
1973333,22,92,radiant,%5BHyper%5D%20Liquid%60qojqva,0,1198800,1199,0.000454143787453132,Pro,toplane dire
1974533,26,91,radiant,%5BHyper%5D%20Liquid%60qojqva,0,1200000,1200,0.000454522556250007,Pro,jungle dire
1975466,29,91,radiant,%5BHyper%5D%20Liquid%60qojqva,0,1200933,1201,0.000454901325046882,Pro,jungle dire
1976466,32,92,radiant,%5BHyper%5D%20Liquid%60qojqva,0,1201933,1202,0.000455280093843757,Pro,jungle dire
1977333,34,93,radiant,%5BHyper%5D%20Liquid%60qojqva,0,1202800,1203,0.000455658862640632,Pro,jungle dire
1978400,35,96,radiant,%5BHyper%5D%20Liquid%60qojqva,0,1203867,1204,0.000456037631437507,Pro,jungle dire
1979466,35,99,radiant,%5BHyper%5D%20Liquid%60qojqva,0,1204933,1205,0.000456416400234382,Pro,jungle dire
1980200,36,101,radiant,%5BHyper%5D%20Liquid%60qojqva,0,1205667,1206,0.000456795169031257,Pro,jungle dire
1981000,35,103,radiant,%5BHyper%5D%20Liquid%60qojqva,0,1206467,1207,0.000457173937828132,Pro,toplane dire
1982400,36,102,radiant,%5BHyper%5D%20Liquid%60qojqva,0,1207867,1208,0.000457552706625007,Pro,jungle dire
1983400,37,100,radiant,%5BHyper%5D%20Liquid%60qojqva,0,1208867,1209,0.000457931475421882,Pro,jungle dire
1984333,39,98,radiant,%5BHyper%5D%20Liquid%60qojqva,0,1209800,1210,0.000458310244218757,Pro,jungle dire
1985533,42,97,radiant,%5BHyper%5D%20Liquid%60qojqva,0,1211000,1211,0.000458689013015632,Pro,jungle dire
1986000,43,96,radiant,%5BHyper%5D%20Liquid%60qojqva,0,1211467,1212,0.000459067781812507,Pro,jungle dire
1987200,42,98,radiant,%5BHyper%5D%20Liquid%60qojqva,0,1212667,1213,0.000459446550609382,Pro,jungle dire
1987200,42,98,radiant,%5BHyper%5D%20Liquid%60qojqva,0,1212667,1214,0.000459825319406257,Pro,jungle dire
1987200,42,98,radiant,%5BHyper%5D%20Liquid%60qojqva,0,1212667,1215,0.000460204088203132,Pro,jungle dire
1987200,42,98,radiant,%5BHyper%5D%20Liquid%60qojqva,0,1212667,1216,0.000460582857000007,Pro,jungle dire
1991133,7,7,radiant,%5BHyper%5D%20Liquid%60qojqva,0,1216600,1217,0.000460961625796882,Pro,base1 radiant
1992533,7,7,radiant,%5BHyper%5D%20Liquid%60qojqva,0,1218000,1218,0.000461340394593757,Pro,base1 radiant
1993133,6,9,radiant,%5BHyper%5D%20Liquid%60qojqva,0,1218600,1219,0.000461719163390632,Pro,void radiant
1993133,6,9,radiant,%5BHyper%5D%20Liquid%60qojqva,0,1218600,1220,0.000462097932187507,Pro,void radiant
1993133,6,9,radiant,%5BHyper%5D%20Liquid%60qojqva,0,1218600,1221,0.000462476700984382,Pro,void radiant
1993133,6,9,radiant,%5BHyper%5D%20Liquid%60qojqva,0,1218600,1222,0.000462855469781257,Pro,void radiant
1993133,6,9,radiant,%5BHyper%5D%20Liquid%60qojqva,0,1218600,1223,0.000463234238578132,Pro,void radiant
1993133,6,9,radiant,%5BHyper%5D%20Liquid%60qojqva,0,1218600,1224,0.000463613007375007,Pro,void radiant
1993133,6,9,radiant,%5BHyper%5D%20Liquid%60qojqva,0,1218600,1225,0.000463991776171882,Pro,void radiant
1993133,6,9,radiant,%5BHyper%5D%20Liquid%60qojqva,0,1218600,1226,0.000464370544968757,Pro,void radiant
2001466,8,10,radiant,%5BHyper%5D%20Liquid%60qojqva,0,1226933,1227,0.000464749313765632,Pro,base1 radiant
2002333,10,12,radiant,%5BHyper%5D%20Liquid%60qojqva,0,1227800,1228,0.000465128082562507,Pro,base1 radiant
2003533,11,15,radiant,%5BHyper%5D%20Liquid%60qojqva,0,1229000,1229,0.000465506851359382,Pro,base1 radiant
2004466,12,18,radiant,%5BHyper%5D%20Liquid%60qojqva,0,1229933,1230,0.000465885620156257,Pro,base1 radiant
2005400,12,21,radiant,%5BHyper%5D%20Liquid%60qojqva,0,1230867,1231,0.000466264388953132,Pro,base1 radiant
2006400,12,24,radiant,%5BHyper%5D%20Liquid%60qojqva,0,1231867,1232,0.000466643157750007,Pro,base1 radiant
2007466,12,27,radiant,%5BHyper%5D%20Liquid%60qojqva,0,1232933,1233,0.000467021926546882,Pro,base1 radiant
2008200,12,29,radiant,%5BHyper%5D%20Liquid%60qojqva,0,1233667,1234,0.000467400695343757,Pro,base1 radiant
2009333,11,32,radiant,%5BHyper%5D%20Liquid%60qojqva,0,1234800,1235,0.000467779464140632,Pro,base1 radiant
2010466,10,35,radiant,%5BHyper%5D%20Liquid%60qojqva,0,1235933,1236,0.000468158232937507,Pro,base1 radiant
2011533,10,38,radiant,%5BHyper%5D%20Liquid%60qojqva,0,1237000,1237,0.000468537001734382,Pro,base1 radiant
2012266,10,40,radiant,%5BHyper%5D%20Liquid%60qojqva,0,1237733,1238,0.000468915770531257,Pro,toplane radiant
2013066,9,42,radiant,%5BHyper%5D%20Liquid%60qojqva,0,1238533,1239,0.000469294539328132,Pro,toplane radiant
2013066,9,42,radiant,%5BHyper%5D%20Liquid%60qojqva,0,1238533,1240,0.000469673308125007,Pro,toplane radiant
2015333,8,40,radiant,%5BHyper%5D%20Liquid%60qojqva,0,1240800,1241,0.000470052076921882,Pro,void radiant
2015333,8,40,radiant,%5BHyper%5D%20Liquid%60qojqva,0,1240800,1242,0.000470430845718757,Pro,void radiant
2015333,8,40,radiant,%5BHyper%5D%20Liquid%60qojqva,0,1240800,1243,0.000470809614515632,Pro,void radiant
2015333,8,40,radiant,%5BHyper%5D%20Liquid%60qojqva,0,1240800,1244,0.000471188383312507,Pro,void radiant
2019466,9,41,radiant,%5BHyper%5D%20Liquid%60qojqva,0,1244933,1245,0.000471567152109382,Pro,toplane radiant
2020533,11,43,radiant,%5BHyper%5D%20Liquid%60qojqva,0,1246000,1246,0.000471945920906257,Pro,toplane radiant
2021266,13,42,radiant,%5BHyper%5D%20Liquid%60qojqva,0,1246733,1247,0.000472324689703132,Pro,toplane radiant
2022200,14,40,radiant,%5BHyper%5D%20Liquid%60qojqva,0,1247667,1248,0.000472703458500007,Pro,toplane radiant
2023266,14,37,radiant,%5BHyper%5D%20Liquid%60qojqva,0,1248733,1249,0.000473082227296882,Pro,base1 radiant
2024400,14,39,radiant,%5BHyper%5D%20Liquid%60qojqva,0,1249867,1250,0.000473460996093757,Pro,toplane radiant
2025333,14,42,radiant,%5BHyper%5D%20Liquid%60qojqva,0,1250800,1251,0.000473839764890632,Pro,toplane radiant
2026333,15,45,radiant,%5BHyper%5D%20Liquid%60qojqva,0,1251800,1252,0.000474218533687507,Pro,toplane radiant
2027400,17,46,radiant,%5BHyper%5D%20Liquid%60qojqva,0,1252867,1253,0.000474597302484382,Pro,jungle radiant
2028533,18,49,radiant,%5BHyper%5D%20Liquid%60qojqva,0,1254000,1254,0.000474976071281257,Pro,jungle radiant
2029333,18,51,radiant,%5BHyper%5D%20Liquid%60qojqva,0,1254800,1255,0.000475354840078132,Pro,toplane radiant
2030133,18,54,radiant,%5BHyper%5D%20Liquid%60qojqva,0,1255600,1256,0.000475733608875007,Pro,toplane radiant
2030933,18,55,radiant,%5BHyper%5D%20Liquid%60qojqva,0,1256400,1257,0.000476112377671882,Pro,toplane radiant
2031733,18,56,radiant,%5BHyper%5D%20Liquid%60qojqva,0,1257200,1258,0.000476491146468757,Pro,toplane radiant
2031733,18,56,radiant,%5BHyper%5D%20Liquid%60qojqva,0,1257200,1259,0.000476869915265632,Pro,toplane radiant
2034533,17,58,radiant,%5BHyper%5D%20Liquid%60qojqva,0,1260000,1260,0.000477248684062507,Pro,toplane radiant
2035333,17,60,radiant,%5BHyper%5D%20Liquid%60qojqva,0,1260800,1261,0.000477627452859382,Pro,toplane radiant
2036466,17,60,radiant,%5BHyper%5D%20Liquid%60qojqva,0,1261933,1262,0.000478006221656257,Pro,toplane radiant
2037066,16,60,radiant,%5BHyper%5D%20Liquid%60qojqva,0,1262533,1263,0.000478384990453132,Pro,toplane radiant
2037066,16,60,radiant,%5BHyper%5D%20Liquid%60qojqva,0,1262533,1264,0.000478763759250007,Pro,toplane radiant
2039000,16,60,radiant,%5BHyper%5D%20Liquid%60qojqva,0,1264467,1265,0.000479142528046882,Pro,toplane radiant
2040133,16,59,radiant,%5BHyper%5D%20Liquid%60qojqva,0,1265600,1266,0.000479521296843757,Pro,toplane radiant
2040866,17,58,radiant,%5BHyper%5D%20Liquid%60qojqva,0,1266333,1267,0.000479900065640632,Pro,toplane radiant
2041933,17,57,radiant,%5BHyper%5D%20Liquid%60qojqva,0,1267400,1268,0.000480278834437507,Pro,toplane radiant
2041933,17,57,radiant,%5BHyper%5D%20Liquid%60qojqva,0,1267400,1269,0.000480657603234383,Pro,toplane radiant
2041933,17,57,radiant,%5BHyper%5D%20Liquid%60qojqva,0,1267400,1270,0.000481036372031258,Pro,toplane radiant
2041933,17,57,radiant,%5BHyper%5D%20Liquid%60qojqva,0,1267400,1271,0.000481415140828133,Pro,toplane radiant
2041933,17,57,radiant,%5BHyper%5D%20Liquid%60qojqva,0,1267400,1272,0.000481793909625008,Pro,toplane radiant
2041933,17,57,radiant,%5BHyper%5D%20Liquid%60qojqva,0,1267400,1273,0.000482172678421883,Pro,toplane radiant
2041933,17,57,radiant,%5BHyper%5D%20Liquid%60qojqva,0,1267400,1274,0.000482551447218758,Pro,toplane radiant
2041933,17,57,radiant,%5BHyper%5D%20Liquid%60qojqva,0,1267400,1275,0.000482930216015633,Pro,toplane radiant
2041933,17,57,radiant,%5BHyper%5D%20Liquid%60qojqva,0,1267400,1276,0.000483308984812508,Pro,toplane radiant
2041933,17,57,radiant,%5BHyper%5D%20Liquid%60qojqva,0,1267400,1277,0.000483687753609383,Pro,toplane radiant
2041933,17,57,radiant,%5BHyper%5D%20Liquid%60qojqva,0,1267400,1278,0.000484066522406258,Pro,toplane radiant
2041933,17,57,radiant,%5BHyper%5D%20Liquid%60qojqva,0,1267400,1279,0.000484445291203133,Pro,toplane radiant
2041933,17,57,radiant,%5BHyper%5D%20Liquid%60qojqva,0,1267400,1280,0.000484824060000008,Pro,toplane radiant
2041933,17,57,radiant,%5BHyper%5D%20Liquid%60qojqva,0,1267400,1281,0.000485202828796883,Pro,toplane radiant
2041933,17,57,radiant,%5BHyper%5D%20Liquid%60qojqva,0,1267400,1282,0.000485581597593758,Pro,toplane radiant
2041933,17,57,radiant,%5BHyper%5D%20Liquid%60qojqva,0,1267400,1283,0.000485960366390633,Pro,toplane radiant
2041933,17,57,radiant,%5BHyper%5D%20Liquid%60qojqva,0,1267400,1284,0.000486339135187508,Pro,toplane radiant
2041933,17,57,radiant,%5BHyper%5D%20Liquid%60qojqva,0,1267400,1285,0.000486717903984383,Pro,toplane radiant
2041933,17,57,radiant,%5BHyper%5D%20Liquid%60qojqva,0,1267400,1286,0.000487096672781258,Pro,toplane radiant
2041933,17,57,radiant,%5BHyper%5D%20Liquid%60qojqva,0,1267400,1287,0.000487475441578133,Pro,toplane radiant
2041933,17,57,radiant,%5BHyper%5D%20Liquid%60qojqva,0,1267400,1288,0.000487854210375008,Pro,toplane radiant
2041933,17,57,radiant,%5BHyper%5D%20Liquid%60qojqva,0,1267400,1289,0.000488232979171883,Pro,toplane radiant
2041933,17,57,radiant,%5BHyper%5D%20Liquid%60qojqva,0,1267400,1290,0.000488611747968758,Pro,toplane radiant
2041933,17,57,radiant,%5BHyper%5D%20Liquid%60qojqva,0,1267400,1291,0.000488990516765633,Pro,toplane radiant
2041933,17,57,radiant,%5BHyper%5D%20Liquid%60qojqva,0,1267400,1292,0.000489369285562508,Pro,toplane radiant
2041933,17,57,radiant,%5BHyper%5D%20Liquid%60qojqva,0,1267400,1293,0.000489748054359383,Pro,toplane radiant
2041933,17,57,radiant,%5BHyper%5D%20Liquid%60qojqva,0,1267400,1294,0.000490126823156258,Pro,toplane radiant
2041933,17,57,radiant,%5BHyper%5D%20Liquid%60qojqva,0,1267400,1295,0.000490505591953133,Pro,toplane radiant
2041933,17,57,radiant,%5BHyper%5D%20Liquid%60qojqva,0,1267400,1296,0.000490884360750008,Pro,toplane radiant
2041933,17,57,radiant,%5BHyper%5D%20Liquid%60qojqva,0,1267400,1297,0.000491263129546883,Pro,toplane radiant
2041933,17,57,radiant,%5BHyper%5D%20Liquid%60qojqva,0,1267400,1298,0.000491641898343758,Pro,toplane radiant
2041933,17,57,radiant,%5BHyper%5D%20Liquid%60qojqva,0,1267400,1299,0.000492020667140633,Pro,toplane radiant
2041933,17,57,radiant,%5BHyper%5D%20Liquid%60qojqva,0,1267400,1300,0.000492399435937508,Pro,toplane radiant
2041933,17,57,radiant,%5BHyper%5D%20Liquid%60qojqva,0,1267400,1301,0.000492778204734383,Pro,toplane radiant
2041933,17,57,radiant,%5BHyper%5D%20Liquid%60qojqva,0,1267400,1302,0.000493156973531258,Pro,toplane radiant
2041933,17,57,radiant,%5BHyper%5D%20Liquid%60qojqva,0,1267400,1303,0.000493535742328133,Pro,toplane radiant
2041933,17,57,radiant,%5BHyper%5D%20Liquid%60qojqva,0,1267400,1304,0.000493914511125008,Pro,toplane radiant
2041933,17,57,radiant,%5BHyper%5D%20Liquid%60qojqva,0,1267400,1305,0.000494293279921883,Pro,toplane radiant
2041933,17,57,radiant,%5BHyper%5D%20Liquid%60qojqva,0,1267400,1306,0.000494672048718758,Pro,toplane radiant
2041933,17,57,radiant,%5BHyper%5D%20Liquid%60qojqva,0,1267400,1307,0.000495050817515633,Pro,toplane radiant
2041933,17,57,radiant,%5BHyper%5D%20Liquid%60qojqva,0,1267400,1308,0.000495429586312508,Pro,toplane radiant
2041933,17,57,radiant,%5BHyper%5D%20Liquid%60qojqva,0,1267400,1309,0.000495808355109383,Pro,toplane radiant
2041933,17,57,radiant,%5BHyper%5D%20Liquid%60qojqva,0,1267400,1310,0.000496187123906258,Pro,toplane radiant
2041933,17,57,radiant,%5BHyper%5D%20Liquid%60qojqva,0,1267400,1311,0.000496565892703133,Pro,toplane radiant
2041933,17,57,radiant,%5BHyper%5D%20Liquid%60qojqva,0,1267400,1312,0.000496944661500008,Pro,toplane radiant
2041933,17,57,radiant,%5BHyper%5D%20Liquid%60qojqva,0,1267400,1313,0.000497323430296883,Pro,toplane radiant
2041933,17,57,radiant,%5BHyper%5D%20Liquid%60qojqva,0,1267400,1314,0.000497702199093758,Pro,toplane radiant
2041933,17,57,radiant,%5BHyper%5D%20Liquid%60qojqva,0,1267400,1315,0.000498080967890633,Pro,toplane radiant
2041933,17,57,radiant,%5BHyper%5D%20Liquid%60qojqva,0,1267400,1316,0.000498459736687508,Pro,toplane radiant
2041933,17,57,radiant,%5BHyper%5D%20Liquid%60qojqva,0,1267400,1317,0.000498838505484383,Pro,toplane radiant
2041933,17,57,radiant,%5BHyper%5D%20Liquid%60qojqva,0,1267400,1318,0.000499217274281258,Pro,toplane radiant
2093333,9,7,radiant,%5BHyper%5D%20Liquid%60qojqva,0,1318800,1319,0.000499596043078133,Pro,base1 radiant
2094466,10,10,radiant,%5BHyper%5D%20Liquid%60qojqva,0,1319933,1320,0.000499974811875008,Pro,base1 radiant
2095466,11,13,radiant,%5BHyper%5D%20Liquid%60qojqva,0,1320933,1321,0.000500353580671883,Pro,base1 radiant
2096533,13,16,radiant,%5BHyper%5D%20Liquid%60qojqva,0,1322000,1322,0.000500732349468758,Pro,base1 radiant
2097533,14,19,radiant,%5BHyper%5D%20Liquid%60qojqva,0,1323000,1323,0.000501111118265633,Pro,base1 radiant
2098400,14,22,radiant,%5BHyper%5D%20Liquid%60qojqva,0,1323867,1324,0.000501489887062508,Pro,base1 radiant
2099533,15,25,radiant,%5BHyper%5D%20Liquid%60qojqva,0,1325000,1325,0.000501868655859383,Pro,base1 radiant
2100200,15,27,radiant,%5BHyper%5D%20Liquid%60qojqva,0,1325667,1326,0.000502247424656258,Pro,base1 radiant
2101333,15,30,radiant,%5BHyper%5D%20Liquid%60qojqva,0,1326800,1327,0.000502626193453133,Pro,base1 radiant
2102400,15,33,radiant,%5BHyper%5D%20Liquid%60qojqva,0,1327867,1328,0.000503004962250008,Pro,base1 radiant
2103466,15,36,radiant,%5BHyper%5D%20Liquid%60qojqva,0,1328933,1329,0.000503383731046883,Pro,base1 radiant
2104533,15,39,radiant,%5BHyper%5D%20Liquid%60qojqva,0,1330000,1330,0.000503762499843758,Pro,toplane radiant
2105266,15,41,radiant,%5BHyper%5D%20Liquid%60qojqva,0,1330733,1331,0.000504141268640633,Pro,toplane radiant
2106333,15,44,radiant,%5BHyper%5D%20Liquid%60qojqva,0,1331800,1332,0.000504520037437508,Pro,toplane radiant
2107333,14,47,radiant,%5BHyper%5D%20Liquid%60qojqva,0,1332800,1333,0.000504898806234383,Pro,toplane radiant
2108533,14,51,radiant,%5BHyper%5D%20Liquid%60qojqva,0,1334000,1334,0.000505277575031258,Pro,toplane radiant
2109466,14,54,radiant,%5BHyper%5D%20Liquid%60qojqva,0,1334933,1335,0.000505656343828133,Pro,toplane radiant
2110400,14,57,radiant,%5BHyper%5D%20Liquid%60qojqva,0,1335867,1336,0.000506035112625008,Pro,toplane radiant
2111466,15,60,radiant,%5BHyper%5D%20Liquid%60qojqva,0,1336933,1337,0.000506413881421883,Pro,toplane radiant
2112533,15,63,radiant,%5BHyper%5D%20Liquid%60qojqva,0,1338000,1338,0.000506792650218758,Pro,toplane radiant
2113266,15,65,radiant,%5BHyper%5D%20Liquid%60qojqva,0,1338733,1339,0.000507171419015633,Pro,toplane radiant
2114533,16,67,radiant,%5BHyper%5D%20Liquid%60qojqva,0,1340000,1340,0.000507550187812508,Pro,toplane radiant
2115266,18,66,radiant,%5BHyper%5D%20Liquid%60qojqva,0,1340733,1341,0.000507928956609383,Pro,toplane radiant
2116466,21,65,radiant,%5BHyper%5D%20Liquid%60qojqva,0,1341933,1342,0.000508307725406258,Pro,jungle radiant
2117266,23,64,radiant,%5BHyper%5D%20Liquid%60qojqva,0,1342733,1343,0.000508686494203133,Pro,jungle radiant
2118400,26,63,radiant,%5BHyper%5D%20Liquid%60qojqva,0,1343867,1344,0.000509065263000008,Pro,jungle radiant
2119333,29,63,radiant,%5BHyper%5D%20Liquid%60qojqva,0,1344800,1345,0.000509444031796883,Pro,jungle radiant
2120333,31,65,radiant,%5BHyper%5D%20Liquid%60qojqva,0,1345800,1346,0.000509822800593758,Pro,jungle radiant
2121466,33,68,radiant,%5BHyper%5D%20Liquid%60qojqva,0,1346933,1347,0.000510201569390633,Pro,jungle radiant
2122466,36,68,radiant,%5BHyper%5D%20Liquid%60qojqva,0,1347933,1348,0.000510580338187508,Pro,jungle radiant
2123200,36,70,radiant,%5BHyper%5D%20Liquid%60qojqva,0,1348667,1349,0.000510959106984383,Pro,jungle radiant
2124266,39,70,radiant,%5BHyper%5D%20Liquid%60qojqva,0,1349733,1350,0.000511337875781258,Pro,jungle radiant
2125533,42,69,radiant,%5BHyper%5D%20Liquid%60qojqva,0,1351000,1351,0.000511716644578133,Pro,jungle radiant
2126266,44,68,radiant,%5BHyper%5D%20Liquid%60qojqva,0,1351733,1352,0.000512095413375008,Pro,jungle radiant
2127466,47,67,radiant,%5BHyper%5D%20Liquid%60qojqva,0,1352933,1353,0.000512474182171883,Pro,jungle radiant
2128466,49,69,radiant,%5BHyper%5D%20Liquid%60qojqva,0,1353933,1354,0.000512852950968758,Pro,river
2129466,52,68,radiant,%5BHyper%5D%20Liquid%60qojqva,0,1354933,1355,0.000513231719765633,Pro,river
2130466,54,65,radiant,%5BHyper%5D%20Liquid%60qojqva,0,1355933,1356,0.000513610488562508,Pro,river
2131266,55,63,radiant,%5BHyper%5D%20Liquid%60qojqva,0,1356733,1357,0.000513989257359383,Pro,river
2132400,56,60,radiant,%5BHyper%5D%20Liquid%60qojqva,0,1357867,1358,0.000514368026156258,Pro,void radiant
2133000,57,59,radiant,%5BHyper%5D%20Liquid%60qojqva,0,1358467,1359,0.000514746794953133,Pro,midlane radiant
2134133,58,58,radiant,%5BHyper%5D%20Liquid%60qojqva,0,1359600,1360,0.000515125563750008,Pro,midlane radiant
2134133,58,58,radiant,%5BHyper%5D%20Liquid%60qojqva,0,1359600,1361,0.000515504332546883,Pro,midlane radiant
2134133,58,58,radiant,%5BHyper%5D%20Liquid%60qojqva,0,1359600,1362,0.000515883101343758,Pro,midlane radiant
2137333,58,59,radiant,%5BHyper%5D%20Liquid%60qojqva,0,1362800,1363,0.000516261870140633,Pro,midlane radiant
2137333,58,59,radiant,%5BHyper%5D%20Liquid%60qojqva,0,1362800,1364,0.000516640638937508,Pro,midlane radiant
2138933,58,58,radiant,%5BHyper%5D%20Liquid%60qojqva,0,1364400,1365,0.000517019407734383,Pro,midlane radiant
2138933,58,58,radiant,%5BHyper%5D%20Liquid%60qojqva,0,1364400,1366,0.000517398176531258,Pro,midlane radiant
2138933,58,58,radiant,%5BHyper%5D%20Liquid%60qojqva,0,1364400,1367,0.000517776945328133,Pro,midlane radiant
2142066,58,59,radiant,%5BHyper%5D%20Liquid%60qojqva,0,1367533,1368,0.000518155714125008,Pro,midlane radiant
2142066,58,59,radiant,%5BHyper%5D%20Liquid%60qojqva,0,1367533,1369,0.000518534482921883,Pro,midlane radiant
2142066,58,59,radiant,%5BHyper%5D%20Liquid%60qojqva,0,1367533,1370,0.000518913251718758,Pro,midlane radiant
2142066,58,59,radiant,%5BHyper%5D%20Liquid%60qojqva,0,1367533,1371,0.000519292020515633,Pro,midlane radiant
2146200,60,59,radiant,%5BHyper%5D%20Liquid%60qojqva,0,1371667,1372,0.000519670789312508,Pro,midlane radiant
2146200,60,59,radiant,%5BHyper%5D%20Liquid%60qojqva,0,1371667,1373,0.000520049558109383,Pro,midlane radiant
2146200,60,59,radiant,%5BHyper%5D%20Liquid%60qojqva,0,1371667,1374,0.000520428326906258,Pro,midlane radiant
2146200,60,59,radiant,%5BHyper%5D%20Liquid%60qojqva,0,1371667,1375,0.000520807095703133,Pro,midlane radiant
2150533,61,60,radiant,%5BHyper%5D%20Liquid%60qojqva,0,1376000,1376,0.000521185864500008,Pro,midlane dire
2151333,62,62,radiant,%5BHyper%5D%20Liquid%60qojqva,0,1376800,1377,0.000521564633296883,Pro,midlane dire
2151333,62,62,radiant,%5BHyper%5D%20Liquid%60qojqva,0,1376800,1378,0.000521943402093758,Pro,midlane dire
2151333,62,62,radiant,%5BHyper%5D%20Liquid%60qojqva,0,1376800,1379,0.000522322170890633,Pro,midlane dire
2154533,61,61,radiant,%5BHyper%5D%20Liquid%60qojqva,0,1380000,1380,0.000522700939687508,Pro,midlane dire
2155133,62,61,radiant,%5BHyper%5D%20Liquid%60qojqva,0,1380600,1381,0.000523079708484383,Pro,midlane dire
2155133,62,61,radiant,%5BHyper%5D%20Liquid%60qojqva,0,1380600,1382,0.000523458477281258,Pro,midlane dire
2157266,64,60,radiant,%5BHyper%5D%20Liquid%60qojqva,0,1382733,1383,0.000523837246078133,Pro,midlane dire
2158466,62,58,radiant,%5BHyper%5D%20Liquid%60qojqva,0,1383933,1384,0.000524216014875008,Pro,midlane dire
2159200,62,59,radiant,%5BHyper%5D%20Liquid%60qojqva,0,1384667,1385,0.000524594783671883,Pro,midlane dire
2160266,61,57,radiant,%5BHyper%5D%20Liquid%60qojqva,0,1385733,1386,0.000524973552468758,Pro,midlane radiant
2161533,58,55,radiant,%5BHyper%5D%20Liquid%60qojqva,0,1387000,1387,0.000525352321265633,Pro,midlane radiant
2162200,60,56,radiant,%5BHyper%5D%20Liquid%60qojqva,0,1387667,1388,0.000525731090062508,Pro,midlane radiant
2163266,61,56,radiant,%5BHyper%5D%20Liquid%60qojqva,0,1388733,1389,0.000526109858859383,Pro,midlane radiant
2164266,60,56,radiant,%5BHyper%5D%20Liquid%60qojqva,0,1389733,1390,0.000526488627656258,Pro,midlane radiant
2165066,59,56,radiant,%5BHyper%5D%20Liquid%60qojqva,0,1390533,1391,0.000526867396453133,Pro,midlane radiant
2166466,58,55,radiant,%5BHyper%5D%20Liquid%60qojqva,0,1391933,1392,0.000527246165250008,Pro,midlane radiant
2167400,57,53,radiant,%5BHyper%5D%20Liquid%60qojqva,0,1392867,1393,0.000527624934046883,Pro,midlane radiant
2168466,54,52,radiant,%5BHyper%5D%20Liquid%60qojqva,0,1393933,1394,0.000528003702843758,Pro,midlane radiant
2169266,52,51,radiant,%5BHyper%5D%20Liquid%60qojqva,0,1394733,1395,0.000528382471640633,Pro,midlane radiant
2170466,49,50,radiant,%5BHyper%5D%20Liquid%60qojqva,0,1395933,1396,0.000528761240437508,Pro,midlane radiant
2171400,47,48,radiant,%5BHyper%5D%20Liquid%60qojqva,0,1396867,1397,0.000529140009234383,Pro,midlane radiant
2172400,45,46,radiant,%5BHyper%5D%20Liquid%60qojqva,0,1397867,1398,0.000529518778031258,Pro,midlane radiant
2173466,42,46,radiant,%5BHyper%5D%20Liquid%60qojqva,0,1398933,1399,0.000529897546828133,Pro,midlane radiant
2174133,40,47,radiant,%5BHyper%5D%20Liquid%60qojqva,0,1399600,1400,0.000530276315625008,Pro,midlane radiant
2175533,38,49,radiant,%5BHyper%5D%20Liquid%60qojqva,0,1401000,1401,0.000530655084421883,Pro,jungle radiant
2176533,37,52,radiant,%5BHyper%5D%20Liquid%60qojqva,0,1402000,1402,0.000531033853218758,Pro,jungle radiant
2177400,35,54,radiant,%5BHyper%5D%20Liquid%60qojqva,0,1402867,1403,0.000531412622015633,Pro,jungle radiant
2178400,33,56,radiant,%5BHyper%5D%20Liquid%60qojqva,0,1403867,1404,0.000531791390812508,Pro,jungle radiant
2179533,31,58,radiant,%5BHyper%5D%20Liquid%60qojqva,0,1405000,1405,0.000532170159609383,Pro,jungle radiant
2180133,30,60,radiant,%5BHyper%5D%20Liquid%60qojqva,0,1405600,1406,0.000532548928406258,Pro,jungle radiant
2181400,27,61,radiant,%5BHyper%5D%20Liquid%60qojqva,0,1406867,1407,0.000532927697203133,Pro,jungle radiant
2182466,25,63,radiant,%5BHyper%5D%20Liquid%60qojqva,0,1407933,1408,0.000533306466000008,Pro,jungle radiant
2183333,22,64,radiant,%5BHyper%5D%20Liquid%60qojqva,0,1408800,1409,0.000533685234796883,Pro,jungle radiant
2184266,19,64,radiant,%5BHyper%5D%20Liquid%60qojqva,0,1409733,1410,0.000534064003593758,Pro,toplane radiant
2185533,15,63,radiant,%5BHyper%5D%20Liquid%60qojqva,0,1411000,1411,0.000534442772390633,Pro,toplane radiant
2186466,13,61,radiant,%5BHyper%5D%20Liquid%60qojqva,0,1411933,1412,0.000534821541187508,Pro,toplane radiant
2187533,12,61,radiant,%5BHyper%5D%20Liquid%60qojqva,0,1413000,1413,0.000535200309984383,Pro,toplane radiant
2188466,10,62,radiant,%5BHyper%5D%20Liquid%60qojqva,0,1413933,1414,0.000535579078781258,Pro,void radiant
2189400,9,65,radiant,%5BHyper%5D%20Liquid%60qojqva,0,1414867,1415,0.000535957847578133,Pro,void radiant
2190266,10,64,radiant,%5BHyper%5D%20Liquid%60qojqva,0,1415733,1416,0.000536336616375008,Pro,void radiant
2191466,13,65,radiant,%5BHyper%5D%20Liquid%60qojqva,0,1416933,1417,0.000536715385171883,Pro,toplane radiant
2192000,14,66,radiant,%5BHyper%5D%20Liquid%60qojqva,0,1417467,1418,0.000537094153968758,Pro,toplane radiant
2193533,12,63,radiant,%5BHyper%5D%20Liquid%60qojqva,0,1419000,1419,0.000537472922765633,Pro,toplane radiant
2194333,10,64,radiant,%5BHyper%5D%20Liquid%60qojqva,0,1419800,1420,0.000537851691562508,Pro,void radiant
2194666,9,64,radiant,%5BHyper%5D%20Liquid%60qojqva,0,1420133,1421,0.000538230460359383,Pro,void radiant
2194666,9,64,radiant,%5BHyper%5D%20Liquid%60qojqva,0,1420133,1422,0.000538609229156258,Pro,void radiant
2194666,9,64,radiant,%5BHyper%5D%20Liquid%60qojqva,0,1420133,1423,0.000538987997953133,Pro,void radiant
2194666,9,64,radiant,%5BHyper%5D%20Liquid%60qojqva,0,1420133,1424,0.000539366766750008,Pro,void radiant
2194666,9,64,radiant,%5BHyper%5D%20Liquid%60qojqva,0,1420133,1425,0.000539745535546883,Pro,void radiant
2194666,9,64,radiant,%5BHyper%5D%20Liquid%60qojqva,0,1420133,1426,0.000540124304343758,Pro,void radiant
2201533,11,64,radiant,%5BHyper%5D%20Liquid%60qojqva,0,1427000,1427,0.000540503073140633,Pro,void radiant
2202533,13,65,radiant,%5BHyper%5D%20Liquid%60qojqva,0,1428000,1428,0.000540881841937508,Pro,toplane radiant
2202933,13,67,radiant,%5BHyper%5D%20Liquid%60qojqva,0,1428400,1429,0.000541260610734383,Pro,toplane radiant
2204000,14,66,radiant,%5BHyper%5D%20Liquid%60qojqva,0,1429467,1430,0.000541639379531258,Pro,toplane radiant
2205466,13,65,radiant,%5BHyper%5D%20Liquid%60qojqva,0,1430933,1431,0.000542018148328133,Pro,toplane radiant
2206333,15,63,radiant,%5BHyper%5D%20Liquid%60qojqva,0,1431800,1432,0.000542396917125008,Pro,toplane radiant
2206333,15,63,radiant,%5BHyper%5D%20Liquid%60qojqva,0,1431800,1433,0.000542775685921884,Pro,toplane radiant
2206333,15,63,radiant,%5BHyper%5D%20Liquid%60qojqva,0,1431800,1434,0.000543154454718759,Pro,toplane radiant
2209400,14,62,radiant,%5BHyper%5D%20Liquid%60qojqva,0,1434867,1435,0.000543533223515634,Pro,toplane radiant
2210466,14,60,radiant,%5BHyper%5D%20Liquid%60qojqva,0,1435933,1436,0.000543911992312509,Pro,toplane radiant
2211400,13,59,radiant,%5BHyper%5D%20Liquid%60qojqva,0,1436867,1437,0.000544290761109384,Pro,toplane radiant
2212466,13,62,radiant,%5BHyper%5D%20Liquid%60qojqva,0,1437933,1438,0.000544669529906259,Pro,toplane radiant
2213133,13,64,radiant,%5BHyper%5D%20Liquid%60qojqva,0,1438600,1439,0.000545048298703134,Pro,toplane radiant
2214400,12,66,radiant,%5BHyper%5D%20Liquid%60qojqva,0,1439867,1440,0.000545427067500009,Pro,toplane radiant
2215400,13,65,radiant,%5BHyper%5D%20Liquid%60qojqva,0,1440867,1441,0.000545805836296884,Pro,toplane radiant
2215866,13,66,radiant,%5BHyper%5D%20Liquid%60qojqva,0,1441333,1442,0.000546184605093759,Pro,toplane radiant
2216800,14,67,radiant,%5BHyper%5D%20Liquid%60qojqva,0,1442267,1443,0.000546563373890634,Pro,toplane radiant
2216800,14,67,radiant,%5BHyper%5D%20Liquid%60qojqva,0,1442267,1444,0.000546942142687509,Pro,toplane radiant
2218866,14,68,radiant,%5BHyper%5D%20Liquid%60qojqva,0,1444333,1445,0.000547320911484384,Pro,toplane radiant
2220133,14,68,radiant,%5BHyper%5D%20Liquid%60qojqva,0,1445600,1446,0.000547699680281259,Pro,toplane radiant
2220133,14,68,radiant,%5BHyper%5D%20Liquid%60qojqva,0,1445600,1447,0.000548078449078134,Pro,toplane radiant
2222266,14,66,radiant,%5BHyper%5D%20Liquid%60qojqva,0,1447733,1448,0.000548457217875009,Pro,toplane radiant
2223266,14,67,radiant,%5BHyper%5D%20Liquid%60qojqva,0,1448733,1449,0.000548835986671884,Pro,toplane radiant
2224400,13,68,radiant,%5BHyper%5D%20Liquid%60qojqva,0,1449867,1450,0.000549214755468759,Pro,toplane radiant
2224733,12,68,radiant,%5BHyper%5D%20Liquid%60qojqva,0,1450200,1451,0.000549593524265634,Pro,toplane radiant
2224733,12,68,radiant,%5BHyper%5D%20Liquid%60qojqva,0,1450200,1452,0.000549972293062509,Pro,toplane radiant
2227333,11,66,radiant,%5BHyper%5D%20Liquid%60qojqva,0,1452800,1453,0.000550351061859384,Pro,void radiant
2227333,11,66,radiant,%5BHyper%5D%20Liquid%60qojqva,0,1452800,1454,0.000550729830656259,Pro,void radiant
2228800,12,66,radiant,%5BHyper%5D%20Liquid%60qojqva,0,1454267,1455,0.000551108599453134,Pro,toplane radiant
2230133,12,67,radiant,%5BHyper%5D%20Liquid%60qojqva,0,1455600,1456,0.000551487368250009,Pro,toplane radiant
2230133,12,67,radiant,%5BHyper%5D%20Liquid%60qojqva,0,1455600,1457,0.000551866137046884,Pro,toplane radiant
2232533,13,68,radiant,%5BHyper%5D%20Liquid%60qojqva,0,1458000,1458,0.000552244905843759,Pro,toplane radiant
2232933,14,68,radiant,%5BHyper%5D%20Liquid%60qojqva,0,1458400,1459,0.000552623674640634,Pro,toplane radiant
2234266,16,68,radiant,%5BHyper%5D%20Liquid%60qojqva,0,1459733,1460,0.000553002443437509,Pro,toplane radiant
2235333,17,70,radiant,%5BHyper%5D%20Liquid%60qojqva,0,1460800,1461,0.000553381212234384,Pro,toplane radiant
2236400,15,72,radiant,%5BHyper%5D%20Liquid%60qojqva,0,1461867,1462,0.000553759981031259,Pro,toplane radiant
2237533,14,75,radiant,%5BHyper%5D%20Liquid%60qojqva,0,1463000,1463,0.000554138749828134,Pro,toplane radiant
2238533,13,78,radiant,%5BHyper%5D%20Liquid%60qojqva,0,1464000,1464,0.000554517518625009,Pro,toplane radiant
2239466,12,80,radiant,%5BHyper%5D%20Liquid%60qojqva,0,1464933,1465,0.000554896287421884,Pro,toplane dire
2240533,12,81,radiant,%5BHyper%5D%20Liquid%60qojqva,0,1466000,1466,0.000555275056218759,Pro,toplane dire
2241400,13,82,radiant,%5BHyper%5D%20Liquid%60qojqva,0,1466867,1467,0.000555653825015634,Pro,toplane dire
2241400,13,82,radiant,%5BHyper%5D%20Liquid%60qojqva,0,1466867,1468,0.000556032593812509,Pro,toplane dire
2241400,13,82,radiant,%5BHyper%5D%20Liquid%60qojqva,0,1466867,1469,0.000556411362609384,Pro,toplane dire
2244466,13,81,radiant,%5BHyper%5D%20Liquid%60qojqva,0,1469933,1470,0.000556790131406259,Pro,toplane dire
2244800,13,80,radiant,%5BHyper%5D%20Liquid%60qojqva,0,1470267,1471,0.000557168900203134,Pro,toplane dire
2244800,13,80,radiant,%5BHyper%5D%20Liquid%60qojqva,0,1470267,1472,0.000557547669000009,Pro,toplane dire
2247400,13,82,radiant,%5BHyper%5D%20Liquid%60qojqva,0,1472867,1473,0.000557926437796884,Pro,toplane dire
2247400,13,82,radiant,%5BHyper%5D%20Liquid%60qojqva,0,1472867,1474,0.000558305206593759,Pro,toplane dire
2248600,12,82,radiant,%5BHyper%5D%20Liquid%60qojqva,0,1474067,1475,0.000558683975390634,Pro,toplane dire
2250333,12,83,radiant,%5BHyper%5D%20Liquid%60qojqva,0,1475800,1476,0.000559062744187509,Pro,toplane dire
2251533,12,84,radiant,%5BHyper%5D%20Liquid%60qojqva,0,1477000,1477,0.000559441512984384,Pro,toplane dire
2252066,13,83,radiant,%5BHyper%5D%20Liquid%60qojqva,0,1477533,1478,0.000559820281781259,Pro,toplane dire
2253533,14,85,radiant,%5BHyper%5D%20Liquid%60qojqva,0,1479000,1479,0.000560199050578134,Pro,toplane dire
2254466,16,84,radiant,%5BHyper%5D%20Liquid%60qojqva,0,1479933,1480,0.000560577819375009,Pro,toplane dire
2255533,15,85,radiant,%5BHyper%5D%20Liquid%60qojqva,0,1481000,1481,0.000560956588171884,Pro,toplane dire
2256400,14,87,radiant,%5BHyper%5D%20Liquid%60qojqva,0,1481867,1482,0.000561335356968759,Pro,toplane dire
2257466,13,90,radiant,%5BHyper%5D%20Liquid%60qojqva,0,1482933,1483,0.000561714125765634,Pro,toplane dire
2258466,11,91,radiant,%5BHyper%5D%20Liquid%60qojqva,0,1483933,1484,0.000562092894562509,Pro,toplane dire
2259466,9,93,radiant,%5BHyper%5D%20Liquid%60qojqva,0,1484933,1485,0.000562471663359384,Pro,toplane dire
2259800,9,94,radiant,%5BHyper%5D%20Liquid%60qojqva,0,1485267,1486,0.000562850432156259,Pro,toplane dire
2259800,9,94,radiant,%5BHyper%5D%20Liquid%60qojqva,0,1485267,1487,0.000563229200953134,Pro,toplane dire
2259800,9,94,radiant,%5BHyper%5D%20Liquid%60qojqva,0,1485267,1488,0.000563607969750009,Pro,toplane dire
2263266,40,41,radiant,%5BHyper%5D%20Liquid%60qojqva,0,1488733,1489,0.000563986738546884,Pro,midlane radiant
2264333,43,42,radiant,%5BHyper%5D%20Liquid%60qojqva,0,1489800,1490,0.000564365507343759,Pro,midlane radiant
2265466,47,43,radiant,%5BHyper%5D%20Liquid%60qojqva,0,1490933,1491,0.000564744276140634,Pro,midlane radiant
2266466,51,43,radiant,%5BHyper%5D%20Liquid%60qojqva,0,1491933,1492,0.000565123044937509,Pro,midlane radiant
2267200,54,43,radiant,%5BHyper%5D%20Liquid%60qojqva,0,1492667,1493,0.000565501813734384,Pro,midlane radiant
2268533,58,41,radiant,%5BHyper%5D%20Liquid%60qojqva,0,1494000,1494,0.000565880582531259,Pro,jungle radiant
2269066,60,41,radiant,%5BHyper%5D%20Liquid%60qojqva,0,1494533,1495,0.000566259351328134,Pro,jungle radiant
2269800,59,42,radiant,%5BHyper%5D%20Liquid%60qojqva,0,1495267,1496,0.000566638120125009,Pro,jungle radiant
2269800,59,42,radiant,%5BHyper%5D%20Liquid%60qojqva,0,1495267,1497,0.000567016888921884,Pro,jungle radiant
2269800,59,42,radiant,%5BHyper%5D%20Liquid%60qojqva,0,1495267,1498,0.000567395657718759,Pro,jungle radiant
2269800,59,42,radiant,%5BHyper%5D%20Liquid%60qojqva,0,1495267,1499,0.000567774426515634,Pro,jungle radiant
2269800,59,42,radiant,%5BHyper%5D%20Liquid%60qojqva,0,1495267,1500,0.000568153195312509,Pro,jungle radiant
2275333,57,42,radiant,%5BHyper%5D%20Liquid%60qojqva,0,1500800,1501,0.000568531964109384,Pro,jungle radiant
2276533,55,42,radiant,%5BHyper%5D%20Liquid%60qojqva,0,1502000,1502,0.000568910732906259,Pro,jungle radiant
2277200,54,41,radiant,%5BHyper%5D%20Liquid%60qojqva,0,1502667,1503,0.000569289501703134,Pro,jungle radiant
2278400,52,41,radiant,%5BHyper%5D%20Liquid%60qojqva,0,1503867,1504,0.000569668270500009,Pro,midlane radiant
2279066,52,40,radiant,%5BHyper%5D%20Liquid%60qojqva,0,1504533,1505,0.000570047039296884,Pro,jungle radiant
2280133,52,40,radiant,%5BHyper%5D%20Liquid%60qojqva,0,1505600,1506,0.000570425808093759,Pro,jungle radiant
2280133,52,40,radiant,%5BHyper%5D%20Liquid%60qojqva,0,1505600,1507,0.000570804576890634,Pro,jungle radiant
2282333,52,41,radiant,%5BHyper%5D%20Liquid%60qojqva,0,1507800,1508,0.000571183345687509,Pro,midlane radiant
2282333,52,41,radiant,%5BHyper%5D%20Liquid%60qojqva,0,1507800,1509,0.000571562114484384,Pro,midlane radiant
2282333,52,41,radiant,%5BHyper%5D%20Liquid%60qojqva,0,1507800,1510,0.000571940883281259,Pro,midlane radiant
2282333,52,41,radiant,%5BHyper%5D%20Liquid%60qojqva,0,1507800,1511,0.000572319652078134,Pro,midlane radiant
2282333,52,41,radiant,%5BHyper%5D%20Liquid%60qojqva,0,1507800,1512,0.000572698420875009,Pro,midlane radiant
2282333,52,41,radiant,%5BHyper%5D%20Liquid%60qojqva,0,1507800,1513,0.000573077189671884,Pro,midlane radiant
2282333,52,41,radiant,%5BHyper%5D%20Liquid%60qojqva,0,1507800,1514,0.000573455958468759,Pro,midlane radiant
2282333,52,41,radiant,%5BHyper%5D%20Liquid%60qojqva,0,1507800,1515,0.000573834727265634,Pro,midlane radiant
2282333,52,41,radiant,%5BHyper%5D%20Liquid%60qojqva,0,1507800,1516,0.000574213496062509,Pro,midlane radiant
2282333,52,41,radiant,%5BHyper%5D%20Liquid%60qojqva,0,1507800,1517,0.000574592264859384,Pro,midlane radiant
2282333,52,41,radiant,%5BHyper%5D%20Liquid%60qojqva,0,1507800,1518,0.000574971033656259,Pro,midlane radiant
2282333,52,41,radiant,%5BHyper%5D%20Liquid%60qojqva,0,1507800,1519,0.000575349802453134,Pro,midlane radiant
2282333,52,41,radiant,%5BHyper%5D%20Liquid%60qojqva,0,1507800,1520,0.000575728571250009,Pro,midlane radiant
2282333,52,41,radiant,%5BHyper%5D%20Liquid%60qojqva,0,1507800,1521,0.000576107340046884,Pro,midlane radiant
2282333,52,41,radiant,%5BHyper%5D%20Liquid%60qojqva,0,1507800,1522,0.000576486108843759,Pro,midlane radiant
2282333,52,41,radiant,%5BHyper%5D%20Liquid%60qojqva,0,1507800,1523,0.000576864877640634,Pro,midlane radiant
2282333,52,41,radiant,%5BHyper%5D%20Liquid%60qojqva,0,1507800,1524,0.000577243646437509,Pro,midlane radiant
2282333,52,41,radiant,%5BHyper%5D%20Liquid%60qojqva,0,1507800,1525,0.000577622415234384,Pro,midlane radiant
2282333,52,41,radiant,%5BHyper%5D%20Liquid%60qojqva,0,1507800,1526,0.000578001184031259,Pro,midlane radiant
2282333,52,41,radiant,%5BHyper%5D%20Liquid%60qojqva,0,1507800,1527,0.000578379952828134,Pro,midlane radiant
2282333,52,41,radiant,%5BHyper%5D%20Liquid%60qojqva,0,1507800,1528,0.000578758721625009,Pro,midlane radiant
2282333,52,41,radiant,%5BHyper%5D%20Liquid%60qojqva,0,1507800,1529,0.000579137490421884,Pro,midlane radiant
2282333,52,41,radiant,%5BHyper%5D%20Liquid%60qojqva,0,1507800,1530,0.000579516259218759,Pro,midlane radiant
2282333,52,41,radiant,%5BHyper%5D%20Liquid%60qojqva,0,1507800,1531,0.000579895028015634,Pro,midlane radiant
2282333,52,41,radiant,%5BHyper%5D%20Liquid%60qojqva,0,1507800,1532,0.000580273796812509,Pro,midlane radiant
2282333,52,41,radiant,%5BHyper%5D%20Liquid%60qojqva,0,1507800,1533,0.000580652565609384,Pro,midlane radiant
2282333,52,41,radiant,%5BHyper%5D%20Liquid%60qojqva,0,1507800,1534,0.000581031334406259,Pro,midlane radiant
2282333,52,41,radiant,%5BHyper%5D%20Liquid%60qojqva,0,1507800,1535,0.000581410103203134,Pro,midlane radiant
2282333,52,41,radiant,%5BHyper%5D%20Liquid%60qojqva,0,1507800,1536,0.000581788872000009,Pro,midlane radiant
2282333,52,41,radiant,%5BHyper%5D%20Liquid%60qojqva,0,1507800,1537,0.000582167640796884,Pro,midlane radiant
2282333,52,41,radiant,%5BHyper%5D%20Liquid%60qojqva,0,1507800,1538,0.000582546409593759,Pro,midlane radiant
2282333,52,41,radiant,%5BHyper%5D%20Liquid%60qojqva,0,1507800,1539,0.000582925178390634,Pro,midlane radiant
2282333,52,41,radiant,%5BHyper%5D%20Liquid%60qojqva,0,1507800,1540,0.000583303947187509,Pro,midlane radiant
2282333,52,41,radiant,%5BHyper%5D%20Liquid%60qojqva,0,1507800,1541,0.000583682715984384,Pro,midlane radiant
2282333,52,41,radiant,%5BHyper%5D%20Liquid%60qojqva,0,1507800,1542,0.000584061484781259,Pro,midlane radiant
2282333,52,41,radiant,%5BHyper%5D%20Liquid%60qojqva,0,1507800,1543,0.000584440253578134,Pro,midlane radiant
2282333,52,41,radiant,%5BHyper%5D%20Liquid%60qojqva,0,1507800,1544,0.000584819022375009,Pro,midlane radiant
2282333,52,41,radiant,%5BHyper%5D%20Liquid%60qojqva,0,1507800,1545,0.000585197791171884,Pro,midlane radiant
2282333,52,41,radiant,%5BHyper%5D%20Liquid%60qojqva,0,1507800,1546,0.000585576559968759,Pro,midlane radiant
2282333,52,41,radiant,%5BHyper%5D%20Liquid%60qojqva,0,1507800,1547,0.000585955328765634,Pro,midlane radiant
2282333,52,41,radiant,%5BHyper%5D%20Liquid%60qojqva,0,1507800,1548,0.000586334097562509,Pro,midlane radiant
2282333,52,41,radiant,%5BHyper%5D%20Liquid%60qojqva,0,1507800,1549,0.000586712866359384,Pro,midlane radiant
2282333,52,41,radiant,%5BHyper%5D%20Liquid%60qojqva,0,1507800,1550,0.000587091635156259,Pro,midlane radiant
2282333,52,41,radiant,%5BHyper%5D%20Liquid%60qojqva,0,1507800,1551,0.000587470403953134,Pro,midlane radiant
2282333,52,41,radiant,%5BHyper%5D%20Liquid%60qojqva,0,1507800,1552,0.000587849172750009,Pro,midlane radiant
2282333,52,41,radiant,%5BHyper%5D%20Liquid%60qojqva,0,1507800,1553,0.000588227941546884,Pro,midlane radiant
2282333,52,41,radiant,%5BHyper%5D%20Liquid%60qojqva,0,1507800,1554,0.000588606710343759,Pro,midlane radiant
2282333,52,41,radiant,%5BHyper%5D%20Liquid%60qojqva,0,1507800,1555,0.000588985479140634,Pro,midlane radiant
2282333,52,41,radiant,%5BHyper%5D%20Liquid%60qojqva,0,1507800,1556,0.000589364247937509,Pro,midlane radiant
2282333,52,41,radiant,%5BHyper%5D%20Liquid%60qojqva,0,1507800,1557,0.000589743016734384,Pro,midlane radiant
2282333,52,41,radiant,%5BHyper%5D%20Liquid%60qojqva,0,1507800,1558,0.000590121785531259,Pro,midlane radiant
2282333,52,41,radiant,%5BHyper%5D%20Liquid%60qojqva,0,1507800,1559,0.000590500554328134,Pro,midlane radiant
2282333,52,41,radiant,%5BHyper%5D%20Liquid%60qojqva,0,1507800,1560,0.000590879323125009,Pro,midlane radiant
2282333,52,41,radiant,%5BHyper%5D%20Liquid%60qojqva,0,1507800,1561,0.000591258091921884,Pro,midlane radiant
2282333,52,41,radiant,%5BHyper%5D%20Liquid%60qojqva,0,1507800,1562,0.000591636860718759,Pro,midlane radiant
2337333,9,6,radiant,%5BHyper%5D%20Liquid%60qojqva,0,1562800,1563,0.000592015629515634,Pro,base1 radiant
2338400,11,8,radiant,%5BHyper%5D%20Liquid%60qojqva,0,1563867,1564,0.000592394398312509,Pro,base1 radiant
2339400,12,11,radiant,%5BHyper%5D%20Liquid%60qojqva,0,1564867,1565,0.000592773167109384,Pro,base1 radiant
2340400,13,14,radiant,%5BHyper%5D%20Liquid%60qojqva,0,1565867,1566,0.000593151935906259,Pro,base1 radiant
2341400,14,17,radiant,%5BHyper%5D%20Liquid%60qojqva,0,1566867,1567,0.000593530704703134,Pro,base1 radiant
2342466,16,20,radiant,%5BHyper%5D%20Liquid%60qojqva,0,1567933,1568,0.000593909473500009,Pro,base1 radiant
2343400,18,20,radiant,%5BHyper%5D%20Liquid%60qojqva,0,1568867,1569,0.000594288242296884,Pro,base1 radiant
2344400,21,21,radiant,%5BHyper%5D%20Liquid%60qojqva,0,1569867,1570,0.000594667011093759,Pro,base1 radiant
2345200,23,22,radiant,%5BHyper%5D%20Liquid%60qojqva,0,1570667,1571,0.000595045779890634,Pro,base1 radiant
2345866,24,23,radiant,%5BHyper%5D%20Liquid%60qojqva,0,1571333,1572,0.000595424548687509,Pro,base1 radiant
2347066,25,24,radiant,%5BHyper%5D%20Liquid%60qojqva,0,1572533,1573,0.000595803317484384,Pro,base1 radiant
2348133,23,25,radiant,%5BHyper%5D%20Liquid%60qojqva,0,1573600,1574,0.000596182086281259,Pro,base1 radiant
2348933,24,26,radiant,%5BHyper%5D%20Liquid%60qojqva,0,1574400,1575,0.000596560855078134,Pro,base1 radiant
2350466,26,27,radiant,%5BHyper%5D%20Liquid%60qojqva,0,1575933,1576,0.000596939623875009,Pro,base1 radiant
2351333,27,27,radiant,%5BHyper%5D%20Liquid%60qojqva,0,1576800,1577,0.000597318392671884,Pro,base1 radiant
2352000,28,27,radiant,%5BHyper%5D%20Liquid%60qojqva,0,1577467,1578,0.000597697161468759,Pro,base1 radiant
2353000,29,27,radiant,%5BHyper%5D%20Liquid%60qojqva,0,1578467,1579,0.000598075930265634,Pro,base1 radiant
2354533,30,29,radiant,%5BHyper%5D%20Liquid%60qojqva,0,1580000,1580,0.000598454699062509,Pro,midlane radiant
2354533,30,29,radiant,%5BHyper%5D%20Liquid%60qojqva,0,1580000,1581,0.000598833467859384,Pro,midlane radiant
2354533,30,29,radiant,%5BHyper%5D%20Liquid%60qojqva,0,1580000,1582,0.000599212236656259,Pro,midlane radiant
2357400,30,29,radiant,%5BHyper%5D%20Liquid%60qojqva,0,1582867,1583,0.000599591005453134,Pro,midlane radiant
2358333,32,31,radiant,%5BHyper%5D%20Liquid%60qojqva,0,1583800,1584,0.000599969774250009,Pro,midlane radiant
2359400,32,32,radiant,%5BHyper%5D%20Liquid%60qojqva,0,1584867,1585,0.000600348543046884,Pro,midlane radiant
2360066,33,33,radiant,%5BHyper%5D%20Liquid%60qojqva,0,1585533,1586,0.000600727311843759,Pro,midlane radiant
2361466,32,31,radiant,%5BHyper%5D%20Liquid%60qojqva,0,1586933,1587,0.000601106080640634,Pro,midlane radiant
2362200,31,29,radiant,%5BHyper%5D%20Liquid%60qojqva,0,1587667,1588,0.000601484849437509,Pro,midlane radiant
2363466,31,28,radiant,%5BHyper%5D%20Liquid%60qojqva,0,1588933,1589,0.000601863618234384,Pro,base1 radiant
2363466,31,28,radiant,%5BHyper%5D%20Liquid%60qojqva,0,1588933,1590,0.000602242387031259,Pro,base1 radiant
2365533,31,30,radiant,%5BHyper%5D%20Liquid%60qojqva,0,1591000,1591,0.000602621155828134,Pro,midlane radiant
2366400,32,32,radiant,%5BHyper%5D%20Liquid%60qojqva,0,1591867,1592,0.000602999924625009,Pro,midlane radiant
2367400,30,34,radiant,%5BHyper%5D%20Liquid%60qojqva,0,1592867,1593,0.000603378693421884,Pro,midlane radiant
2368266,28,35,radiant,%5BHyper%5D%20Liquid%60qojqva,0,1593733,1594,0.000603757462218759,Pro,midlane radiant
2369466,29,32,radiant,%5BHyper%5D%20Liquid%60qojqva,0,1594933,1595,0.000604136231015634,Pro,midlane radiant
2370333,30,30,radiant,%5BHyper%5D%20Liquid%60qojqva,0,1595800,1596,0.000604514999812509,Pro,midlane radiant
2370600,30,29,radiant,%5BHyper%5D%20Liquid%60qojqva,0,1596067,1597,0.000604893768609384,Pro,midlane radiant
2370600,30,29,radiant,%5BHyper%5D%20Liquid%60qojqva,0,1596067,1598,0.000605272537406259,Pro,midlane radiant
2373533,29,28,radiant,%5BHyper%5D%20Liquid%60qojqva,0,1599000,1599,0.000605651306203134,Pro,base1 radiant
2373933,29,27,radiant,%5BHyper%5D%20Liquid%60qojqva,0,1599400,1600,0.000606030075000009,Pro,base1 radiant
2373933,29,27,radiant,%5BHyper%5D%20Liquid%60qojqva,0,1599400,1601,0.000606408843796884,Pro,base1 radiant
2373933,29,27,radiant,%5BHyper%5D%20Liquid%60qojqva,0,1599400,1602,0.000606787612593759,Pro,base1 radiant
2373933,29,27,radiant,%5BHyper%5D%20Liquid%60qojqva,0,1599400,1603,0.000607166381390634,Pro,base1 radiant
2373933,29,27,radiant,%5BHyper%5D%20Liquid%60qojqva,0,1599400,1604,0.000607545150187509,Pro,base1 radiant
2373933,29,27,radiant,%5BHyper%5D%20Liquid%60qojqva,0,1599400,1605,0.000607923918984384,Pro,base1 radiant
2373933,29,27,radiant,%5BHyper%5D%20Liquid%60qojqva,0,1599400,1606,0.000608302687781259,Pro,base1 radiant
2373933,29,27,radiant,%5BHyper%5D%20Liquid%60qojqva,0,1599400,1607,0.000608681456578134,Pro,base1 radiant
2382533,30,27,radiant,%5BHyper%5D%20Liquid%60qojqva,0,1608000,1608,0.000609060225375009,Pro,base1 radiant
2383066,31,29,radiant,%5BHyper%5D%20Liquid%60qojqva,0,1608533,1609,0.000609438994171884,Pro,midlane radiant
2384066,30,28,radiant,%5BHyper%5D%20Liquid%60qojqva,0,1609533,1610,0.000609817762968759,Pro,base1 radiant
2385466,31,31,radiant,%5BHyper%5D%20Liquid%60qojqva,0,1610933,1611,0.000610196531765635,Pro,midlane radiant
2386200,31,33,radiant,%5BHyper%5D%20Liquid%60qojqva,0,1611667,1612,0.00061057530056251,Pro,midlane radiant
2387466,29,36,radiant,%5BHyper%5D%20Liquid%60qojqva,0,1612933,1613,0.000610954069359385,Pro,midlane radiant
2388333,27,37,radiant,%5BHyper%5D%20Liquid%60qojqva,0,1613800,1614,0.00061133283815626,Pro,jungle radiant
2388800,26,38,radiant,%5BHyper%5D%20Liquid%60qojqva,0,1614267,1615,0.000611711606953135,Pro,jungle radiant
2390266,26,38,radiant,%5BHyper%5D%20Liquid%60qojqva,0,1615733,1616,0.00061209037575001,Pro,jungle radiant
2391466,29,37,radiant,%5BHyper%5D%20Liquid%60qojqva,0,1616933,1617,0.000612469144546885,Pro,jungle radiant
2392266,31,36,radiant,%5BHyper%5D%20Liquid%60qojqva,0,1617733,1618,0.00061284791334376,Pro,midlane radiant
2393400,34,34,radiant,%5BHyper%5D%20Liquid%60qojqva,0,1618867,1619,0.000613226682140635,Pro,midlane radiant
2394266,37,33,radiant,%5BHyper%5D%20Liquid%60qojqva,0,1619733,1620,0.00061360545093751,Pro,midlane radiant
2395266,40,32,radiant,%5BHyper%5D%20Liquid%60qojqva,0,1620733,1621,0.000613984219734385,Pro,midlane radiant
2396533,44,31,radiant,%5BHyper%5D%20Liquid%60qojqva,0,1622000,1622,0.00061436298853126,Pro,jungle radiant
2397266,46,31,radiant,%5BHyper%5D%20Liquid%60qojqva,0,1622733,1623,0.000614741757328135,Pro,jungle radiant
2398400,49,30,radiant,%5BHyper%5D%20Liquid%60qojqva,0,1623867,1624,0.00061512052612501,Pro,jungle radiant
2399533,52,29,radiant,%5BHyper%5D%20Liquid%60qojqva,0,1625000,1625,0.000615499294921885,Pro,jungle radiant
2400333,54,28,radiant,%5BHyper%5D%20Liquid%60qojqva,0,1625800,1626,0.00061587806371876,Pro,jungle radiant
2401466,53,29,radiant,%5BHyper%5D%20Liquid%60qojqva,0,1626933,1627,0.000616256832515635,Pro,jungle radiant
2402533,50,30,radiant,%5BHyper%5D%20Liquid%60qojqva,0,1628000,1628,0.00061663560131251,Pro,jungle radiant
2403466,47,29,radiant,%5BHyper%5D%20Liquid%60qojqva,0,1628933,1629,0.000617014370109385,Pro,jungle radiant
2404466,44,28,radiant,%5BHyper%5D%20Liquid%60qojqva,0,1629933,1630,0.00061739313890626,Pro,jungle radiant
2405400,41,28,radiant,%5BHyper%5D%20Liquid%60qojqva,0,1630867,1631,0.000617771907703135,Pro,jungle radiant
2406333,38,28,radiant,%5BHyper%5D%20Liquid%60qojqva,0,1631800,1632,0.00061815067650001,Pro,midlane radiant
2407400,35,28,radiant,%5BHyper%5D%20Liquid%60qojqva,0,1632867,1633,0.000618529445296885,Pro,midlane radiant
2408466,32,28,radiant,%5BHyper%5D%20Liquid%60qojqva,0,1633933,1634,0.00061890821409376,Pro,midlane radiant
2409533,29,28,radiant,%5BHyper%5D%20Liquid%60qojqva,0,1635000,1635,0.000619286982890635,Pro,base1 radiant
2410333,27,29,radiant,%5BHyper%5D%20Liquid%60qojqva,0,1635800,1636,0.00061966575168751,Pro,base1 radiant
2411466,24,30,radiant,%5BHyper%5D%20Liquid%60qojqva,0,1636933,1637,0.000620044520484385,Pro,base1 radiant
2412333,22,32,radiant,%5BHyper%5D%20Liquid%60qojqva,0,1637800,1638,0.00062042328928126,Pro,base1 radiant
2413533,19,33,radiant,%5BHyper%5D%20Liquid%60qojqva,0,1639000,1639,0.000620802058078135,Pro,base1 radiant
2414400,17,34,radiant,%5BHyper%5D%20Liquid%60qojqva,0,1639867,1640,0.00062118082687501,Pro,base1 radiant
2415333,15,36,radiant,%5BHyper%5D%20Liquid%60qojqva,0,1640800,1641,0.000621559595671885,Pro,base1 radiant
2416533,14,39,radiant,%5BHyper%5D%20Liquid%60qojqva,0,1642000,1642,0.00062193836446876,Pro,toplane radiant
2417266,14,41,radiant,%5BHyper%5D%20Liquid%60qojqva,0,1642733,1643,0.000622317133265635,Pro,toplane radiant
2418333,13,44,radiant,%5BHyper%5D%20Liquid%60qojqva,0,1643800,1644,0.00062269590206251,Pro,toplane radiant
2419400,13,47,radiant,%5BHyper%5D%20Liquid%60qojqva,0,1644867,1645,0.000623074670859385,Pro,toplane radiant
2420466,13,50,radiant,%5BHyper%5D%20Liquid%60qojqva,0,1645933,1646,0.00062345343965626,Pro,toplane radiant
2421533,13,53,radiant,%5BHyper%5D%20Liquid%60qojqva,0,1647000,1647,0.000623832208453135,Pro,toplane radiant
2422266,13,55,radiant,%5BHyper%5D%20Liquid%60qojqva,0,1647733,1648,0.00062421097725001,Pro,toplane radiant
2423333,13,58,radiant,%5BHyper%5D%20Liquid%60qojqva,0,1648800,1649,0.000624589746046885,Pro,toplane radiant
2423733,13,59,radiant,%5BHyper%5D%20Liquid%60qojqva,0,1649200,1650,0.00062496851484376,Pro,toplane radiant
2425066,12,59,radiant,%5BHyper%5D%20Liquid%60qojqva,0,1650533,1651,0.000625347283640635,Pro,toplane radiant
2426533,12,56,radiant,%5BHyper%5D%20Liquid%60qojqva,0,1652000,1652,0.00062572605243751,Pro,toplane radiant
2427533,11,53,radiant,%5BHyper%5D%20Liquid%60qojqva,0,1653000,1653,0.000626104821234385,Pro,void radiant
2428533,10,50,radiant,%5BHyper%5D%20Liquid%60qojqva,0,1654000,1654,0.00062648359003126,Pro,void radiant
2429466,10,47,radiant,%5BHyper%5D%20Liquid%60qojqva,0,1654933,1655,0.000626862358828135,Pro,toplane radiant
2430466,9,44,radiant,%5BHyper%5D%20Liquid%60qojqva,0,1655933,1656,0.00062724112762501,Pro,toplane radiant
2431466,8,42,radiant,%5BHyper%5D%20Liquid%60qojqva,0,1656933,1657,0.000627619896421885,Pro,void radiant
2432200,9,40,radiant,%5BHyper%5D%20Liquid%60qojqva,0,1657667,1658,0.00062799866521876,Pro,toplane radiant
2433466,10,37,radiant,%5BHyper%5D%20Liquid%60qojqva,0,1658933,1659,0.000628377434015635,Pro,base1 radiant
2434400,12,35,radiant,%5BHyper%5D%20Liquid%60qojqva,0,1659867,1660,0.00062875620281251,Pro,base1 radiant
2435266,14,34,radiant,%5BHyper%5D%20Liquid%60qojqva,0,1660733,1661,0.000629134971609385,Pro,base1 radiant
2436200,16,32,radiant,%5BHyper%5D%20Liquid%60qojqva,0,1661667,1662,0.00062951374040626,Pro,base1 radiant
2437333,19,32,radiant,%5BHyper%5D%20Liquid%60qojqva,0,1662800,1663,0.000629892509203135,Pro,base1 radiant
2438400,22,32,radiant,%5BHyper%5D%20Liquid%60qojqva,0,1663867,1664,0.00063027127800001,Pro,base1 radiant
2439200,24,31,radiant,%5BHyper%5D%20Liquid%60qojqva,0,1664667,1665,0.000630650046796885,Pro,base1 radiant
2440333,27,30,radiant,%5BHyper%5D%20Liquid%60qojqva,0,1665800,1666,0.00063102881559376,Pro,base1 radiant
2441133,29,29,radiant,%5BHyper%5D%20Liquid%60qojqva,0,1666600,1667,0.000631407584390635,Pro,base1 radiant
2441133,29,29,radiant,%5BHyper%5D%20Liquid%60qojqva,0,1666600,1668,0.00063178635318751,Pro,base1 radiant
2443533,28,27,radiant,%5BHyper%5D%20Liquid%60qojqva,0,1669000,1669,0.000632165121984385,Pro,base1 radiant
2444266,29,28,radiant,%5BHyper%5D%20Liquid%60qojqva,0,1669733,1670,0.00063254389078126,Pro,base1 radiant
2445400,31,27,radiant,%5BHyper%5D%20Liquid%60qojqva,0,1670867,1671,0.000632922659578135,Pro,base1 radiant
2446333,31,27,radiant,%5BHyper%5D%20Liquid%60qojqva,0,1671800,1672,0.00063330142837501,Pro,base1 radiant
2447533,33,29,radiant,%5BHyper%5D%20Liquid%60qojqva,0,1673000,1673,0.000633680197171885,Pro,midlane radiant
2448066,34,31,radiant,%5BHyper%5D%20Liquid%60qojqva,0,1673533,1674,0.00063405896596876,Pro,midlane radiant
2448066,34,31,radiant,%5BHyper%5D%20Liquid%60qojqva,0,1673533,1675,0.000634437734765635,Pro,midlane radiant
2450400,33,31,radiant,%5BHyper%5D%20Liquid%60qojqva,0,1675867,1676,0.00063481650356251,Pro,midlane radiant
2451266,33,31,radiant,%5BHyper%5D%20Liquid%60qojqva,0,1676733,1677,0.000635195272359385,Pro,midlane radiant
2451266,33,31,radiant,%5BHyper%5D%20Liquid%60qojqva,0,1676733,1678,0.00063557404115626,Pro,midlane radiant
2453266,32,30,radiant,%5BHyper%5D%20Liquid%60qojqva,0,1678733,1679,0.000635952809953135,Pro,midlane radiant
2454533,29,28,radiant,%5BHyper%5D%20Liquid%60qojqva,0,1680000,1680,0.00063633157875001,Pro,base1 radiant
2455333,27,27,radiant,%5BHyper%5D%20Liquid%60qojqva,0,1680800,1681,0.000636710347546885,Pro,base1 radiant
2456466,27,29,radiant,%5BHyper%5D%20Liquid%60qojqva,0,1681933,1682,0.00063708911634376,Pro,base1 radiant
2457466,26,27,radiant,%5BHyper%5D%20Liquid%60qojqva,0,1682933,1683,0.000637467885140635,Pro,base1 radiant
2458266,24,26,radiant,%5BHyper%5D%20Liquid%60qojqva,0,1683733,1684,0.00063784665393751,Pro,base1 radiant
2459200,22,28,radiant,%5BHyper%5D%20Liquid%60qojqva,0,1684667,1685,0.000638225422734385,Pro,base1 radiant
2460266,20,30,radiant,%5BHyper%5D%20Liquid%60qojqva,0,1685733,1686,0.00063860419153126,Pro,base1 radiant
2461400,17,29,radiant,%5BHyper%5D%20Liquid%60qojqva,0,1686867,1687,0.000638982960328135,Pro,base1 radiant
2462200,15,28,radiant,%5BHyper%5D%20Liquid%60qojqva,0,1687667,1688,0.00063936172912501,Pro,base1 radiant
2463400,14,29,radiant,%5BHyper%5D%20Liquid%60qojqva,0,1688867,1689,0.000639740497921885,Pro,base1 radiant
2464133,12,30,radiant,%5BHyper%5D%20Liquid%60qojqva,0,1689600,1690,0.00064011926671876,Pro,base1 radiant
2464933,11,29,radiant,%5BHyper%5D%20Liquid%60qojqva,0,1690400,1691,0.000640498035515635,Pro,base1 radiant
2466400,11,31,radiant,%5BHyper%5D%20Liquid%60qojqva,0,1691867,1692,0.00064087680431251,Pro,base1 radiant
2467466,11,33,radiant,%5BHyper%5D%20Liquid%60qojqva,0,1692933,1693,0.000641255573109385,Pro,base1 radiant
2468400,12,30,radiant,%5BHyper%5D%20Liquid%60qojqva,0,1693867,1694,0.00064163434190626,Pro,base1 radiant
2469066,11,29,radiant,%5BHyper%5D%20Liquid%60qojqva,0,1694533,1695,0.000642013110703135,Pro,base1 radiant
2469066,11,29,radiant,%5BHyper%5D%20Liquid%60qojqva,0,1694533,1696,0.00064239187950001,Pro,base1 radiant
2471466,11,31,radiant,%5BHyper%5D%20Liquid%60qojqva,0,1696933,1697,0.000642770648296885,Pro,base1 radiant
2472000,11,33,radiant,%5BHyper%5D%20Liquid%60qojqva,0,1697467,1698,0.00064314941709376,Pro,base1 radiant
2473400,11,31,radiant,%5BHyper%5D%20Liquid%60qojqva,0,1698867,1699,0.000643528185890635,Pro,base1 radiant
2474466,11,29,radiant,%5BHyper%5D%20Liquid%60qojqva,0,1699933,1700,0.00064390695468751,Pro,base1 radiant
2475466,8,30,radiant,%5BHyper%5D%20Liquid%60qojqva,0,1700933,1701,0.000644285723484385,Pro,base1 radiant
2476333,11,29,radiant,%5BHyper%5D%20Liquid%60qojqva,0,1701800,1702,0.00064466449228126,Pro,base1 radiant
2477400,11,30,radiant,%5BHyper%5D%20Liquid%60qojqva,0,1702867,1703,0.000645043261078135,Pro,base1 radiant
2478533,10,33,radiant,%5BHyper%5D%20Liquid%60qojqva,0,1704000,1704,0.00064542202987501,Pro,base1 radiant
2478933,11,34,radiant,%5BHyper%5D%20Liquid%60qojqva,0,1704400,1705,0.000645800798671885,Pro,base1 radiant
2480133,11,35,radiant,%5BHyper%5D%20Liquid%60qojqva,0,1705600,1706,0.00064617956746876,Pro,base1 radiant
2481333,10,34,radiant,%5BHyper%5D%20Liquid%60qojqva,0,1706800,1707,0.000646558336265635,Pro,base1 radiant
2482066,11,32,radiant,%5BHyper%5D%20Liquid%60qojqva,0,1707533,1708,0.00064693710506251,Pro,base1 radiant
2483533,13,32,radiant,%5BHyper%5D%20Liquid%60qojqva,0,1709000,1709,0.000647315873859385,Pro,base1 radiant
2484533,11,32,radiant,%5BHyper%5D%20Liquid%60qojqva,0,1710000,1710,0.00064769464265626,Pro,base1 radiant
2485266,9,32,radiant,%5BHyper%5D%20Liquid%60qojqva,0,1710733,1711,0.000648073411453135,Pro,base1 radiant
2486266,9,32,radiant,%5BHyper%5D%20Liquid%60qojqva,0,1711733,1712,0.00064845218025001,Pro,base1 radiant
2487466,12,32,radiant,%5BHyper%5D%20Liquid%60qojqva,0,1712933,1713,0.000648830949046885,Pro,base1 radiant
2488533,15,32,radiant,%5BHyper%5D%20Liquid%60qojqva,0,1714000,1714,0.00064920971784376,Pro,base1 radiant
2489000,16,32,radiant,%5BHyper%5D%20Liquid%60qojqva,0,1714467,1715,0.000649588486640635,Pro,base1 radiant
2489000,16,32,radiant,%5BHyper%5D%20Liquid%60qojqva,0,1714467,1716,0.00064996725543751,Pro,base1 radiant
2489000,16,32,radiant,%5BHyper%5D%20Liquid%60qojqva,0,1714467,1717,0.000650346024234385,Pro,base1 radiant
2491800,17,32,radiant,%5BHyper%5D%20Liquid%60qojqva,0,1717267,1718,0.00065072479303126,Pro,base1 radiant
2491800,17,32,radiant,%5BHyper%5D%20Liquid%60qojqva,0,1717267,1719,0.000651103561828135,Pro,base1 radiant
2491800,17,32,radiant,%5BHyper%5D%20Liquid%60qojqva,0,1717267,1720,0.00065148233062501,Pro,base1 radiant
2491800,17,32,radiant,%5BHyper%5D%20Liquid%60qojqva,0,1717267,1721,0.000651861099421885,Pro,base1 radiant
2491800,17,32,radiant,%5BHyper%5D%20Liquid%60qojqva,0,1717267,1722,0.00065223986821876,Pro,base1 radiant
2497533,17,31,radiant,%5BHyper%5D%20Liquid%60qojqva,0,1723000,1723,0.000652618637015635,Pro,base1 radiant
2497800,16,31,radiant,%5BHyper%5D%20Liquid%60qojqva,0,1723267,1724,0.00065299740581251,Pro,base1 radiant
2499266,17,29,radiant,%5BHyper%5D%20Liquid%60qojqva,0,1724733,1725,0.000653376174609385,Pro,base1 radiant
2499800,18,28,radiant,%5BHyper%5D%20Liquid%60qojqva,0,1725267,1726,0.00065375494340626,Pro,base1 radiant
2501266,16,29,radiant,%5BHyper%5D%20Liquid%60qojqva,0,1726733,1727,0.000654133712203135,Pro,base1 radiant
2501266,16,29,radiant,%5BHyper%5D%20Liquid%60qojqva,0,1726733,1728,0.00065451248100001,Pro,base1 radiant
2501266,16,29,radiant,%5BHyper%5D%20Liquid%60qojqva,0,1726733,1729,0.000654891249796885,Pro,base1 radiant
2501266,16,29,radiant,%5BHyper%5D%20Liquid%60qojqva,0,1726733,1730,0.00065527001859376,Pro,base1 radiant
2505400,15,30,radiant,%5BHyper%5D%20Liquid%60qojqva,0,1730867,1731,0.000655648787390635,Pro,base1 radiant
2506333,14,32,radiant,%5BHyper%5D%20Liquid%60qojqva,0,1731800,1732,0.00065602755618751,Pro,base1 radiant
2506333,14,32,radiant,%5BHyper%5D%20Liquid%60qojqva,0,1731800,1733,0.000656406324984385,Pro,base1 radiant
2508266,16,32,radiant,%5BHyper%5D%20Liquid%60qojqva,0,1733733,1734,0.00065678509378126,Pro,base1 radiant
2509466,19,31,radiant,%5BHyper%5D%20Liquid%60qojqva,0,1734933,1735,0.000657163862578135,Pro,base1 radiant
2510400,22,31,radiant,%5BHyper%5D%20Liquid%60qojqva,0,1735867,1736,0.00065754263137501,Pro,base1 radiant
2511333,25,31,radiant,%5BHyper%5D%20Liquid%60qojqva,0,1736800,1737,0.000657921400171885,Pro,base1 radiant
2512266,28,31,radiant,%5BHyper%5D%20Liquid%60qojqva,0,1737733,1738,0.00065830016896876,Pro,base1 radiant
2512933,30,31,radiant,%5BHyper%5D%20Liquid%60qojqva,0,1738400,1739,0.000658678937765635,Pro,midlane radiant
2512933,30,31,radiant,%5BHyper%5D%20Liquid%60qojqva,0,1738400,1740,0.00065905770656251,Pro,midlane radiant
2515333,31,30,radiant,%5BHyper%5D%20Liquid%60qojqva,0,1740800,1741,0.000659436475359385,Pro,midlane radiant
2515866,32,29,radiant,%5BHyper%5D%20Liquid%60qojqva,0,1741333,1742,0.00065981524415626,Pro,midlane radiant
2517400,31,31,radiant,%5BHyper%5D%20Liquid%60qojqva,0,1742867,1743,0.000660194012953135,Pro,midlane radiant
2517400,31,31,radiant,%5BHyper%5D%20Liquid%60qojqva,0,1742867,1744,0.00066057278175001,Pro,midlane radiant
2519000,32,30,radiant,%5BHyper%5D%20Liquid%60qojqva,0,1744467,1745,0.000660951550546885,Pro,midlane radiant
2520266,34,31,radiant,%5BHyper%5D%20Liquid%60qojqva,0,1745733,1746,0.00066133031934376,Pro,midlane radiant
2520800,33,30,radiant,%5BHyper%5D%20Liquid%60qojqva,0,1746267,1747,0.000661709088140635,Pro,midlane radiant
2522333,35,31,radiant,%5BHyper%5D%20Liquid%60qojqva,0,1747800,1748,0.00066208785693751,Pro,midlane radiant
2522733,35,32,radiant,%5BHyper%5D%20Liquid%60qojqva,0,1748200,1749,0.000662466625734385,Pro,midlane radiant
2524533,35,31,radiant,%5BHyper%5D%20Liquid%60qojqva,0,1750000,1750,0.00066284539453126,Pro,midlane radiant
2524933,34,32,radiant,%5BHyper%5D%20Liquid%60qojqva,0,1750400,1751,0.000663224163328135,Pro,midlane radiant
2526333,33,30,radiant,%5BHyper%5D%20Liquid%60qojqva,0,1751800,1752,0.00066360293212501,Pro,midlane radiant
2527266,31,28,radiant,%5BHyper%5D%20Liquid%60qojqva,0,1752733,1753,0.000663981700921885,Pro,base1 radiant
2528533,29,25,radiant,%5BHyper%5D%20Liquid%60qojqva,0,1754000,1754,0.00066436046971876,Pro,base1 radiant
2529333,28,23,radiant,%5BHyper%5D%20Liquid%60qojqva,0,1754800,1755,0.000664739238515635,Pro,base1 radiant
2529333,28,23,radiant,%5BHyper%5D%20Liquid%60qojqva,0,1754800,1756,0.00066511800731251,Pro,base1 radiant
2529333,28,23,radiant,%5BHyper%5D%20Liquid%60qojqva,0,1754800,1757,0.000665496776109385,Pro,base1 radiant
2529333,28,23,radiant,%5BHyper%5D%20Liquid%60qojqva,0,1754800,1758,0.00066587554490626,Pro,base1 radiant
2533466,27,23,radiant,%5BHyper%5D%20Liquid%60qojqva,0,1758933,1759,0.000666254313703135,Pro,base1 radiant
2534333,25,24,radiant,%5BHyper%5D%20Liquid%60qojqva,0,1759800,1760,0.00066663308250001,Pro,base1 radiant
2535400,27,26,radiant,%5BHyper%5D%20Liquid%60qojqva,0,1760867,1761,0.000667011851296885,Pro,base1 radiant
2536266,29,28,radiant,%5BHyper%5D%20Liquid%60qojqva,0,1761733,1762,0.00066739062009376,Pro,base1 radiant
2537533,32,31,radiant,%5BHyper%5D%20Liquid%60qojqva,0,1763000,1763,0.000667769388890635,Pro,midlane radiant
2538466,34,33,radiant,%5BHyper%5D%20Liquid%60qojqva,0,1763933,1764,0.00066814815768751,Pro,midlane radiant
2539533,35,36,radiant,%5BHyper%5D%20Liquid%60qojqva,0,1765000,1765,0.000668526926484385,Pro,midlane radiant
2540466,37,38,radiant,%5BHyper%5D%20Liquid%60qojqva,0,1765933,1766,0.00066890569528126,Pro,midlane radiant
2541266,39,39,radiant,%5BHyper%5D%20Liquid%60qojqva,0,1766733,1767,0.000669284464078135,Pro,midlane radiant
2542533,36,38,radiant,%5BHyper%5D%20Liquid%60qojqva,0,1768000,1768,0.00066966323287501,Pro,midlane radiant
2543400,34,37,radiant,%5BHyper%5D%20Liquid%60qojqva,0,1768867,1769,0.000670042001671885,Pro,midlane radiant
2544400,32,35,radiant,%5BHyper%5D%20Liquid%60qojqva,0,1769867,1770,0.00067042077046876,Pro,midlane radiant
2545333,30,33,radiant,%5BHyper%5D%20Liquid%60qojqva,0,1770800,1771,0.000670799539265635,Pro,midlane radiant
2546400,28,31,radiant,%5BHyper%5D%20Liquid%60qojqva,0,1771867,1772,0.000671178308062511,Pro,base1 radiant
2547400,26,29,radiant,%5BHyper%5D%20Liquid%60qojqva,0,1772867,1773,0.000671557076859386,Pro,base1 radiant
2548466,24,27,radiant,%5BHyper%5D%20Liquid%60qojqva,0,1773933,1774,0.000671935845656261,Pro,base1 radiant
2549200,22,26,radiant,%5BHyper%5D%20Liquid%60qojqva,0,1774667,1775,0.000672314614453136,Pro,base1 radiant
2550133,20,24,radiant,%5BHyper%5D%20Liquid%60qojqva,0,1775600,1776,0.000672693383250011,Pro,base1 radiant
2551200,18,22,radiant,%5BHyper%5D%20Liquid%60qojqva,0,1776667,1777,0.000673072152046886,Pro,base1 radiant
2552200,16,20,radiant,%5BHyper%5D%20Liquid%60qojqva,0,1777667,1778,0.000673450920843761,Pro,base1 radiant
2553266,14,18,radiant,%5BHyper%5D%20Liquid%60qojqva,0,1778733,1779,0.000673829689640636,Pro,base1 radiant
2554466,12,15,radiant,%5BHyper%5D%20Liquid%60qojqva,0,1779933,1780,0.000674208458437511,Pro,base1 radiant
2555266,11,13,radiant,%5BHyper%5D%20Liquid%60qojqva,0,1780733,1781,0.000674587227234386,Pro,base1 radiant
2556400,11,10,radiant,%5BHyper%5D%20Liquid%60qojqva,0,1781867,1782,0.000674965996031261,Pro,base1 radiant
2557133,12,8,radiant,%5BHyper%5D%20Liquid%60qojqva,0,1782600,1783,0.000675344764828136,Pro,base1 radiant
2557133,12,8,radiant,%5BHyper%5D%20Liquid%60qojqva,0,1782600,1784,0.000675723533625011,Pro,base1 radiant
2557133,12,8,radiant,%5BHyper%5D%20Liquid%60qojqva,0,1782600,1785,0.000676102302421886,Pro,base1 radiant
2557133,12,8,radiant,%5BHyper%5D%20Liquid%60qojqva,0,1782600,1786,0.000676481071218761,Pro,base1 radiant
2557133,12,8,radiant,%5BHyper%5D%20Liquid%60qojqva,0,1782600,1787,0.000676859840015636,Pro,base1 radiant
2557133,12,8,radiant,%5BHyper%5D%20Liquid%60qojqva,0,1782600,1788,0.000677238608812511,Pro,base1 radiant
2557133,12,8,radiant,%5BHyper%5D%20Liquid%60qojqva,0,1782600,1789,0.000677617377609386,Pro,base1 radiant
2564466,13,10,radiant,%5BHyper%5D%20Liquid%60qojqva,0,1789933,1790,0.000677996146406261,Pro,base1 radiant
2565133,12,10,radiant,%5BHyper%5D%20Liquid%60qojqva,0,1790600,1791,0.000678374915203136,Pro,base1 radiant
2565133,12,10,radiant,%5BHyper%5D%20Liquid%60qojqva,0,1790600,1792,0.000678753684000011,Pro,base1 radiant
2565133,12,10,radiant,%5BHyper%5D%20Liquid%60qojqva,0,1790600,1793,0.000679132452796886,Pro,base1 radiant
2568533,15,12,radiant,%5BHyper%5D%20Liquid%60qojqva,0,1794000,1794,0.000679511221593761,Pro,base1 radiant
2569333,17,14,radiant,%5BHyper%5D%20Liquid%60qojqva,0,1794800,1795,0.000679889990390636,Pro,base1 radiant
2570466,20,16,radiant,%5BHyper%5D%20Liquid%60qojqva,0,1795933,1796,0.000680268759187511,Pro,base1 radiant
2571333,22,18,radiant,%5BHyper%5D%20Liquid%60qojqva,0,1796800,1797,0.000680647527984386,Pro,base1 radiant
2572333,24,20,radiant,%5BHyper%5D%20Liquid%60qojqva,0,1797800,1798,0.000681026296781261,Pro,base1 radiant
2573400,26,22,radiant,%5BHyper%5D%20Liquid%60qojqva,0,1798867,1799,0.000681405065578136,Pro,base1 radiant
2574466,28,24,radiant,%5BHyper%5D%20Liquid%60qojqva,0,1799933,1800,0.000681783834375011,Pro,base1 radiant
2575400,30,26,radiant,%5BHyper%5D%20Liquid%60qojqva,0,1800867,1801,0.000682162603171886,Pro,base1 radiant
2575866,31,27,radiant,%5BHyper%5D%20Liquid%60qojqva,0,1801333,1802,0.000682541371968761,Pro,base1 radiant
2577133,30,25,radiant,%5BHyper%5D%20Liquid%60qojqva,0,1802600,1803,0.000682920140765636,Pro,base1 radiant
2577133,30,25,radiant,%5BHyper%5D%20Liquid%60qojqva,0,1802600,1804,0.000683298909562511,Pro,base1 radiant
2577133,30,25,radiant,%5BHyper%5D%20Liquid%60qojqva,0,1802600,1805,0.000683677678359386,Pro,base1 radiant
2580133,30,25,radiant,%5BHyper%5D%20Liquid%60qojqva,0,1805600,1806,0.000684056447156261,Pro,base1 radiant
2580133,30,25,radiant,%5BHyper%5D%20Liquid%60qojqva,0,1805600,1807,0.000684435215953136,Pro,base1 radiant
2582400,30,24,radiant,%5BHyper%5D%20Liquid%60qojqva,0,1807867,1808,0.000684813984750011,Pro,base1 radiant
2583333,32,22,radiant,%5BHyper%5D%20Liquid%60qojqva,0,1808800,1809,0.000685192753546886,Pro,base1 radiant
2583733,32,23,radiant,%5BHyper%5D%20Liquid%60qojqva,0,1809200,1810,0.000685571522343761,Pro,base1 radiant
2583733,32,23,radiant,%5BHyper%5D%20Liquid%60qojqva,0,1809200,1811,0.000685950291140636,Pro,base1 radiant
2583733,32,23,radiant,%5BHyper%5D%20Liquid%60qojqva,0,1809200,1812,0.000686329059937511,Pro,base1 radiant
2583733,32,23,radiant,%5BHyper%5D%20Liquid%60qojqva,0,1809200,1813,0.000686707828734386,Pro,base1 radiant
2587666,31,24,radiant,%5BHyper%5D%20Liquid%60qojqva,0,1813133,1814,0.000687086597531261,Pro,base1 radiant
2589333,29,23,radiant,%5BHyper%5D%20Liquid%60qojqva,0,1814800,1815,0.000687465366328136,Pro,base1 radiant
2590200,27,22,radiant,%5BHyper%5D%20Liquid%60qojqva,0,1815667,1816,0.000687844135125011,Pro,base1 radiant
2591533,25,19,radiant,%5BHyper%5D%20Liquid%60qojqva,0,1817000,1817,0.000688222903921886,Pro,base1 radiant
2592200,26,18,radiant,%5BHyper%5D%20Liquid%60qojqva,0,1817667,1818,0.000688601672718761,Pro,base1 radiant
2592933,27,18,radiant,%5BHyper%5D%20Liquid%60qojqva,0,1818400,1819,0.000688980441515636,Pro,base1 radiant
2594133,28,18,radiant,%5BHyper%5D%20Liquid%60qojqva,0,1819600,1820,0.000689359210312511,Pro,base1 radiant
2595133,28,20,radiant,%5BHyper%5D%20Liquid%60qojqva,0,1820600,1821,0.000689737979109386,Pro,base1 radiant
2596400,29,23,radiant,%5BHyper%5D%20Liquid%60qojqva,0,1821867,1822,0.000690116747906261,Pro,base1 radiant
2596866,28,23,radiant,%5BHyper%5D%20Liquid%60qojqva,0,1822333,1823,0.000690495516703136,Pro,base1 radiant
2597733,29,22,radiant,%5BHyper%5D%20Liquid%60qojqva,0,1823200,1824,0.000690874285500011,Pro,base1 radiant
2597733,29,22,radiant,%5BHyper%5D%20Liquid%60qojqva,0,1823200,1825,0.000691253054296886,Pro,base1 radiant
2597733,29,22,radiant,%5BHyper%5D%20Liquid%60qojqva,0,1823200,1826,0.000691631823093761,Pro,base1 radiant
2601400,31,21,radiant,%5BHyper%5D%20Liquid%60qojqva,0,1826867,1827,0.000692010591890636,Pro,base1 radiant
2602533,34,18,radiant,%5BHyper%5D%20Liquid%60qojqva,0,1828000,1828,0.000692389360687511,Pro,base1 radiant
2603133,35,16,radiant,%5BHyper%5D%20Liquid%60qojqva,0,1828600,1829,0.000692768129484386,Pro,base1 radiant
2604466,36,16,radiant,%5BHyper%5D%20Liquid%60qojqva,0,1829933,1830,0.000693146898281261,Pro,base1 radiant
2604600,36,15,radiant,%5BHyper%5D%20Liquid%60qojqva,0,1830067,1831,0.000693525667078136,Pro,base1 radiant
2604600,36,15,radiant,%5BHyper%5D%20Liquid%60qojqva,0,1830067,1832,0.000693904435875011,Pro,base1 radiant
2604600,36,15,radiant,%5BHyper%5D%20Liquid%60qojqva,0,1830067,1833,0.000694283204671886,Pro,base1 radiant
2604600,36,15,radiant,%5BHyper%5D%20Liquid%60qojqva,0,1830067,1834,0.000694661973468761,Pro,base1 radiant
2604600,36,15,radiant,%5BHyper%5D%20Liquid%60qojqva,0,1830067,1835,0.000695040742265636,Pro,base1 radiant
2604600,36,15,radiant,%5BHyper%5D%20Liquid%60qojqva,0,1830067,1836,0.000695419511062511,Pro,base1 radiant
2604600,36,15,radiant,%5BHyper%5D%20Liquid%60qojqva,0,1830067,1837,0.000695798279859386,Pro,base1 radiant
2604600,36,15,radiant,%5BHyper%5D%20Liquid%60qojqva,0,1830067,1838,0.000696177048656261,Pro,base1 radiant
2604600,36,15,radiant,%5BHyper%5D%20Liquid%60qojqva,0,1830067,1839,0.000696555817453136,Pro,base1 radiant
2604600,36,15,radiant,%5BHyper%5D%20Liquid%60qojqva,0,1830067,1840,0.000696934586250011,Pro,base1 radiant
2604600,36,15,radiant,%5BHyper%5D%20Liquid%60qojqva,0,1830067,1841,0.000697313355046886,Pro,base1 radiant
2604600,36,15,radiant,%5BHyper%5D%20Liquid%60qojqva,0,1830067,1842,0.000697692123843761,Pro,base1 radiant
2604600,36,15,radiant,%5BHyper%5D%20Liquid%60qojqva,0,1830067,1843,0.000698070892640636,Pro,base1 radiant
2604600,36,15,radiant,%5BHyper%5D%20Liquid%60qojqva,0,1830067,1844,0.000698449661437511,Pro,base1 radiant
2604600,36,15,radiant,%5BHyper%5D%20Liquid%60qojqva,0,1830067,1845,0.000698828430234386,Pro,base1 radiant
2604600,36,15,radiant,%5BHyper%5D%20Liquid%60qojqva,0,1830067,1846,0.000699207199031261,Pro,base1 radiant
2604600,36,15,radiant,%5BHyper%5D%20Liquid%60qojqva,0,1830067,1847,0.000699585967828136,Pro,base1 radiant
2604600,36,15,radiant,%5BHyper%5D%20Liquid%60qojqva,0,1830067,1848,0.000699964736625011,Pro,base1 radiant
2604600,36,15,radiant,%5BHyper%5D%20Liquid%60qojqva,0,1830067,1849,0.000700343505421886,Pro,base1 radiant
2604600,36,15,radiant,%5BHyper%5D%20Liquid%60qojqva,0,1830067,1850,0.000700722274218761,Pro,base1 radiant
2604600,36,15,radiant,%5BHyper%5D%20Liquid%60qojqva,0,1830067,1851,0.000701101043015636,Pro,base1 radiant
2604600,36,15,radiant,%5BHyper%5D%20Liquid%60qojqva,0,1830067,1852,0.000701479811812511,Pro,base1 radiant
2604600,36,15,radiant,%5BHyper%5D%20Liquid%60qojqva,0,1830067,1853,0.000701858580609386,Pro,base1 radiant
2604600,36,15,radiant,%5BHyper%5D%20Liquid%60qojqva,0,1830067,1854,0.000702237349406261,Pro,base1 radiant
2604600,36,15,radiant,%5BHyper%5D%20Liquid%60qojqva,0,1830067,1855,0.000702616118203136,Pro,base1 radiant
2604600,36,15,radiant,%5BHyper%5D%20Liquid%60qojqva,0,1830067,1856,0.000702994887000011,Pro,base1 radiant
2604600,36,15,radiant,%5BHyper%5D%20Liquid%60qojqva,0,1830067,1857,0.000703373655796886,Pro,base1 radiant
2604600,36,15,radiant,%5BHyper%5D%20Liquid%60qojqva,0,1830067,1858,0.000703752424593761,Pro,base1 radiant
2604600,36,15,radiant,%5BHyper%5D%20Liquid%60qojqva,0,1830067,1859,0.000704131193390636,Pro,base1 radiant
2604600,36,15,radiant,%5BHyper%5D%20Liquid%60qojqva,0,1830067,1860,0.000704509962187511,Pro,base1 radiant
2604600,36,15,radiant,%5BHyper%5D%20Liquid%60qojqva,0,1830067,1861,0.000704888730984386,Pro,base1 radiant
2604600,36,15,radiant,%5BHyper%5D%20Liquid%60qojqva,0,1830067,1862,0.000705267499781261,Pro,base1 radiant
2604600,36,15,radiant,%5BHyper%5D%20Liquid%60qojqva,0,1830067,1863,0.000705646268578136,Pro,base1 radiant
2604600,36,15,radiant,%5BHyper%5D%20Liquid%60qojqva,0,1830067,1864,0.000706025037375011,Pro,base1 radiant
2604600,36,15,radiant,%5BHyper%5D%20Liquid%60qojqva,0,1830067,1865,0.000706403806171886,Pro,base1 radiant
2640133,36,15,radiant,%5BHyper%5D%20Liquid%60qojqva,0,1865600,1866,0.000706782574968761,Pro,base1 radiant
775533,14,13,radiant,%5BHyperX%5D%20Liquid%60BuLba,0,1000,0,0,Pro,base1 radiant
775533,14,13,radiant,%5BHyperX%5D%20Liquid%60BuLba,0,1000,1,3.78768796875006e-07,Pro,base1 radiant
776466,16,13,radiant,%5BHyperX%5D%20Liquid%60BuLba,0,1933,2,7.57537593750012e-07,Pro,base1 radiant
777466,18,14,radiant,%5BHyperX%5D%20Liquid%60BuLba,0,2933,3,1.13630639062502e-06,Pro,base1 radiant
778200,20,14,radiant,%5BHyperX%5D%20Liquid%60BuLba,0,3667,4,1.51507518750002e-06,Pro,base1 radiant
779466,23,14,radiant,%5BHyperX%5D%20Liquid%60BuLba,0,4933,5,1.89384398437503e-06,Pro,base1 radiant
780333,25,14,radiant,%5BHyperX%5D%20Liquid%60BuLba,0,5800,6,2.27261278125004e-06,Pro,base1 radiant
781266,27,15,radiant,%5BHyperX%5D%20Liquid%60BuLba,0,6733,7,2.65138157812504e-06,Pro,base1 radiant
782200,29,14,radiant,%5BHyperX%5D%20Liquid%60BuLba,0,7667,8,3.03015037500005e-06,Pro,base1 radiant
783466,28,16,radiant,%5BHyperX%5D%20Liquid%60BuLba,0,8933,9,3.40891917187505e-06,Pro,base1 radiant
784466,27,18,radiant,%5BHyperX%5D%20Liquid%60BuLba,0,9933,10,3.78768796875006e-06,Pro,base1 radiant
785400,26,20,radiant,%5BHyperX%5D%20Liquid%60BuLba,0,10867,11,4.16645676562507e-06,Pro,base1 radiant
786400,25,22,radiant,%5BHyperX%5D%20Liquid%60BuLba,0,11867,12,4.54522556250007e-06,Pro,base1 radiant
787400,24,24,radiant,%5BHyperX%5D%20Liquid%60BuLba,0,12867,13,4.92399435937508e-06,Pro,base1 radiant
788400,22,26,radiant,%5BHyperX%5D%20Liquid%60BuLba,0,13867,14,5.30276315625008e-06,Pro,base1 radiant
789466,21,28,radiant,%5BHyperX%5D%20Liquid%60BuLba,0,14933,15,5.68153195312509e-06,Pro,base1 radiant
790533,19,30,radiant,%5BHyperX%5D%20Liquid%60BuLba,0,16000,16,6.06030075000009e-06,Pro,base1 radiant
791200,18,31,radiant,%5BHyperX%5D%20Liquid%60BuLba,0,16667,17,6.4390695468751e-06,Pro,base1 radiant
792133,17,33,radiant,%5BHyperX%5D%20Liquid%60BuLba,0,17600,18,6.81783834375011e-06,Pro,base1 radiant
793333,15,35,radiant,%5BHyperX%5D%20Liquid%60BuLba,0,18800,19,7.19660714062511e-06,Pro,base1 radiant
794200,15,37,radiant,%5BHyperX%5D%20Liquid%60BuLba,0,19667,20,7.57537593750012e-06,Pro,base1 radiant
795466,15,40,radiant,%5BHyperX%5D%20Liquid%60BuLba,0,20933,21,7.95414473437513e-06,Pro,toplane radiant
796333,15,42,radiant,%5BHyperX%5D%20Liquid%60BuLba,0,21800,22,8.33291353125013e-06,Pro,toplane radiant
797200,15,44,radiant,%5BHyperX%5D%20Liquid%60BuLba,0,22667,23,8.71168232812514e-06,Pro,toplane radiant
798466,15,47,radiant,%5BHyperX%5D%20Liquid%60BuLba,0,23933,24,9.09045112500014e-06,Pro,toplane radiant
799400,15,49,radiant,%5BHyperX%5D%20Liquid%60BuLba,0,24867,25,9.46921992187515e-06,Pro,toplane radiant
800266,15,51,radiant,%5BHyperX%5D%20Liquid%60BuLba,0,25733,26,9.84798871875015e-06,Pro,toplane radiant
801133,14,53,radiant,%5BHyperX%5D%20Liquid%60BuLba,0,26600,27,1.02267575156252e-05,Pro,toplane radiant
802466,14,56,radiant,%5BHyperX%5D%20Liquid%60BuLba,0,27933,28,1.06055263125002e-05,Pro,toplane radiant
803266,15,58,radiant,%5BHyperX%5D%20Liquid%60BuLba,0,28733,29,1.09842951093752e-05,Pro,toplane radiant
804133,15,60,radiant,%5BHyperX%5D%20Liquid%60BuLba,0,29600,30,1.13630639062502e-05,Pro,toplane radiant
805466,15,63,radiant,%5BHyperX%5D%20Liquid%60BuLba,0,30933,31,1.17418327031252e-05,Pro,toplane radiant
806266,15,65,radiant,%5BHyperX%5D%20Liquid%60BuLba,0,31733,32,1.21206015000002e-05,Pro,toplane radiant
807200,15,67,radiant,%5BHyperX%5D%20Liquid%60BuLba,0,32667,33,1.24993702968752e-05,Pro,toplane radiant
808466,15,70,radiant,%5BHyperX%5D%20Liquid%60BuLba,0,33933,34,1.28781390937502e-05,Pro,toplane radiant
809333,15,72,radiant,%5BHyperX%5D%20Liquid%60BuLba,0,34800,35,1.32569078906252e-05,Pro,toplane radiant
810200,15,74,radiant,%5BHyperX%5D%20Liquid%60BuLba,0,35667,36,1.36356766875002e-05,Pro,toplane radiant
811466,15,77,radiant,%5BHyperX%5D%20Liquid%60BuLba,0,36933,37,1.40144454843752e-05,Pro,toplane radiant
812400,16,79,radiant,%5BHyperX%5D%20Liquid%60BuLba,0,37867,38,1.43932142812502e-05,Pro,toplane radiant
813266,16,81,radiant,%5BHyperX%5D%20Liquid%60BuLba,0,38733,39,1.47719830781252e-05,Pro,toplane dire
814533,17,84,radiant,%5BHyperX%5D%20Liquid%60BuLba,0,40000,40,1.51507518750002e-05,Pro,toplane dire
815000,17,85,radiant,%5BHyperX%5D%20Liquid%60BuLba,0,40467,41,1.55295206718752e-05,Pro,toplane dire
816066,17,86,radiant,%5BHyperX%5D%20Liquid%60BuLba,0,41533,42,1.59082894687503e-05,Pro,toplane dire
817400,16,84,radiant,%5BHyperX%5D%20Liquid%60BuLba,0,42867,43,1.62870582656253e-05,Pro,toplane dire
818466,16,81,radiant,%5BHyperX%5D%20Liquid%60BuLba,0,43933,44,1.66658270625003e-05,Pro,toplane dire
819333,16,79,radiant,%5BHyperX%5D%20Liquid%60BuLba,0,44800,45,1.70445958593753e-05,Pro,toplane radiant
820133,16,77,radiant,%5BHyperX%5D%20Liquid%60BuLba,0,45600,46,1.74233646562503e-05,Pro,toplane radiant
821200,17,75,radiant,%5BHyperX%5D%20Liquid%60BuLba,0,46667,47,1.78021334531253e-05,Pro,toplane radiant
822533,18,72,radiant,%5BHyperX%5D%20Liquid%60BuLba,0,48000,48,1.81809022500003e-05,Pro,toplane radiant
823400,18,70,radiant,%5BHyperX%5D%20Liquid%60BuLba,0,48867,49,1.85596710468753e-05,Pro,toplane radiant
824266,18,68,radiant,%5BHyperX%5D%20Liquid%60BuLba,0,49733,50,1.89384398437503e-05,Pro,toplane radiant
825400,17,66,radiant,%5BHyperX%5D%20Liquid%60BuLba,0,50867,51,1.93172086406253e-05,Pro,toplane radiant
826466,17,63,radiant,%5BHyperX%5D%20Liquid%60BuLba,0,51933,52,1.96959774375003e-05,Pro,toplane radiant
827400,16,61,radiant,%5BHyperX%5D%20Liquid%60BuLba,0,52867,53,2.00747462343753e-05,Pro,toplane radiant
828333,15,59,radiant,%5BHyperX%5D%20Liquid%60BuLba,0,53800,54,2.04535150312503e-05,Pro,toplane radiant
829200,15,57,radiant,%5BHyperX%5D%20Liquid%60BuLba,0,54667,55,2.08322838281253e-05,Pro,toplane radiant
830533,14,54,radiant,%5BHyperX%5D%20Liquid%60BuLba,0,56000,56,2.12110526250003e-05,Pro,toplane radiant
831533,16,55,radiant,%5BHyperX%5D%20Liquid%60BuLba,0,57000,57,2.15898214218753e-05,Pro,toplane radiant
832466,17,57,radiant,%5BHyperX%5D%20Liquid%60BuLba,0,57933,58,2.19685902187503e-05,Pro,toplane radiant
833066,17,59,radiant,%5BHyperX%5D%20Liquid%60BuLba,0,58533,59,2.23473590156253e-05,Pro,toplane radiant
834266,18,60,radiant,%5BHyperX%5D%20Liquid%60BuLba,0,59733,60,2.27261278125004e-05,Pro,toplane radiant
835266,19,62,radiant,%5BHyperX%5D%20Liquid%60BuLba,0,60733,61,2.31048966093754e-05,Pro,toplane radiant
836466,19,62,radiant,%5BHyperX%5D%20Liquid%60BuLba,0,61933,62,2.34836654062504e-05,Pro,toplane radiant
837400,18,60,radiant,%5BHyperX%5D%20Liquid%60BuLba,0,62867,63,2.38624342031254e-05,Pro,toplane radiant
838266,18,58,radiant,%5BHyperX%5D%20Liquid%60BuLba,0,63733,64,2.42412030000004e-05,Pro,toplane radiant
839533,17,55,radiant,%5BHyperX%5D%20Liquid%60BuLba,0,65000,65,2.46199717968754e-05,Pro,toplane radiant
840400,17,53,radiant,%5BHyperX%5D%20Liquid%60BuLba,0,65867,66,2.49987405937504e-05,Pro,toplane radiant
841333,16,51,radiant,%5BHyperX%5D%20Liquid%60BuLba,0,66800,67,2.53775093906254e-05,Pro,toplane radiant
842266,16,49,radiant,%5BHyperX%5D%20Liquid%60BuLba,0,67733,68,2.57562781875004e-05,Pro,toplane radiant
843133,15,47,radiant,%5BHyperX%5D%20Liquid%60BuLba,0,68600,69,2.61350469843754e-05,Pro,toplane radiant
844466,14,44,radiant,%5BHyperX%5D%20Liquid%60BuLba,0,69933,70,2.65138157812504e-05,Pro,toplane radiant
845333,14,42,radiant,%5BHyperX%5D%20Liquid%60BuLba,0,70800,71,2.68925845781254e-05,Pro,toplane radiant
846200,14,40,radiant,%5BHyperX%5D%20Liquid%60BuLba,0,71667,72,2.72713533750004e-05,Pro,toplane radiant
847466,13,37,radiant,%5BHyperX%5D%20Liquid%60BuLba,0,72933,73,2.76501221718754e-05,Pro,base1 radiant
848333,13,35,radiant,%5BHyperX%5D%20Liquid%60BuLba,0,73800,74,2.80288909687504e-05,Pro,base1 radiant
849200,13,33,radiant,%5BHyperX%5D%20Liquid%60BuLba,0,74667,75,2.84076597656254e-05,Pro,base1 radiant
850266,12,32,radiant,%5BHyperX%5D%20Liquid%60BuLba,0,75733,76,2.87864285625005e-05,Pro,base1 radiant
850266,12,32,radiant,%5BHyperX%5D%20Liquid%60BuLba,0,75733,77,2.91651973593755e-05,Pro,base1 radiant
850266,12,32,radiant,%5BHyperX%5D%20Liquid%60BuLba,0,75733,78,2.95439661562505e-05,Pro,base1 radiant
850266,12,32,radiant,%5BHyperX%5D%20Liquid%60BuLba,0,75733,79,2.99227349531255e-05,Pro,base1 radiant
854466,13,32,radiant,%5BHyperX%5D%20Liquid%60BuLba,0,79933,80,3.03015037500005e-05,Pro,base1 radiant
855466,13,34,radiant,%5BHyperX%5D%20Liquid%60BuLba,0,80933,81,3.06802725468755e-05,Pro,base1 radiant
856400,14,35,radiant,%5BHyperX%5D%20Liquid%60BuLba,0,81867,82,3.10590413437505e-05,Pro,base1 radiant
857466,13,37,radiant,%5BHyperX%5D%20Liquid%60BuLba,0,82933,83,3.14378101406255e-05,Pro,base1 radiant
858466,13,38,radiant,%5BHyperX%5D%20Liquid%60BuLba,0,83933,84,3.18165789375005e-05,Pro,base1 radiant
858933,13,39,radiant,%5BHyperX%5D%20Liquid%60BuLba,0,84400,85,3.21953477343755e-05,Pro,toplane radiant
860266,13,41,radiant,%5BHyperX%5D%20Liquid%60BuLba,0,85733,86,3.25741165312505e-05,Pro,toplane radiant
861333,13,43,radiant,%5BHyperX%5D%20Liquid%60BuLba,0,86800,87,3.29528853281255e-05,Pro,toplane radiant
861933,13,44,radiant,%5BHyperX%5D%20Liquid%60BuLba,0,87400,88,3.33316541250005e-05,Pro,toplane radiant
863200,13,46,radiant,%5BHyperX%5D%20Liquid%60BuLba,0,88667,89,3.37104229218755e-05,Pro,toplane radiant
864533,13,48,radiant,%5BHyperX%5D%20Liquid%60BuLba,0,90000,90,3.40891917187505e-05,Pro,toplane radiant
865266,13,50,radiant,%5BHyperX%5D%20Liquid%60BuLba,0,90733,91,3.44679605156255e-05,Pro,toplane radiant
866400,14,52,radiant,%5BHyperX%5D%20Liquid%60BuLba,0,91867,92,3.48467293125005e-05,Pro,toplane radiant
867533,14,54,radiant,%5BHyperX%5D%20Liquid%60BuLba,0,93000,93,3.52254981093756e-05,Pro,toplane radiant
868400,13,55,radiant,%5BHyperX%5D%20Liquid%60BuLba,0,93867,94,3.56042669062506e-05,Pro,toplane radiant
869533,14,57,radiant,%5BHyperX%5D%20Liquid%60BuLba,0,95000,95,3.59830357031256e-05,Pro,toplane radiant
870200,14,58,radiant,%5BHyperX%5D%20Liquid%60BuLba,0,95667,96,3.63618045000006e-05,Pro,toplane radiant
871066,14,60,radiant,%5BHyperX%5D%20Liquid%60BuLba,0,96533,97,3.67405732968756e-05,Pro,toplane radiant
872466,13,62,radiant,%5BHyperX%5D%20Liquid%60BuLba,0,97933,98,3.71193420937506e-05,Pro,toplane radiant
873333,14,64,radiant,%5BHyperX%5D%20Liquid%60BuLba,0,98800,99,3.74981108906256e-05,Pro,toplane radiant
874266,14,66,radiant,%5BHyperX%5D%20Liquid%60BuLba,0,99733,100,3.78768796875006e-05,Pro,toplane radiant
875200,14,68,radiant,%5BHyperX%5D%20Liquid%60BuLba,0,100667,101,3.82556484843756e-05,Pro,toplane radiant
876200,14,70,radiant,%5BHyperX%5D%20Liquid%60BuLba,0,101667,102,3.86344172812506e-05,Pro,toplane radiant
877466,14,72,radiant,%5BHyperX%5D%20Liquid%60BuLba,0,102933,103,3.90131860781256e-05,Pro,toplane radiant
878400,14,74,radiant,%5BHyperX%5D%20Liquid%60BuLba,0,103867,104,3.93919548750006e-05,Pro,toplane radiant
879533,14,76,radiant,%5BHyperX%5D%20Liquid%60BuLba,0,105000,105,3.97707236718756e-05,Pro,toplane radiant
880400,13,77,radiant,%5BHyperX%5D%20Liquid%60BuLba,0,105867,106,4.01494924687506e-05,Pro,toplane radiant
881066,14,79,radiant,%5BHyperX%5D%20Liquid%60BuLba,0,106533,107,4.05282612656256e-05,Pro,toplane radiant
882266,14,81,radiant,%5BHyperX%5D%20Liquid%60BuLba,0,107733,108,4.09070300625006e-05,Pro,toplane dire
883233,14,83,radiant,%5BHyperX%5D%20Liquid%60BuLba,0,108700,109,4.12857988593756e-05,Pro,toplane dire
884433,13,85,radiant,%5BHyperX%5D%20Liquid%60BuLba,0,109900,110,4.16645676562507e-05,Pro,toplane dire
885233,15,86,radiant,%5BHyperX%5D%20Liquid%60BuLba,0,110700,111,4.20433364531257e-05,Pro,toplane dire
885566,16,86,radiant,%5BHyperX%5D%20Liquid%60BuLba,0,111033,112,4.24221052500007e-05,Pro,toplane dire
887366,16,88,radiant,%5BHyperX%5D%20Liquid%60BuLba,0,112833,113,4.28008740468757e-05,Pro,toplane dire
888233,16,90,radiant,%5BHyperX%5D%20Liquid%60BuLba,0,113700,114,4.31796428437507e-05,Pro,toplane dire
889100,16,91,radiant,%5BHyperX%5D%20Liquid%60BuLba,0,114567,115,4.35584116406257e-05,Pro,toplane dire
889633,15,92,radiant,%5BHyperX%5D%20Liquid%60BuLba,0,115100,116,4.39371804375007e-05,Pro,toplane dire
891433,14,91,radiant,%5BHyperX%5D%20Liquid%60BuLba,0,116900,117,4.43159492343757e-05,Pro,toplane dire
892233,13,90,radiant,%5BHyperX%5D%20Liquid%60BuLba,0,117700,118,4.46947180312507e-05,Pro,toplane dire
893100,13,88,radiant,%5BHyperX%5D%20Liquid%60BuLba,0,118567,119,4.50734868281257e-05,Pro,toplane dire
894500,13,89,radiant,%5BHyperX%5D%20Liquid%60BuLba,0,119967,120,4.54522556250007e-05,Pro,toplane dire
894500,13,89,radiant,%5BHyperX%5D%20Liquid%60BuLba,0,119967,121,4.58310244218757e-05,Pro,toplane dire
896500,12,90,radiant,%5BHyperX%5D%20Liquid%60BuLba,0,121967,122,4.62097932187507e-05,Pro,toplane dire
897500,13,91,radiant,%5BHyperX%5D%20Liquid%60BuLba,0,122967,123,4.65885620156257e-05,Pro,toplane dire
898500,12,89,radiant,%5BHyperX%5D%20Liquid%60BuLba,0,123967,124,4.69673308125007e-05,Pro,toplane dire
899033,13,88,radiant,%5BHyperX%5D%20Liquid%60BuLba,0,124500,125,4.73460996093757e-05,Pro,toplane dire
900366,13,89,radiant,%5BHyperX%5D%20Liquid%60BuLba,0,125833,126,4.77248684062507e-05,Pro,toplane dire
901433,12,89,radiant,%5BHyperX%5D%20Liquid%60BuLba,0,126900,127,4.81036372031258e-05,Pro,toplane dire
901900,12,88,radiant,%5BHyperX%5D%20Liquid%60BuLba,0,127367,128,4.84824060000008e-05,Pro,toplane dire
903033,13,88,radiant,%5BHyperX%5D%20Liquid%60BuLba,0,128500,129,4.88611747968758e-05,Pro,toplane dire
904433,13,91,radiant,%5BHyperX%5D%20Liquid%60BuLba,0,129900,130,4.92399435937508e-05,Pro,toplane dire
905300,13,91,radiant,%5BHyperX%5D%20Liquid%60BuLba,0,130767,131,4.96187123906258e-05,Pro,toplane dire
906433,12,90,radiant,%5BHyperX%5D%20Liquid%60BuLba,0,131900,132,4.99974811875008e-05,Pro,toplane dire
907433,12,89,radiant,%5BHyperX%5D%20Liquid%60BuLba,0,132900,133,5.03762499843758e-05,Pro,toplane dire
908433,13,88,radiant,%5BHyperX%5D%20Liquid%60BuLba,0,133900,134,5.07550187812508e-05,Pro,toplane dire
909100,12,87,radiant,%5BHyperX%5D%20Liquid%60BuLba,0,134567,135,5.11337875781258e-05,Pro,toplane dire
909833,13,88,radiant,%5BHyperX%5D%20Liquid%60BuLba,0,135300,136,5.15125563750008e-05,Pro,toplane dire
909833,13,88,radiant,%5BHyperX%5D%20Liquid%60BuLba,0,135300,137,5.18913251718758e-05,Pro,toplane dire
912500,13,90,radiant,%5BHyperX%5D%20Liquid%60BuLba,0,137967,138,5.22700939687508e-05,Pro,toplane dire
913433,13,92,radiant,%5BHyperX%5D%20Liquid%60BuLba,0,138900,139,5.26488627656258e-05,Pro,toplane dire
913566,12,91,radiant,%5BHyperX%5D%20Liquid%60BuLba,0,139033,140,5.30276315625008e-05,Pro,toplane dire
915500,14,93,radiant,%5BHyperX%5D%20Liquid%60BuLba,0,140967,141,5.34064003593758e-05,Pro,toplane dire
916500,16,93,radiant,%5BHyperX%5D%20Liquid%60BuLba,0,141967,142,5.37851691562508e-05,Pro,toplane dire
917100,16,91,radiant,%5BHyperX%5D%20Liquid%60BuLba,0,142567,143,5.41639379531258e-05,Pro,toplane dire
917966,15,91,radiant,%5BHyperX%5D%20Liquid%60BuLba,0,143433,144,5.45427067500008e-05,Pro,toplane dire
919100,15,92,radiant,%5BHyperX%5D%20Liquid%60BuLba,0,144567,145,5.49214755468759e-05,Pro,toplane dire
920300,15,92,radiant,%5BHyperX%5D%20Liquid%60BuLba,0,145767,146,5.53002443437509e-05,Pro,toplane dire
921233,14,90,radiant,%5BHyperX%5D%20Liquid%60BuLba,0,146700,147,5.56790131406259e-05,Pro,toplane dire
921833,14,91,radiant,%5BHyperX%5D%20Liquid%60BuLba,0,147300,148,5.60577819375009e-05,Pro,toplane dire
922900,14,92,radiant,%5BHyperX%5D%20Liquid%60BuLba,0,148367,149,5.64365507343759e-05,Pro,toplane dire
924300,15,92,radiant,%5BHyperX%5D%20Liquid%60BuLba,0,149767,150,5.68153195312509e-05,Pro,toplane dire
924766,16,92,radiant,%5BHyperX%5D%20Liquid%60BuLba,0,150233,151,5.71940883281259e-05,Pro,toplane dire
925633,16,91,radiant,%5BHyperX%5D%20Liquid%60BuLba,0,151100,152,5.75728571250009e-05,Pro,toplane dire
927500,15,93,radiant,%5BHyperX%5D%20Liquid%60BuLba,0,152967,153,5.79516259218759e-05,Pro,toplane dire
928366,15,95,radiant,%5BHyperX%5D%20Liquid%60BuLba,0,153833,154,5.83303947187509e-05,Pro,toplane dire
929100,16,96,radiant,%5BHyperX%5D%20Liquid%60BuLba,0,154567,155,5.87091635156259e-05,Pro,toplane dire
930100,16,94,radiant,%5BHyperX%5D%20Liquid%60BuLba,0,155567,156,5.90879323125009e-05,Pro,toplane dire
930100,16,94,radiant,%5BHyperX%5D%20Liquid%60BuLba,0,155567,157,5.94667011093759e-05,Pro,toplane dire
932433,17,96,radiant,%5BHyperX%5D%20Liquid%60BuLba,0,157900,158,5.98454699062509e-05,Pro,toplane dire
933100,18,97,radiant,%5BHyperX%5D%20Liquid%60BuLba,0,158567,159,6.02242387031259e-05,Pro,toplane dire
934300,19,98,radiant,%5BHyperX%5D%20Liquid%60BuLba,0,159767,160,6.06030075000009e-05,Pro,toplane dire
935433,18,98,radiant,%5BHyperX%5D%20Liquid%60BuLba,0,160900,161,6.0981776296876e-05,Pro,toplane dire
936366,16,97,radiant,%5BHyperX%5D%20Liquid%60BuLba,0,161833,162,6.1360545093751e-05,Pro,toplane dire
937100,14,97,radiant,%5BHyperX%5D%20Liquid%60BuLba,0,162567,163,6.1739313890626e-05,Pro,toplane dire
938433,11,96,radiant,%5BHyperX%5D%20Liquid%60BuLba,0,163900,164,6.2118082687501e-05,Pro,toplane dire
939166,10,95,radiant,%5BHyperX%5D%20Liquid%60BuLba,0,164633,165,6.2496851484376e-05,Pro,toplane dire
940300,12,96,radiant,%5BHyperX%5D%20Liquid%60BuLba,0,165767,166,6.2875620281251e-05,Pro,toplane dire
941500,14,98,radiant,%5BHyperX%5D%20Liquid%60BuLba,0,166967,167,6.3254389078126e-05,Pro,toplane dire
942366,17,99,radiant,%5BHyperX%5D%20Liquid%60BuLba,0,167833,168,6.3633157875001e-05,Pro,toplane dire
943300,18,101,radiant,%5BHyperX%5D%20Liquid%60BuLba,0,168767,169,6.4011926671876e-05,Pro,toplane dire
944033,20,101,radiant,%5BHyperX%5D%20Liquid%60BuLba,0,169500,170,6.4390695468751e-05,Pro,toplane dire
945100,20,102,radiant,%5BHyperX%5D%20Liquid%60BuLba,0,170567,171,6.4769464265626e-05,Pro,toplane dire
946233,19,101,radiant,%5BHyperX%5D%20Liquid%60BuLba,0,171700,172,6.5148233062501e-05,Pro,toplane dire
947300,18,100,radiant,%5BHyperX%5D%20Liquid%60BuLba,0,172767,173,6.5527001859376e-05,Pro,toplane dire
947833,19,100,radiant,%5BHyperX%5D%20Liquid%60BuLba,0,173300,174,6.5905770656251e-05,Pro,toplane dire
949233,19,100,radiant,%5BHyperX%5D%20Liquid%60BuLba,0,174700,175,6.6284539453126e-05,Pro,toplane dire
950500,20,100,radiant,%5BHyperX%5D%20Liquid%60BuLba,0,175967,176,6.6663308250001e-05,Pro,toplane dire
951500,18,101,radiant,%5BHyperX%5D%20Liquid%60BuLba,0,176967,177,6.70420770468761e-05,Pro,toplane dire
952233,20,101,radiant,%5BHyperX%5D%20Liquid%60BuLba,0,177700,178,6.74208458437511e-05,Pro,toplane dire
952233,20,101,radiant,%5BHyperX%5D%20Liquid%60BuLba,0,177700,179,6.77996146406261e-05,Pro,toplane dire
954166,21,101,radiant,%5BHyperX%5D%20Liquid%60BuLba,0,179633,180,6.81783834375011e-05,Pro,toplane dire
955300,24,101,radiant,%5BHyperX%5D%20Liquid%60BuLba,0,180767,181,6.85571522343761e-05,Pro,toplane dire
956233,25,102,radiant,%5BHyperX%5D%20Liquid%60BuLba,0,181700,182,6.89359210312511e-05,Pro,toplane dire
957300,26,104,radiant,%5BHyperX%5D%20Liquid%60BuLba,0,182767,183,6.93146898281261e-05,Pro,toplane dire
958100,27,104,radiant,%5BHyperX%5D%20Liquid%60BuLba,0,183567,184,6.96934586250011e-05,Pro,toplane dire
959366,29,106,radiant,%5BHyperX%5D%20Liquid%60BuLba,0,184833,185,7.00722274218761e-05,Pro,toplane dire
960433,26,105,radiant,%5BHyperX%5D%20Liquid%60BuLba,0,185900,186,7.04509962187511e-05,Pro,toplane dire
961100,25,105,radiant,%5BHyperX%5D%20Liquid%60BuLba,0,186567,187,7.08297650156261e-05,Pro,toplane dire
962366,27,106,radiant,%5BHyperX%5D%20Liquid%60BuLba,0,187833,188,7.12085338125011e-05,Pro,toplane dire
963433,25,106,radiant,%5BHyperX%5D%20Liquid%60BuLba,0,188900,189,7.15873026093761e-05,Pro,toplane dire
964300,26,108,radiant,%5BHyperX%5D%20Liquid%60BuLba,0,189767,190,7.19660714062511e-05,Pro,toplane dire
964900,27,108,radiant,%5BHyperX%5D%20Liquid%60BuLba,0,190367,191,7.23448402031261e-05,Pro,toplane dire
966233,25,107,radiant,%5BHyperX%5D%20Liquid%60BuLba,0,191700,192,7.27236090000011e-05,Pro,toplane dire
966833,24,106,radiant,%5BHyperX%5D%20Liquid%60BuLba,0,192300,193,7.31023777968761e-05,Pro,toplane dire
968433,22,104,radiant,%5BHyperX%5D%20Liquid%60BuLba,0,193900,194,7.34811465937511e-05,Pro,toplane dire
969300,20,103,radiant,%5BHyperX%5D%20Liquid%60BuLba,0,194767,195,7.38599153906262e-05,Pro,toplane dire
970100,19,101,radiant,%5BHyperX%5D%20Liquid%60BuLba,0,195567,196,7.42386841875012e-05,Pro,toplane dire
971500,17,98,radiant,%5BHyperX%5D%20Liquid%60BuLba,0,196967,197,7.46174529843762e-05,Pro,toplane dire
972366,16,96,radiant,%5BHyperX%5D%20Liquid%60BuLba,0,197833,198,7.49962217812512e-05,Pro,toplane dire
973100,15,94,radiant,%5BHyperX%5D%20Liquid%60BuLba,0,198567,199,7.53749905781262e-05,Pro,toplane dire
973966,15,95,radiant,%5BHyperX%5D%20Liquid%60BuLba,0,199433,200,7.57537593750012e-05,Pro,toplane dire
975166,15,94,radiant,%5BHyperX%5D%20Liquid%60BuLba,0,200633,201,7.61325281718762e-05,Pro,toplane dire
976300,15,94,radiant,%5BHyperX%5D%20Liquid%60BuLba,0,201767,202,7.65112969687512e-05,Pro,toplane dire
976966,14,95,radiant,%5BHyperX%5D%20Liquid%60BuLba,0,202433,203,7.68900657656262e-05,Pro,toplane dire
978500,14,97,radiant,%5BHyperX%5D%20Liquid%60BuLba,0,203967,204,7.72688345625012e-05,Pro,toplane dire
978766,15,97,radiant,%5BHyperX%5D%20Liquid%60BuLba,0,204233,205,7.76476033593762e-05,Pro,toplane dire
980300,14,97,radiant,%5BHyperX%5D%20Liquid%60BuLba,0,205767,206,7.80263721562512e-05,Pro,toplane dire
981166,14,97,radiant,%5BHyperX%5D%20Liquid%60BuLba,0,206633,207,7.84051409531262e-05,Pro,toplane dire
981633,14,96,radiant,%5BHyperX%5D%20Liquid%60BuLba,0,207100,208,7.87839097500012e-05,Pro,toplane dire
983433,17,98,radiant,%5BHyperX%5D%20Liquid%60BuLba,0,208900,209,7.91626785468762e-05,Pro,toplane dire
984433,17,98,radiant,%5BHyperX%5D%20Liquid%60BuLba,0,209900,210,7.95414473437512e-05,Pro,toplane dire
985500,17,95,radiant,%5BHyperX%5D%20Liquid%60BuLba,0,210967,211,7.99202161406263e-05,Pro,toplane dire
986500,16,95,radiant,%5BHyperX%5D%20Liquid%60BuLba,0,211967,212,8.02989849375013e-05,Pro,toplane dire
987433,15,94,radiant,%5BHyperX%5D%20Liquid%60BuLba,0,212900,213,8.06777537343763e-05,Pro,toplane dire
987700,14,94,radiant,%5BHyperX%5D%20Liquid%60BuLba,0,213167,214,8.10565225312513e-05,Pro,toplane dire
989433,13,93,radiant,%5BHyperX%5D%20Liquid%60BuLba,0,214900,215,8.14352913281263e-05,Pro,toplane dire
990300,14,95,radiant,%5BHyperX%5D%20Liquid%60BuLba,0,215767,216,8.18140601250013e-05,Pro,toplane dire
991300,13,95,radiant,%5BHyperX%5D%20Liquid%60BuLba,0,216767,217,8.21928289218763e-05,Pro,toplane dire
991833,14,95,radiant,%5BHyperX%5D%20Liquid%60BuLba,0,217300,218,8.25715977187513e-05,Pro,toplane dire
993033,13,94,radiant,%5BHyperX%5D%20Liquid%60BuLba,0,218500,219,8.29503665156263e-05,Pro,toplane dire
994233,14,94,radiant,%5BHyperX%5D%20Liquid%60BuLba,0,219700,220,8.33291353125013e-05,Pro,toplane dire
994633,14,95,radiant,%5BHyperX%5D%20Liquid%60BuLba,0,220100,221,8.37079041093763e-05,Pro,toplane dire
995566,14,96,radiant,%5BHyperX%5D%20Liquid%60BuLba,0,221033,222,8.40866729062513e-05,Pro,toplane dire
997500,12,96,radiant,%5BHyperX%5D%20Liquid%60BuLba,0,222967,223,8.44654417031263e-05,Pro,toplane dire
998300,12,96,radiant,%5BHyperX%5D%20Liquid%60BuLba,0,223767,224,8.48442105000013e-05,Pro,toplane dire
999233,14,97,radiant,%5BHyperX%5D%20Liquid%60BuLba,0,224700,225,8.52229792968763e-05,Pro,toplane dire
1000466,16,99,radiant,%5BHyperX%5D%20Liquid%60BuLba,0,225933,226,8.56017480937513e-05,Pro,toplane dire
1001533,16,100,radiant,%5BHyperX%5D%20Liquid%60BuLba,0,227000,227,8.59805168906263e-05,Pro,toplane dire
1002066,17,99,radiant,%5BHyperX%5D%20Liquid%60BuLba,0,227533,228,8.63592856875013e-05,Pro,toplane dire
1003000,16,100,radiant,%5BHyperX%5D%20Liquid%60BuLba,0,228467,229,8.67380544843764e-05,Pro,toplane dire
1004333,16,100,radiant,%5BHyperX%5D%20Liquid%60BuLba,0,229800,230,8.71168232812514e-05,Pro,toplane dire
1005333,17,100,radiant,%5BHyperX%5D%20Liquid%60BuLba,0,230800,231,8.74955920781264e-05,Pro,toplane dire
1006400,16,99,radiant,%5BHyperX%5D%20Liquid%60BuLba,0,231867,232,8.78743608750014e-05,Pro,toplane dire
1007533,16,98,radiant,%5BHyperX%5D%20Liquid%60BuLba,0,233000,233,8.82531296718764e-05,Pro,toplane dire
1008400,16,96,radiant,%5BHyperX%5D%20Liquid%60BuLba,0,233867,234,8.86318984687514e-05,Pro,toplane dire
1009066,17,97,radiant,%5BHyperX%5D%20Liquid%60BuLba,0,234533,235,8.90106672656264e-05,Pro,toplane dire
1009066,17,97,radiant,%5BHyperX%5D%20Liquid%60BuLba,0,234533,236,8.93894360625014e-05,Pro,toplane dire
1010666,18,98,radiant,%5BHyperX%5D%20Liquid%60BuLba,0,236133,237,8.97682048593764e-05,Pro,toplane dire
1012533,18,99,radiant,%5BHyperX%5D%20Liquid%60BuLba,0,238000,238,9.01469736562514e-05,Pro,toplane dire
1013400,16,99,radiant,%5BHyperX%5D%20Liquid%60BuLba,0,238867,239,9.05257424531264e-05,Pro,toplane dire
1013933,16,98,radiant,%5BHyperX%5D%20Liquid%60BuLba,0,239400,240,9.09045112500014e-05,Pro,toplane dire
1015400,16,99,radiant,%5BHyperX%5D%20Liquid%60BuLba,0,240867,241,9.12832800468764e-05,Pro,toplane dire
1015933,17,100,radiant,%5BHyperX%5D%20Liquid%60BuLba,0,241400,242,9.16620488437514e-05,Pro,toplane dire
1017333,18,100,radiant,%5BHyperX%5D%20Liquid%60BuLba,0,242800,243,9.20408176406264e-05,Pro,toplane dire
1018400,17,100,radiant,%5BHyperX%5D%20Liquid%60BuLba,0,243867,244,9.24195864375014e-05,Pro,toplane dire
1018800,17,99,radiant,%5BHyperX%5D%20Liquid%60BuLba,0,244267,245,9.27983552343764e-05,Pro,toplane dire
1020133,17,99,radiant,%5BHyperX%5D%20Liquid%60BuLba,0,245600,246,9.31771240312515e-05,Pro,toplane dire
1020666,17,100,radiant,%5BHyperX%5D%20Liquid%60BuLba,0,246133,247,9.35558928281265e-05,Pro,toplane dire
1020666,17,100,radiant,%5BHyperX%5D%20Liquid%60BuLba,0,246133,248,9.39346616250015e-05,Pro,toplane dire
1023466,20,101,radiant,%5BHyperX%5D%20Liquid%60BuLba,0,248933,249,9.43134304218765e-05,Pro,toplane dire
1023466,20,101,radiant,%5BHyperX%5D%20Liquid%60BuLba,0,248933,250,9.46921992187515e-05,Pro,toplane dire
1023466,20,101,radiant,%5BHyperX%5D%20Liquid%60BuLba,0,248933,251,9.50709680156265e-05,Pro,toplane dire
1026533,20,101,radiant,%5BHyperX%5D%20Liquid%60BuLba,0,252000,252,9.54497368125015e-05,Pro,toplane dire
1026800,19,101,radiant,%5BHyperX%5D%20Liquid%60BuLba,0,252267,253,9.58285056093765e-05,Pro,toplane dire
1027800,20,101,radiant,%5BHyperX%5D%20Liquid%60BuLba,0,253267,254,9.62072744062515e-05,Pro,toplane dire
1029200,19,99,radiant,%5BHyperX%5D%20Liquid%60BuLba,0,254667,255,9.65860432031265e-05,Pro,toplane dire
1030400,19,98,radiant,%5BHyperX%5D%20Liquid%60BuLba,0,255867,256,9.69648120000015e-05,Pro,toplane dire
1031466,21,100,radiant,%5BHyperX%5D%20Liquid%60BuLba,0,256933,257,9.73435807968765e-05,Pro,toplane dire
1032466,19,98,radiant,%5BHyperX%5D%20Liquid%60BuLba,0,257933,258,9.77223495937515e-05,Pro,toplane dire
1033466,18,98,radiant,%5BHyperX%5D%20Liquid%60BuLba,0,258933,259,9.81011183906265e-05,Pro,toplane dire
1034533,18,96,radiant,%5BHyperX%5D%20Liquid%60BuLba,0,260000,260,9.84798871875015e-05,Pro,toplane dire
1035200,16,95,radiant,%5BHyperX%5D%20Liquid%60BuLba,0,260667,261,9.88586559843765e-05,Pro,toplane dire
1036200,17,96,radiant,%5BHyperX%5D%20Liquid%60BuLba,0,261667,262,9.92374247812516e-05,Pro,toplane dire
1037133,17,98,radiant,%5BHyperX%5D%20Liquid%60BuLba,0,262600,263,9.96161935781266e-05,Pro,toplane dire
1038000,19,98,radiant,%5BHyperX%5D%20Liquid%60BuLba,0,263467,264,9.99949623750016e-05,Pro,toplane dire
1039200,18,96,radiant,%5BHyperX%5D%20Liquid%60BuLba,0,264667,265,0.000100373731171877,Pro,toplane dire
1040200,17,95,radiant,%5BHyperX%5D%20Liquid%60BuLba,0,265667,266,0.000100752499968752,Pro,toplane dire
1040200,17,95,radiant,%5BHyperX%5D%20Liquid%60BuLba,0,265667,267,0.000101131268765627,Pro,toplane dire
1040200,17,95,radiant,%5BHyperX%5D%20Liquid%60BuLba,0,265667,268,0.000101510037562502,Pro,toplane dire
1040200,17,95,radiant,%5BHyperX%5D%20Liquid%60BuLba,0,265667,269,0.000101888806359377,Pro,toplane dire
1044466,18,96,radiant,%5BHyperX%5D%20Liquid%60BuLba,0,269933,270,0.000102267575156252,Pro,toplane dire
1045333,18,97,radiant,%5BHyperX%5D%20Liquid%60BuLba,0,270800,271,0.000102646343953127,Pro,toplane dire
1046133,18,96,radiant,%5BHyperX%5D%20Liquid%60BuLba,0,271600,272,0.000103025112750002,Pro,toplane dire
1046133,18,96,radiant,%5BHyperX%5D%20Liquid%60BuLba,0,271600,273,0.000103403881546877,Pro,toplane dire
1046133,18,96,radiant,%5BHyperX%5D%20Liquid%60BuLba,0,271600,274,0.000103782650343752,Pro,toplane dire
1049533,21,98,radiant,%5BHyperX%5D%20Liquid%60BuLba,0,275000,275,0.000104161419140627,Pro,toplane dire
1050533,22,99,radiant,%5BHyperX%5D%20Liquid%60BuLba,0,276000,276,0.000104540187937502,Pro,void dire
1051466,22,99,radiant,%5BHyperX%5D%20Liquid%60BuLba,0,276933,277,0.000104918956734377,Pro,void dire
1052466,22,98,radiant,%5BHyperX%5D%20Liquid%60BuLba,0,277933,278,0.000105297725531252,Pro,void dire
1053133,21,100,radiant,%5BHyperX%5D%20Liquid%60BuLba,0,278600,279,0.000105676494328127,Pro,toplane dire
1054266,22,102,radiant,%5BHyperX%5D%20Liquid%60BuLba,0,279733,280,0.000106055263125002,Pro,toplane dire
1055266,23,102,radiant,%5BHyperX%5D%20Liquid%60BuLba,0,280733,281,0.000106434031921877,Pro,toplane dire
1055666,24,102,radiant,%5BHyperX%5D%20Liquid%60BuLba,0,281133,282,0.000106812800718752,Pro,toplane dire
1057400,24,103,radiant,%5BHyperX%5D%20Liquid%60BuLba,0,282867,283,0.000107191569515627,Pro,toplane dire
1057600,24,102,radiant,%5BHyperX%5D%20Liquid%60BuLba,0,283067,284,0.000107570338312502,Pro,toplane dire
1059533,21,100,radiant,%5BHyperX%5D%20Liquid%60BuLba,0,285000,285,0.000107949107109377,Pro,toplane dire
1060333,20,98,radiant,%5BHyperX%5D%20Liquid%60BuLba,0,285800,286,0.000108327875906252,Pro,toplane dire
1061266,18,96,radiant,%5BHyperX%5D%20Liquid%60BuLba,0,286733,287,0.000108706644703127,Pro,toplane dire
1062266,17,94,radiant,%5BHyperX%5D%20Liquid%60BuLba,0,287733,288,0.000109085413500002,Pro,toplane dire
1063266,17,91,radiant,%5BHyperX%5D%20Liquid%60BuLba,0,288733,289,0.000109464182296877,Pro,toplane dire
1064200,17,90,radiant,%5BHyperX%5D%20Liquid%60BuLba,0,289667,290,0.000109842951093752,Pro,toplane dire
1065266,17,91,radiant,%5BHyperX%5D%20Liquid%60BuLba,0,290733,291,0.000110221719890627,Pro,toplane dire
1066533,17,95,radiant,%5BHyperX%5D%20Liquid%60BuLba,0,292000,292,0.000110600488687502,Pro,toplane dire
1067400,17,97,radiant,%5BHyperX%5D%20Liquid%60BuLba,0,292867,293,0.000110979257484377,Pro,toplane dire
1068400,18,99,radiant,%5BHyperX%5D%20Liquid%60BuLba,0,293867,294,0.000111358026281252,Pro,toplane dire
1068933,18,98,radiant,%5BHyperX%5D%20Liquid%60BuLba,0,294400,295,0.000111736795078127,Pro,toplane dire
1070466,16,97,radiant,%5BHyperX%5D%20Liquid%60BuLba,0,295933,296,0.000112115563875002,Pro,toplane dire
1071333,15,97,radiant,%5BHyperX%5D%20Liquid%60BuLba,0,296800,297,0.000112494332671877,Pro,toplane dire
1072333,16,100,radiant,%5BHyperX%5D%20Liquid%60BuLba,0,297800,298,0.000112873101468752,Pro,toplane dire
1073266,16,99,radiant,%5BHyperX%5D%20Liquid%60BuLba,0,298733,299,0.000113251870265627,Pro,toplane dire
1074400,15,98,radiant,%5BHyperX%5D%20Liquid%60BuLba,0,299867,300,0.000113630639062502,Pro,toplane dire
1074400,15,98,radiant,%5BHyperX%5D%20Liquid%60BuLba,0,299867,301,0.000114009407859377,Pro,toplane dire
1076266,15,97,radiant,%5BHyperX%5D%20Liquid%60BuLba,0,301733,302,0.000114388176656252,Pro,toplane dire
1076266,15,97,radiant,%5BHyperX%5D%20Liquid%60BuLba,0,301733,303,0.000114766945453127,Pro,toplane dire
1078333,18,98,radiant,%5BHyperX%5D%20Liquid%60BuLba,0,303800,304,0.000115145714250002,Pro,toplane dire
1079333,20,100,radiant,%5BHyperX%5D%20Liquid%60BuLba,0,304800,305,0.000115524483046877,Pro,toplane dire
1080400,20,100,radiant,%5BHyperX%5D%20Liquid%60BuLba,0,305867,306,0.000115903251843752,Pro,toplane dire
1081000,20,99,radiant,%5BHyperX%5D%20Liquid%60BuLba,0,306467,307,0.000116282020640627,Pro,toplane dire
1082266,19,100,radiant,%5BHyperX%5D%20Liquid%60BuLba,0,307733,308,0.000116660789437502,Pro,toplane dire
1083466,19,99,radiant,%5BHyperX%5D%20Liquid%60BuLba,0,308933,309,0.000117039558234377,Pro,toplane dire
1084333,17,98,radiant,%5BHyperX%5D%20Liquid%60BuLba,0,309800,310,0.000117418327031252,Pro,toplane dire
1085466,14,97,radiant,%5BHyperX%5D%20Liquid%60BuLba,0,310933,311,0.000117797095828127,Pro,toplane dire
1086200,12,96,radiant,%5BHyperX%5D%20Liquid%60BuLba,0,311667,312,0.000118175864625002,Pro,toplane dire
1087400,9,95,radiant,%5BHyperX%5D%20Liquid%60BuLba,0,312867,313,0.000118554633421877,Pro,toplane dire
1088466,11,96,radiant,%5BHyperX%5D%20Liquid%60BuLba,0,313933,314,0.000118933402218752,Pro,toplane dire
1089533,14,96,radiant,%5BHyperX%5D%20Liquid%60BuLba,0,315000,315,0.000119312171015627,Pro,toplane dire
1090266,16,97,radiant,%5BHyperX%5D%20Liquid%60BuLba,0,315733,316,0.000119690939812502,Pro,toplane dire
1091466,19,98,radiant,%5BHyperX%5D%20Liquid%60BuLba,0,316933,317,0.000120069708609377,Pro,toplane dire
1092466,21,98,radiant,%5BHyperX%5D%20Liquid%60BuLba,0,317933,318,0.000120448477406252,Pro,toplane dire
1092600,20,98,radiant,%5BHyperX%5D%20Liquid%60BuLba,0,318067,319,0.000120827246203127,Pro,toplane dire
1092600,20,98,radiant,%5BHyperX%5D%20Liquid%60BuLba,0,318067,320,0.000121206015000002,Pro,toplane dire
1092600,20,98,radiant,%5BHyperX%5D%20Liquid%60BuLba,0,318067,321,0.000121584783796877,Pro,toplane dire
1092600,20,98,radiant,%5BHyperX%5D%20Liquid%60BuLba,0,318067,322,0.000121963552593752,Pro,toplane dire
1097066,20,99,radiant,%5BHyperX%5D%20Liquid%60BuLba,0,322533,323,0.000122342321390627,Pro,toplane dire
1098133,21,100,radiant,%5BHyperX%5D%20Liquid%60BuLba,0,323600,324,0.000122721090187502,Pro,toplane dire
1099333,22,99,radiant,%5BHyperX%5D%20Liquid%60BuLba,0,324800,325,0.000123099858984377,Pro,void dire
1100400,21,96,radiant,%5BHyperX%5D%20Liquid%60BuLba,0,325867,326,0.000123478627781252,Pro,toplane dire
1101466,24,95,radiant,%5BHyperX%5D%20Liquid%60BuLba,0,326933,327,0.000123857396578127,Pro,jungle dire
1102466,27,95,radiant,%5BHyperX%5D%20Liquid%60BuLba,0,327933,328,0.000124236165375002,Pro,jungle dire
1103466,30,95,radiant,%5BHyperX%5D%20Liquid%60BuLba,0,328933,329,0.000124614934171877,Pro,jungle dire
1104533,33,96,radiant,%5BHyperX%5D%20Liquid%60BuLba,0,330000,330,0.000124993702968752,Pro,jungle dire
1104733,33,97,radiant,%5BHyperX%5D%20Liquid%60BuLba,0,330200,331,0.000125372471765627,Pro,jungle dire
1106466,31,96,radiant,%5BHyperX%5D%20Liquid%60BuLba,0,331933,332,0.000125751240562502,Pro,jungle dire
1107266,29,95,radiant,%5BHyperX%5D%20Liquid%60BuLba,0,332733,333,0.000126130009359377,Pro,jungle dire
1108333,26,95,radiant,%5BHyperX%5D%20Liquid%60BuLba,0,333800,334,0.000126508778156252,Pro,jungle dire
1109466,23,95,radiant,%5BHyperX%5D%20Liquid%60BuLba,0,334933,335,0.000126887546953127,Pro,toplane dire
1110533,20,96,radiant,%5BHyperX%5D%20Liquid%60BuLba,0,336000,336,0.000127266315750002,Pro,toplane dire
1111266,18,96,radiant,%5BHyperX%5D%20Liquid%60BuLba,0,336733,337,0.000127645084546877,Pro,toplane dire
1112466,17,95,radiant,%5BHyperX%5D%20Liquid%60BuLba,0,337933,338,0.000128023853343752,Pro,toplane dire
1113266,16,93,radiant,%5BHyperX%5D%20Liquid%60BuLba,0,338733,339,0.000128402622140627,Pro,toplane dire
1114400,15,91,radiant,%5BHyperX%5D%20Liquid%60BuLba,0,339867,340,0.000128781390937502,Pro,toplane dire
1115466,14,88,radiant,%5BHyperX%5D%20Liquid%60BuLba,0,340933,341,0.000129160159734377,Pro,toplane dire
1116533,14,85,radiant,%5BHyperX%5D%20Liquid%60BuLba,0,342000,342,0.000129538928531252,Pro,toplane dire
1117266,14,83,radiant,%5BHyperX%5D%20Liquid%60BuLba,0,342733,343,0.000129917697328127,Pro,toplane dire
1118533,15,81,radiant,%5BHyperX%5D%20Liquid%60BuLba,0,344000,344,0.000130296466125002,Pro,toplane dire
1118533,15,81,radiant,%5BHyperX%5D%20Liquid%60BuLba,0,344000,345,0.000130675234921877,Pro,toplane dire
1120400,16,82,radiant,%5BHyperX%5D%20Liquid%60BuLba,0,345867,346,0.000131054003718752,Pro,toplane dire
1120733,15,83,radiant,%5BHyperX%5D%20Liquid%60BuLba,0,346200,347,0.000131432772515627,Pro,toplane dire
1121800,14,84,radiant,%5BHyperX%5D%20Liquid%60BuLba,0,347267,348,0.000131811541312502,Pro,toplane dire
1123066,14,86,radiant,%5BHyperX%5D%20Liquid%60BuLba,0,348533,349,0.000132190310109377,Pro,toplane dire
1124533,13,85,radiant,%5BHyperX%5D%20Liquid%60BuLba,0,350000,350,0.000132569078906252,Pro,toplane dire
1125533,14,84,radiant,%5BHyperX%5D%20Liquid%60BuLba,0,351000,351,0.000132947847703127,Pro,toplane dire
1126333,14,85,radiant,%5BHyperX%5D%20Liquid%60BuLba,0,351800,352,0.000133326616500002,Pro,toplane dire
1126333,14,85,radiant,%5BHyperX%5D%20Liquid%60BuLba,0,351800,353,0.000133705385296877,Pro,toplane dire
1126333,14,85,radiant,%5BHyperX%5D%20Liquid%60BuLba,0,351800,354,0.000134084154093752,Pro,toplane dire
1126333,14,85,radiant,%5BHyperX%5D%20Liquid%60BuLba,0,351800,355,0.000134462922890627,Pro,toplane dire
1130200,14,86,radiant,%5BHyperX%5D%20Liquid%60BuLba,0,355667,356,0.000134841691687502,Pro,toplane dire
1131333,12,87,radiant,%5BHyperX%5D%20Liquid%60BuLba,0,356800,357,0.000135220460484377,Pro,toplane dire
1131333,12,87,radiant,%5BHyperX%5D%20Liquid%60BuLba,0,356800,358,0.000135599229281252,Pro,toplane dire
1131333,12,87,radiant,%5BHyperX%5D%20Liquid%60BuLba,0,356800,359,0.000135977998078127,Pro,toplane dire
1133733,13,86,radiant,%5BHyperX%5D%20Liquid%60BuLba,0,359200,360,0.000136356766875002,Pro,toplane dire
1135000,13,87,radiant,%5BHyperX%5D%20Liquid%60BuLba,0,360467,361,0.000136735535671877,Pro,toplane dire
1135000,13,87,radiant,%5BHyperX%5D%20Liquid%60BuLba,0,360467,362,0.000137114304468752,Pro,toplane dire
1135000,13,87,radiant,%5BHyperX%5D%20Liquid%60BuLba,0,360467,363,0.000137493073265627,Pro,toplane dire
1135000,13,87,radiant,%5BHyperX%5D%20Liquid%60BuLba,0,360467,364,0.000137871842062502,Pro,toplane dire
1135000,13,87,radiant,%5BHyperX%5D%20Liquid%60BuLba,0,360467,365,0.000138250610859377,Pro,toplane dire
1140133,13,87,radiant,%5BHyperX%5D%20Liquid%60BuLba,0,365600,366,0.000138629379656252,Pro,toplane dire
1140133,13,87,radiant,%5BHyperX%5D%20Liquid%60BuLba,0,365600,367,0.000139008148453127,Pro,toplane dire
1142133,14,88,radiant,%5BHyperX%5D%20Liquid%60BuLba,0,367600,368,0.000139386917250002,Pro,toplane dire
1142133,14,88,radiant,%5BHyperX%5D%20Liquid%60BuLba,0,367600,369,0.000139765686046877,Pro,toplane dire
1142133,14,88,radiant,%5BHyperX%5D%20Liquid%60BuLba,0,367600,370,0.000140144454843752,Pro,toplane dire
1145333,15,88,radiant,%5BHyperX%5D%20Liquid%60BuLba,0,370800,371,0.000140523223640627,Pro,toplane dire
1145333,15,88,radiant,%5BHyperX%5D%20Liquid%60BuLba,0,370800,372,0.000140901992437502,Pro,toplane dire
1145333,15,88,radiant,%5BHyperX%5D%20Liquid%60BuLba,0,370800,373,0.000141280761234377,Pro,toplane dire
1145333,15,88,radiant,%5BHyperX%5D%20Liquid%60BuLba,0,370800,374,0.000141659530031252,Pro,toplane dire
1149266,16,86,radiant,%5BHyperX%5D%20Liquid%60BuLba,0,374733,375,0.000142038298828127,Pro,toplane dire
1149600,16,85,radiant,%5BHyperX%5D%20Liquid%60BuLba,0,375067,376,0.000142417067625002,Pro,toplane dire
1150666,15,85,radiant,%5BHyperX%5D%20Liquid%60BuLba,0,376133,377,0.000142795836421877,Pro,toplane dire
1150666,15,85,radiant,%5BHyperX%5D%20Liquid%60BuLba,0,376133,378,0.000143174605218752,Pro,toplane dire
1153466,15,86,radiant,%5BHyperX%5D%20Liquid%60BuLba,0,378933,379,0.000143553374015627,Pro,toplane dire
1154400,15,88,radiant,%5BHyperX%5D%20Liquid%60BuLba,0,379867,380,0.000143932142812502,Pro,toplane dire
1155533,14,89,radiant,%5BHyperX%5D%20Liquid%60BuLba,0,381000,381,0.000144310911609377,Pro,toplane dire
1156133,14,88,radiant,%5BHyperX%5D%20Liquid%60BuLba,0,381600,382,0.000144689680406252,Pro,toplane dire
1156133,14,88,radiant,%5BHyperX%5D%20Liquid%60BuLba,0,381600,383,0.000145068449203127,Pro,toplane dire
1156133,14,88,radiant,%5BHyperX%5D%20Liquid%60BuLba,0,381600,384,0.000145447218000002,Pro,toplane dire
1159200,13,86,radiant,%5BHyperX%5D%20Liquid%60BuLba,0,384667,385,0.000145825986796877,Pro,toplane dire
1160333,15,84,radiant,%5BHyperX%5D%20Liquid%60BuLba,0,385800,386,0.000146204755593752,Pro,toplane dire
1160866,16,85,radiant,%5BHyperX%5D%20Liquid%60BuLba,0,386333,387,0.000146583524390627,Pro,toplane dire
1160866,16,85,radiant,%5BHyperX%5D%20Liquid%60BuLba,0,386333,388,0.000146962293187502,Pro,toplane dire
1162933,15,84,radiant,%5BHyperX%5D%20Liquid%60BuLba,0,388400,389,0.000147341061984377,Pro,toplane dire
1164333,14,83,radiant,%5BHyperX%5D%20Liquid%60BuLba,0,389800,390,0.000147719830781252,Pro,toplane dire
1165000,13,84,radiant,%5BHyperX%5D%20Liquid%60BuLba,0,390467,391,0.000148098599578127,Pro,toplane dire
1165000,13,84,radiant,%5BHyperX%5D%20Liquid%60BuLba,0,390467,392,0.000148477368375002,Pro,toplane dire
1165000,13,84,radiant,%5BHyperX%5D%20Liquid%60BuLba,0,390467,393,0.000148856137171877,Pro,toplane dire
1168400,12,81,radiant,%5BHyperX%5D%20Liquid%60BuLba,0,393867,394,0.000149234905968752,Pro,toplane dire
1169266,12,79,radiant,%5BHyperX%5D%20Liquid%60BuLba,0,394733,395,0.000149613674765627,Pro,toplane radiant
1170400,12,76,radiant,%5BHyperX%5D%20Liquid%60BuLba,0,395867,396,0.000149992443562502,Pro,toplane radiant
1171466,14,77,radiant,%5BHyperX%5D%20Liquid%60BuLba,0,396933,397,0.000150371212359377,Pro,toplane radiant
1171733,15,77,radiant,%5BHyperX%5D%20Liquid%60BuLba,0,397200,398,0.000150749981156252,Pro,toplane radiant
1173066,15,79,radiant,%5BHyperX%5D%20Liquid%60BuLba,0,398533,399,0.000151128749953127,Pro,toplane radiant
1174400,15,78,radiant,%5BHyperX%5D%20Liquid%60BuLba,0,399867,400,0.000151507518750002,Pro,toplane radiant
1174800,15,77,radiant,%5BHyperX%5D%20Liquid%60BuLba,0,400267,401,0.000151886287546877,Pro,toplane radiant
1175600,15,78,radiant,%5BHyperX%5D%20Liquid%60BuLba,0,401067,402,0.000152265056343752,Pro,toplane radiant
1177400,15,79,radiant,%5BHyperX%5D%20Liquid%60BuLba,0,402867,403,0.000152643825140627,Pro,toplane radiant
1178133,15,81,radiant,%5BHyperX%5D%20Liquid%60BuLba,0,403600,404,0.000153022593937502,Pro,toplane dire
1179466,15,80,radiant,%5BHyperX%5D%20Liquid%60BuLba,0,404933,405,0.000153401362734377,Pro,toplane dire
1180266,16,81,radiant,%5BHyperX%5D%20Liquid%60BuLba,0,405733,406,0.000153780131531252,Pro,toplane dire
1181066,16,83,radiant,%5BHyperX%5D%20Liquid%60BuLba,0,406533,407,0.000154158900328127,Pro,toplane dire
1182333,14,81,radiant,%5BHyperX%5D%20Liquid%60BuLba,0,407800,408,0.000154537669125002,Pro,toplane dire
1183466,16,83,radiant,%5BHyperX%5D%20Liquid%60BuLba,0,408933,409,0.000154916437921877,Pro,toplane dire
1183466,16,83,radiant,%5BHyperX%5D%20Liquid%60BuLba,0,408933,410,0.000155295206718752,Pro,toplane dire
1185533,15,83,radiant,%5BHyperX%5D%20Liquid%60BuLba,0,411000,411,0.000155673975515627,Pro,toplane dire
1185533,15,83,radiant,%5BHyperX%5D%20Liquid%60BuLba,0,411000,412,0.000156052744312502,Pro,toplane dire
1187466,13,83,radiant,%5BHyperX%5D%20Liquid%60BuLba,0,412933,413,0.000156431513109377,Pro,toplane dire
1187466,13,83,radiant,%5BHyperX%5D%20Liquid%60BuLba,0,412933,414,0.000156810281906252,Pro,toplane dire
1187466,13,83,radiant,%5BHyperX%5D%20Liquid%60BuLba,0,412933,415,0.000157189050703127,Pro,toplane dire
1190333,13,84,radiant,%5BHyperX%5D%20Liquid%60BuLba,0,415800,416,0.000157567819500002,Pro,toplane dire
1190666,13,83,radiant,%5BHyperX%5D%20Liquid%60BuLba,0,416133,417,0.000157946588296877,Pro,toplane dire
1192333,13,85,radiant,%5BHyperX%5D%20Liquid%60BuLba,0,417800,418,0.000158325357093752,Pro,toplane dire
1193333,13,84,radiant,%5BHyperX%5D%20Liquid%60BuLba,0,418800,419,0.000158704125890627,Pro,toplane dire
1194066,12,82,radiant,%5BHyperX%5D%20Liquid%60BuLba,0,419533,420,0.000159082894687502,Pro,toplane dire
1195466,15,83,radiant,%5BHyperX%5D%20Liquid%60BuLba,0,420933,421,0.000159461663484378,Pro,toplane dire
1196466,13,82,radiant,%5BHyperX%5D%20Liquid%60BuLba,0,421933,422,0.000159840432281253,Pro,toplane dire
1197066,15,83,radiant,%5BHyperX%5D%20Liquid%60BuLba,0,422533,423,0.000160219201078128,Pro,toplane dire
1198533,12,83,radiant,%5BHyperX%5D%20Liquid%60BuLba,0,424000,424,0.000160597969875003,Pro,toplane dire
1199533,13,84,radiant,%5BHyperX%5D%20Liquid%60BuLba,0,425000,425,0.000160976738671878,Pro,toplane dire
1200333,13,83,radiant,%5BHyperX%5D%20Liquid%60BuLba,0,425800,426,0.000161355507468753,Pro,toplane dire
1201400,12,83,radiant,%5BHyperX%5D%20Liquid%60BuLba,0,426867,427,0.000161734276265628,Pro,toplane dire
1202466,13,82,radiant,%5BHyperX%5D%20Liquid%60BuLba,0,427933,428,0.000162113045062503,Pro,toplane dire
1203200,13,80,radiant,%5BHyperX%5D%20Liquid%60BuLba,0,428667,429,0.000162491813859378,Pro,toplane dire
1204200,15,80,radiant,%5BHyperX%5D%20Liquid%60BuLba,0,429667,430,0.000162870582656253,Pro,toplane dire
1204200,15,80,radiant,%5BHyperX%5D%20Liquid%60BuLba,0,429667,431,0.000163249351453128,Pro,toplane dire
1204200,15,80,radiant,%5BHyperX%5D%20Liquid%60BuLba,0,429667,432,0.000163628120250003,Pro,toplane dire
1207200,15,81,radiant,%5BHyperX%5D%20Liquid%60BuLba,0,432667,433,0.000164006889046878,Pro,toplane dire
1207866,14,81,radiant,%5BHyperX%5D%20Liquid%60BuLba,0,433333,434,0.000164385657843753,Pro,toplane dire
1209533,15,82,radiant,%5BHyperX%5D%20Liquid%60BuLba,0,435000,435,0.000164764426640628,Pro,toplane dire
1209800,15,83,radiant,%5BHyperX%5D%20Liquid%60BuLba,0,435267,436,0.000165143195437503,Pro,toplane dire
1211200,16,84,radiant,%5BHyperX%5D%20Liquid%60BuLba,0,436667,437,0.000165521964234378,Pro,toplane dire
1212533,16,85,radiant,%5BHyperX%5D%20Liquid%60BuLba,0,438000,438,0.000165900733031253,Pro,toplane dire
1213333,17,87,radiant,%5BHyperX%5D%20Liquid%60BuLba,0,438800,439,0.000166279501828128,Pro,toplane dire
1214333,20,88,radiant,%5BHyperX%5D%20Liquid%60BuLba,0,439800,440,0.000166658270625003,Pro,jungle dire
1215466,22,90,radiant,%5BHyperX%5D%20Liquid%60BuLba,0,440933,441,0.000167037039421878,Pro,jungle dire
1216400,24,91,radiant,%5BHyperX%5D%20Liquid%60BuLba,0,441867,442,0.000167415808218753,Pro,jungle dire
1217466,27,91,radiant,%5BHyperX%5D%20Liquid%60BuLba,0,442933,443,0.000167794577015628,Pro,jungle dire
1218533,29,93,radiant,%5BHyperX%5D%20Liquid%60BuLba,0,444000,444,0.000168173345812503,Pro,jungle dire
1219533,32,94,radiant,%5BHyperX%5D%20Liquid%60BuLba,0,445000,445,0.000168552114609378,Pro,jungle dire
1220400,34,96,radiant,%5BHyperX%5D%20Liquid%60BuLba,0,445867,446,0.000168930883406253,Pro,jungle dire
1221200,36,97,radiant,%5BHyperX%5D%20Liquid%60BuLba,0,446667,447,0.000169309652203128,Pro,jungle dire
1222200,35,97,radiant,%5BHyperX%5D%20Liquid%60BuLba,0,447667,448,0.000169688421000003,Pro,jungle dire
1223333,32,96,radiant,%5BHyperX%5D%20Liquid%60BuLba,0,448800,449,0.000170067189796878,Pro,jungle dire
1224466,29,95,radiant,%5BHyperX%5D%20Liquid%60BuLba,0,449933,450,0.000170445958593753,Pro,jungle dire
1225533,26,95,radiant,%5BHyperX%5D%20Liquid%60BuLba,0,451000,451,0.000170824727390628,Pro,jungle dire
1226533,23,95,radiant,%5BHyperX%5D%20Liquid%60BuLba,0,452000,452,0.000171203496187503,Pro,toplane dire
1227266,21,96,radiant,%5BHyperX%5D%20Liquid%60BuLba,0,452733,453,0.000171582264984378,Pro,toplane dire
1228533,23,100,radiant,%5BHyperX%5D%20Liquid%60BuLba,0,454000,454,0.000171961033781253,Pro,toplane dire
1229533,24,104,radiant,%5BHyperX%5D%20Liquid%60BuLba,0,455000,455,0.000172339802578128,Pro,toplane dire
1230533,26,107,radiant,%5BHyperX%5D%20Liquid%60BuLba,0,456000,456,0.000172718571375003,Pro,toplane dire
1230600,26,108,radiant,%5BHyperX%5D%20Liquid%60BuLba,0,456067,457,0.000173097340171878,Pro,toplane dire
1230600,26,108,radiant,%5BHyperX%5D%20Liquid%60BuLba,0,456067,458,0.000173476108968753,Pro,toplane dire
1230600,26,108,radiant,%5BHyperX%5D%20Liquid%60BuLba,0,456067,459,0.000173854877765628,Pro,toplane dire
1234466,24,106,radiant,%5BHyperX%5D%20Liquid%60BuLba,0,459933,460,0.000174233646562503,Pro,toplane dire
1235533,23,103,radiant,%5BHyperX%5D%20Liquid%60BuLba,0,461000,461,0.000174612415359378,Pro,toplane dire
1236200,23,101,radiant,%5BHyperX%5D%20Liquid%60BuLba,0,461667,462,0.000174991184156253,Pro,toplane dire
1237333,22,98,radiant,%5BHyperX%5D%20Liquid%60BuLba,0,462800,463,0.000175369952953128,Pro,void dire
1238266,21,96,radiant,%5BHyperX%5D%20Liquid%60BuLba,0,463733,464,0.000175748721750003,Pro,toplane dire
1239400,22,93,radiant,%5BHyperX%5D%20Liquid%60BuLba,0,464867,465,0.000176127490546878,Pro,toplane dire
1240533,23,90,radiant,%5BHyperX%5D%20Liquid%60BuLba,0,466000,466,0.000176506259343753,Pro,jungle dire
1241466,21,88,radiant,%5BHyperX%5D%20Liquid%60BuLba,0,466933,467,0.000176885028140628,Pro,jungle dire
1242400,18,88,radiant,%5BHyperX%5D%20Liquid%60BuLba,0,467867,468,0.000177263796937503,Pro,toplane dire
1243466,15,88,radiant,%5BHyperX%5D%20Liquid%60BuLba,0,468933,469,0.000177642565734378,Pro,toplane dire
1244333,14,90,radiant,%5BHyperX%5D%20Liquid%60BuLba,0,469800,470,0.000178021334531253,Pro,toplane dire
1245466,13,93,radiant,%5BHyperX%5D%20Liquid%60BuLba,0,470933,471,0.000178400103328128,Pro,toplane dire
1246333,13,95,radiant,%5BHyperX%5D%20Liquid%60BuLba,0,471800,472,0.000178778872125003,Pro,toplane dire
1247400,15,97,radiant,%5BHyperX%5D%20Liquid%60BuLba,0,472867,473,0.000179157640921878,Pro,toplane dire
1248533,14,97,radiant,%5BHyperX%5D%20Liquid%60BuLba,0,474000,474,0.000179536409718753,Pro,toplane dire
1249200,16,96,radiant,%5BHyperX%5D%20Liquid%60BuLba,0,474667,475,0.000179915178515628,Pro,toplane dire
1249200,16,96,radiant,%5BHyperX%5D%20Liquid%60BuLba,0,474667,476,0.000180293947312503,Pro,toplane dire
1251133,15,96,radiant,%5BHyperX%5D%20Liquid%60BuLba,0,476600,477,0.000180672716109378,Pro,toplane dire
1251133,15,96,radiant,%5BHyperX%5D%20Liquid%60BuLba,0,476600,478,0.000181051484906253,Pro,toplane dire
1251133,15,96,radiant,%5BHyperX%5D%20Liquid%60BuLba,0,476600,479,0.000181430253703128,Pro,toplane dire
1254533,15,97,radiant,%5BHyperX%5D%20Liquid%60BuLba,0,480000,480,0.000181809022500003,Pro,toplane dire
1255400,17,99,radiant,%5BHyperX%5D%20Liquid%60BuLba,0,480867,481,0.000182187791296878,Pro,toplane dire
1256200,18,99,radiant,%5BHyperX%5D%20Liquid%60BuLba,0,481667,482,0.000182566560093753,Pro,toplane dire
1257333,18,98,radiant,%5BHyperX%5D%20Liquid%60BuLba,0,482800,483,0.000182945328890628,Pro,toplane dire
1258466,16,96,radiant,%5BHyperX%5D%20Liquid%60BuLba,0,483933,484,0.000183324097687503,Pro,toplane dire
1259466,16,95,radiant,%5BHyperX%5D%20Liquid%60BuLba,0,484933,485,0.000183702866484378,Pro,toplane dire
1260133,17,96,radiant,%5BHyperX%5D%20Liquid%60BuLba,0,485600,486,0.000184081635281253,Pro,toplane dire
1261333,17,95,radiant,%5BHyperX%5D%20Liquid%60BuLba,0,486800,487,0.000184460404078128,Pro,toplane dire
1262133,16,95,radiant,%5BHyperX%5D%20Liquid%60BuLba,0,487600,488,0.000184839172875003,Pro,toplane dire
1263533,15,96,radiant,%5BHyperX%5D%20Liquid%60BuLba,0,489000,489,0.000185217941671878,Pro,toplane dire
1264533,13,94,radiant,%5BHyperX%5D%20Liquid%60BuLba,0,490000,490,0.000185596710468753,Pro,toplane dire
1264533,13,94,radiant,%5BHyperX%5D%20Liquid%60BuLba,0,490000,491,0.000185975479265628,Pro,toplane dire
1266200,14,94,radiant,%5BHyperX%5D%20Liquid%60BuLba,0,491667,492,0.000186354248062503,Pro,toplane dire
1267000,13,94,radiant,%5BHyperX%5D%20Liquid%60BuLba,0,492467,493,0.000186733016859378,Pro,toplane dire
1268200,14,94,radiant,%5BHyperX%5D%20Liquid%60BuLba,0,493667,494,0.000187111785656253,Pro,toplane dire
1269200,16,92,radiant,%5BHyperX%5D%20Liquid%60BuLba,0,494667,495,0.000187490554453128,Pro,toplane dire
1269600,16,91,radiant,%5BHyperX%5D%20Liquid%60BuLba,0,495067,496,0.000187869323250003,Pro,toplane dire
1269600,16,91,radiant,%5BHyperX%5D%20Liquid%60BuLba,0,495067,497,0.000188248092046878,Pro,toplane dire
1272066,16,92,radiant,%5BHyperX%5D%20Liquid%60BuLba,0,497533,498,0.000188626860843753,Pro,toplane dire
1272066,16,92,radiant,%5BHyperX%5D%20Liquid%60BuLba,0,497533,499,0.000189005629640628,Pro,toplane dire
1272066,16,92,radiant,%5BHyperX%5D%20Liquid%60BuLba,0,497533,500,0.000189384398437503,Pro,toplane dire
1272066,16,92,radiant,%5BHyperX%5D%20Liquid%60BuLba,0,497533,501,0.000189763167234378,Pro,toplane dire
1272066,16,92,radiant,%5BHyperX%5D%20Liquid%60BuLba,0,497533,502,0.000190141936031253,Pro,toplane dire
1277400,16,94,radiant,%5BHyperX%5D%20Liquid%60BuLba,0,502867,503,0.000190520704828128,Pro,toplane dire
1277800,17,95,radiant,%5BHyperX%5D%20Liquid%60BuLba,0,503267,504,0.000190899473625003,Pro,toplane dire
1279066,17,95,radiant,%5BHyperX%5D%20Liquid%60BuLba,0,504533,505,0.000191278242421878,Pro,toplane dire
1280533,17,95,radiant,%5BHyperX%5D%20Liquid%60BuLba,0,506000,506,0.000191657011218753,Pro,toplane dire
1281266,17,94,radiant,%5BHyperX%5D%20Liquid%60BuLba,0,506733,507,0.000192035780015628,Pro,toplane dire
1281866,16,94,radiant,%5BHyperX%5D%20Liquid%60BuLba,0,507333,508,0.000192414548812503,Pro,toplane dire
1281866,16,94,radiant,%5BHyperX%5D%20Liquid%60BuLba,0,507333,509,0.000192793317609378,Pro,toplane dire
1284200,16,95,radiant,%5BHyperX%5D%20Liquid%60BuLba,0,509667,510,0.000193172086406253,Pro,toplane dire
1285466,15,95,radiant,%5BHyperX%5D%20Liquid%60BuLba,0,510933,511,0.000193550855203128,Pro,toplane dire
1286533,15,96,radiant,%5BHyperX%5D%20Liquid%60BuLba,0,512000,512,0.000193929624000003,Pro,toplane dire
1286733,14,96,radiant,%5BHyperX%5D%20Liquid%60BuLba,0,512200,513,0.000194308392796878,Pro,toplane dire
1288533,17,97,radiant,%5BHyperX%5D%20Liquid%60BuLba,0,514000,514,0.000194687161593753,Pro,toplane dire
1289400,18,98,radiant,%5BHyperX%5D%20Liquid%60BuLba,0,514867,515,0.000195065930390628,Pro,toplane dire
1290400,19,98,radiant,%5BHyperX%5D%20Liquid%60BuLba,0,515867,516,0.000195444699187503,Pro,toplane dire
1290800,19,97,radiant,%5BHyperX%5D%20Liquid%60BuLba,0,516267,517,0.000195823467984378,Pro,toplane dire
1292000,19,99,radiant,%5BHyperX%5D%20Liquid%60BuLba,0,517467,518,0.000196202236781253,Pro,toplane dire
1292000,19,99,radiant,%5BHyperX%5D%20Liquid%60BuLba,0,517467,519,0.000196581005578128,Pro,toplane dire
1294533,19,98,radiant,%5BHyperX%5D%20Liquid%60BuLba,0,520000,520,0.000196959774375003,Pro,toplane dire
1295533,19,97,radiant,%5BHyperX%5D%20Liquid%60BuLba,0,521000,521,0.000197338543171878,Pro,toplane dire
1296466,17,96,radiant,%5BHyperX%5D%20Liquid%60BuLba,0,521933,522,0.000197717311968753,Pro,toplane dire
1297066,16,95,radiant,%5BHyperX%5D%20Liquid%60BuLba,0,522533,523,0.000198096080765628,Pro,toplane dire
1298266,16,97,radiant,%5BHyperX%5D%20Liquid%60BuLba,0,523733,524,0.000198474849562503,Pro,toplane dire
1299266,17,97,radiant,%5BHyperX%5D%20Liquid%60BuLba,0,524733,525,0.000198853618359378,Pro,toplane dire
1300266,18,97,radiant,%5BHyperX%5D%20Liquid%60BuLba,0,525733,526,0.000199232387156253,Pro,toplane dire
1301400,17,94,radiant,%5BHyperX%5D%20Liquid%60BuLba,0,526867,527,0.000199611155953128,Pro,toplane dire
1302533,14,92,radiant,%5BHyperX%5D%20Liquid%60BuLba,0,528000,528,0.000199989924750003,Pro,toplane dire
1303400,13,92,radiant,%5BHyperX%5D%20Liquid%60BuLba,0,528867,529,0.000200368693546878,Pro,toplane dire
1304466,14,90,radiant,%5BHyperX%5D%20Liquid%60BuLba,0,529933,530,0.000200747462343753,Pro,toplane dire
1305266,15,92,radiant,%5BHyperX%5D%20Liquid%60BuLba,0,530733,531,0.000201126231140628,Pro,toplane dire
1306266,14,92,radiant,%5BHyperX%5D%20Liquid%60BuLba,0,531733,532,0.000201504999937503,Pro,toplane dire
1306666,13,92,radiant,%5BHyperX%5D%20Liquid%60BuLba,0,532133,533,0.000201883768734378,Pro,toplane dire
1308533,14,94,radiant,%5BHyperX%5D%20Liquid%60BuLba,0,534000,534,0.000202262537531253,Pro,toplane dire
1309000,15,94,radiant,%5BHyperX%5D%20Liquid%60BuLba,0,534467,535,0.000202641306328128,Pro,toplane dire
1310400,13,93,radiant,%5BHyperX%5D%20Liquid%60BuLba,0,535867,536,0.000203020075125003,Pro,toplane dire
1310733,13,92,radiant,%5BHyperX%5D%20Liquid%60BuLba,0,536200,537,0.000203398843921878,Pro,toplane dire
1312333,14,92,radiant,%5BHyperX%5D%20Liquid%60BuLba,0,537800,538,0.000203777612718753,Pro,toplane dire
1313333,15,91,radiant,%5BHyperX%5D%20Liquid%60BuLba,0,538800,539,0.000204156381515628,Pro,toplane dire
1314533,14,91,radiant,%5BHyperX%5D%20Liquid%60BuLba,0,540000,540,0.000204535150312503,Pro,toplane dire
1314866,15,92,radiant,%5BHyperX%5D%20Liquid%60BuLba,0,540333,541,0.000204913919109378,Pro,toplane dire
1316066,15,92,radiant,%5BHyperX%5D%20Liquid%60BuLba,0,541533,542,0.000205292687906253,Pro,toplane dire
1317266,15,92,radiant,%5BHyperX%5D%20Liquid%60BuLba,0,542733,543,0.000205671456703128,Pro,toplane dire
1318400,14,90,radiant,%5BHyperX%5D%20Liquid%60BuLba,0,543867,544,0.000206050225500003,Pro,toplane dire
1319466,14,87,radiant,%5BHyperX%5D%20Liquid%60BuLba,0,544933,545,0.000206428994296878,Pro,toplane dire
1320533,13,84,radiant,%5BHyperX%5D%20Liquid%60BuLba,0,546000,546,0.000206807763093753,Pro,toplane dire
1321266,13,82,radiant,%5BHyperX%5D%20Liquid%60BuLba,0,546733,547,0.000207186531890628,Pro,toplane dire
1322533,12,79,radiant,%5BHyperX%5D%20Liquid%60BuLba,0,548000,548,0.000207565300687503,Pro,toplane radiant
1323266,12,80,radiant,%5BHyperX%5D%20Liquid%60BuLba,0,548733,549,0.000207944069484378,Pro,toplane dire
1324066,11,78,radiant,%5BHyperX%5D%20Liquid%60BuLba,0,549533,550,0.000208322838281253,Pro,toplane radiant
1324066,11,78,radiant,%5BHyperX%5D%20Liquid%60BuLba,0,549533,551,0.000208701607078128,Pro,toplane radiant
1326000,12,79,radiant,%5BHyperX%5D%20Liquid%60BuLba,0,551467,552,0.000209080375875003,Pro,toplane radiant
1327533,13,80,radiant,%5BHyperX%5D%20Liquid%60BuLba,0,553000,553,0.000209459144671878,Pro,toplane dire
1327800,14,80,radiant,%5BHyperX%5D%20Liquid%60BuLba,0,553267,554,0.000209837913468753,Pro,toplane dire
1329333,15,82,radiant,%5BHyperX%5D%20Liquid%60BuLba,0,554800,555,0.000210216682265628,Pro,toplane dire
1330000,14,84,radiant,%5BHyperX%5D%20Liquid%60BuLba,0,555467,556,0.000210595451062503,Pro,toplane dire
1331400,15,83,radiant,%5BHyperX%5D%20Liquid%60BuLba,0,556867,557,0.000210974219859378,Pro,toplane dire
1332400,14,80,radiant,%5BHyperX%5D%20Liquid%60BuLba,0,557867,558,0.000211352988656253,Pro,toplane dire
1332733,15,81,radiant,%5BHyperX%5D%20Liquid%60BuLba,0,558200,559,0.000211731757453128,Pro,toplane dire
1332733,15,81,radiant,%5BHyperX%5D%20Liquid%60BuLba,0,558200,560,0.000212110526250003,Pro,toplane dire
1332733,15,81,radiant,%5BHyperX%5D%20Liquid%60BuLba,0,558200,561,0.000212489295046878,Pro,toplane dire
1332733,15,81,radiant,%5BHyperX%5D%20Liquid%60BuLba,0,558200,562,0.000212868063843753,Pro,toplane dire
1337400,15,82,radiant,%5BHyperX%5D%20Liquid%60BuLba,0,562867,563,0.000213246832640628,Pro,toplane dire
1338133,14,84,radiant,%5BHyperX%5D%20Liquid%60BuLba,0,563600,564,0.000213625601437503,Pro,toplane dire
1339200,13,86,radiant,%5BHyperX%5D%20Liquid%60BuLba,0,564667,565,0.000214004370234378,Pro,toplane dire
1339200,13,86,radiant,%5BHyperX%5D%20Liquid%60BuLba,0,564667,566,0.000214383139031253,Pro,toplane dire
1341533,15,88,radiant,%5BHyperX%5D%20Liquid%60BuLba,0,567000,567,0.000214761907828128,Pro,toplane dire
1341533,15,88,radiant,%5BHyperX%5D%20Liquid%60BuLba,0,567000,568,0.000215140676625003,Pro,toplane dire
1343133,14,88,radiant,%5BHyperX%5D%20Liquid%60BuLba,0,568600,569,0.000215519445421878,Pro,toplane dire
1344400,14,88,radiant,%5BHyperX%5D%20Liquid%60BuLba,0,569867,570,0.000215898214218753,Pro,toplane dire
1345000,15,88,radiant,%5BHyperX%5D%20Liquid%60BuLba,0,570467,571,0.000216276983015628,Pro,toplane dire
1346533,14,85,radiant,%5BHyperX%5D%20Liquid%60BuLba,0,572000,572,0.000216655751812503,Pro,toplane dire
1347266,14,83,radiant,%5BHyperX%5D%20Liquid%60BuLba,0,572733,573,0.000217034520609378,Pro,toplane dire
1347266,14,83,radiant,%5BHyperX%5D%20Liquid%60BuLba,0,572733,574,0.000217413289406253,Pro,toplane dire
1347266,14,83,radiant,%5BHyperX%5D%20Liquid%60BuLba,0,572733,575,0.000217792058203128,Pro,toplane dire
1347266,14,83,radiant,%5BHyperX%5D%20Liquid%60BuLba,0,572733,576,0.000218170827000003,Pro,toplane dire
1351466,15,84,radiant,%5BHyperX%5D%20Liquid%60BuLba,0,576933,577,0.000218549595796878,Pro,toplane dire
1351466,15,84,radiant,%5BHyperX%5D%20Liquid%60BuLba,0,576933,578,0.000218928364593753,Pro,toplane dire
1353266,15,85,radiant,%5BHyperX%5D%20Liquid%60BuLba,0,578733,579,0.000219307133390628,Pro,toplane dire
1354466,15,83,radiant,%5BHyperX%5D%20Liquid%60BuLba,0,579933,580,0.000219685902187503,Pro,toplane dire
1355133,15,81,radiant,%5BHyperX%5D%20Liquid%60BuLba,0,580600,581,0.000220064670984378,Pro,toplane dire
1356466,16,82,radiant,%5BHyperX%5D%20Liquid%60BuLba,0,581933,582,0.000220443439781253,Pro,toplane dire
1357200,15,81,radiant,%5BHyperX%5D%20Liquid%60BuLba,0,582667,583,0.000220822208578128,Pro,toplane dire
1357600,15,82,radiant,%5BHyperX%5D%20Liquid%60BuLba,0,583067,584,0.000221200977375003,Pro,toplane dire
1359400,15,82,radiant,%5BHyperX%5D%20Liquid%60BuLba,0,584867,585,0.000221579746171878,Pro,toplane dire
1359400,15,82,radiant,%5BHyperX%5D%20Liquid%60BuLba,0,584867,586,0.000221958514968753,Pro,toplane dire
1361200,14,84,radiant,%5BHyperX%5D%20Liquid%60BuLba,0,586667,587,0.000222337283765628,Pro,toplane dire
1362533,14,85,radiant,%5BHyperX%5D%20Liquid%60BuLba,0,588000,588,0.000222716052562503,Pro,toplane dire
1362866,14,86,radiant,%5BHyperX%5D%20Liquid%60BuLba,0,588333,589,0.000223094821359378,Pro,toplane dire
1362866,14,86,radiant,%5BHyperX%5D%20Liquid%60BuLba,0,588333,590,0.000223473590156254,Pro,toplane dire
1365200,13,86,radiant,%5BHyperX%5D%20Liquid%60BuLba,0,590667,591,0.000223852358953129,Pro,toplane dire
1366266,14,87,radiant,%5BHyperX%5D%20Liquid%60BuLba,0,591733,592,0.000224231127750004,Pro,toplane dire
1367333,14,88,radiant,%5BHyperX%5D%20Liquid%60BuLba,0,592800,593,0.000224609896546879,Pro,toplane dire
1367333,14,88,radiant,%5BHyperX%5D%20Liquid%60BuLba,0,592800,594,0.000224988665343754,Pro,toplane dire
1369200,13,86,radiant,%5BHyperX%5D%20Liquid%60BuLba,0,594667,595,0.000225367434140629,Pro,toplane dire
1369200,13,86,radiant,%5BHyperX%5D%20Liquid%60BuLba,0,594667,596,0.000225746202937504,Pro,toplane dire
1371400,14,88,radiant,%5BHyperX%5D%20Liquid%60BuLba,0,596867,597,0.000226124971734379,Pro,toplane dire
1372466,16,87,radiant,%5BHyperX%5D%20Liquid%60BuLba,0,597933,598,0.000226503740531254,Pro,toplane dire
1373333,14,87,radiant,%5BHyperX%5D%20Liquid%60BuLba,0,598800,599,0.000226882509328129,Pro,toplane dire
1374266,14,88,radiant,%5BHyperX%5D%20Liquid%60BuLba,0,599733,600,0.000227261278125004,Pro,toplane dire
1375533,13,86,radiant,%5BHyperX%5D%20Liquid%60BuLba,0,601000,601,0.000227640046921879,Pro,toplane dire
1376466,12,84,radiant,%5BHyperX%5D%20Liquid%60BuLba,0,601933,602,0.000228018815718754,Pro,toplane dire
1377000,13,83,radiant,%5BHyperX%5D%20Liquid%60BuLba,0,602467,603,0.000228397584515629,Pro,toplane dire
1378533,13,83,radiant,%5BHyperX%5D%20Liquid%60BuLba,0,604000,604,0.000228776353312504,Pro,toplane dire
1378933,14,83,radiant,%5BHyperX%5D%20Liquid%60BuLba,0,604400,605,0.000229155122109379,Pro,toplane dire
1380333,14,81,radiant,%5BHyperX%5D%20Liquid%60BuLba,0,605800,606,0.000229533890906254,Pro,toplane dire
1381466,13,78,radiant,%5BHyperX%5D%20Liquid%60BuLba,0,606933,607,0.000229912659703129,Pro,toplane radiant
1382533,12,75,radiant,%5BHyperX%5D%20Liquid%60BuLba,0,608000,608,0.000230291428500004,Pro,toplane radiant
1383533,12,76,radiant,%5BHyperX%5D%20Liquid%60BuLba,0,609000,609,0.000230670197296879,Pro,toplane radiant
1383533,12,76,radiant,%5BHyperX%5D%20Liquid%60BuLba,0,609000,610,0.000231048966093754,Pro,toplane radiant
1383533,12,76,radiant,%5BHyperX%5D%20Liquid%60BuLba,0,609000,611,0.000231427734890629,Pro,toplane radiant
1385933,14,76,radiant,%5BHyperX%5D%20Liquid%60BuLba,0,611400,612,0.000231806503687504,Pro,toplane radiant
1387266,13,76,radiant,%5BHyperX%5D%20Liquid%60BuLba,0,612733,613,0.000232185272484379,Pro,toplane radiant
1387600,12,76,radiant,%5BHyperX%5D%20Liquid%60BuLba,0,613067,614,0.000232564041281254,Pro,toplane radiant
1387600,12,76,radiant,%5BHyperX%5D%20Liquid%60BuLba,0,613067,615,0.000232942810078129,Pro,toplane radiant
1390466,12,78,radiant,%5BHyperX%5D%20Liquid%60BuLba,0,615933,616,0.000233321578875004,Pro,toplane radiant
1391200,12,80,radiant,%5BHyperX%5D%20Liquid%60BuLba,0,616667,617,0.000233700347671879,Pro,toplane dire
1391200,12,80,radiant,%5BHyperX%5D%20Liquid%60BuLba,0,616667,618,0.000234079116468754,Pro,toplane dire
1391200,12,80,radiant,%5BHyperX%5D%20Liquid%60BuLba,0,616667,619,0.000234457885265629,Pro,toplane dire
1394333,13,81,radiant,%5BHyperX%5D%20Liquid%60BuLba,0,619800,620,0.000234836654062504,Pro,toplane dire
1394733,13,82,radiant,%5BHyperX%5D%20Liquid%60BuLba,0,620200,621,0.000235215422859379,Pro,toplane dire
1395800,13,83,radiant,%5BHyperX%5D%20Liquid%60BuLba,0,621267,622,0.000235594191656254,Pro,toplane dire
1395800,13,83,radiant,%5BHyperX%5D%20Liquid%60BuLba,0,621267,623,0.000235972960453129,Pro,toplane dire
1398533,13,84,radiant,%5BHyperX%5D%20Liquid%60BuLba,0,624000,624,0.000236351729250004,Pro,toplane dire
1399266,13,86,radiant,%5BHyperX%5D%20Liquid%60BuLba,0,624733,625,0.000236730498046879,Pro,toplane dire
1400333,12,89,radiant,%5BHyperX%5D%20Liquid%60BuLba,0,625800,626,0.000237109266843754,Pro,toplane dire
1401466,10,91,radiant,%5BHyperX%5D%20Liquid%60BuLba,0,626933,627,0.000237488035640629,Pro,toplane dire
1402533,11,91,radiant,%5BHyperX%5D%20Liquid%60BuLba,0,628000,628,0.000237866804437504,Pro,toplane dire
1403400,12,89,radiant,%5BHyperX%5D%20Liquid%60BuLba,0,628867,629,0.000238245573234379,Pro,toplane dire
1404400,15,88,radiant,%5BHyperX%5D%20Liquid%60BuLba,0,629867,630,0.000238624342031254,Pro,toplane dire
1405466,16,91,radiant,%5BHyperX%5D%20Liquid%60BuLba,0,630933,631,0.000239003110828129,Pro,toplane dire
1406466,17,93,radiant,%5BHyperX%5D%20Liquid%60BuLba,0,631933,632,0.000239381879625004,Pro,toplane dire
1407333,17,96,radiant,%5BHyperX%5D%20Liquid%60BuLba,0,632800,633,0.000239760648421879,Pro,toplane dire
1407333,17,96,radiant,%5BHyperX%5D%20Liquid%60BuLba,0,632800,634,0.000240139417218754,Pro,toplane dire
1407333,17,96,radiant,%5BHyperX%5D%20Liquid%60BuLba,0,632800,635,0.000240518186015629,Pro,toplane dire
1407333,17,96,radiant,%5BHyperX%5D%20Liquid%60BuLba,0,632800,636,0.000240896954812504,Pro,toplane dire
1411466,16,93,radiant,%5BHyperX%5D%20Liquid%60BuLba,0,636933,637,0.000241275723609379,Pro,toplane dire
1412266,14,91,radiant,%5BHyperX%5D%20Liquid%60BuLba,0,637733,638,0.000241654492406254,Pro,toplane dire
1413466,13,88,radiant,%5BHyperX%5D%20Liquid%60BuLba,0,638933,639,0.000242033261203129,Pro,toplane dire
1414400,13,85,radiant,%5BHyperX%5D%20Liquid%60BuLba,0,639867,640,0.000242412030000004,Pro,toplane dire
1415400,13,82,radiant,%5BHyperX%5D%20Liquid%60BuLba,0,640867,641,0.000242790798796879,Pro,toplane dire
1416400,13,79,radiant,%5BHyperX%5D%20Liquid%60BuLba,0,641867,642,0.000243169567593754,Pro,toplane radiant
1417400,14,79,radiant,%5BHyperX%5D%20Liquid%60BuLba,0,642867,643,0.000243548336390629,Pro,toplane radiant
1418400,14,78,radiant,%5BHyperX%5D%20Liquid%60BuLba,0,643867,644,0.000243927105187504,Pro,toplane radiant
1419533,15,78,radiant,%5BHyperX%5D%20Liquid%60BuLba,0,645000,645,0.000244305873984379,Pro,toplane radiant
1420266,16,79,radiant,%5BHyperX%5D%20Liquid%60BuLba,0,645733,646,0.000244684642781254,Pro,toplane radiant
1421266,16,82,radiant,%5BHyperX%5D%20Liquid%60BuLba,0,646733,647,0.000245063411578129,Pro,toplane dire
1421266,16,82,radiant,%5BHyperX%5D%20Liquid%60BuLba,0,646733,648,0.000245442180375004,Pro,toplane dire
1423466,16,80,radiant,%5BHyperX%5D%20Liquid%60BuLba,0,648933,649,0.000245820949171879,Pro,toplane dire
1424200,15,78,radiant,%5BHyperX%5D%20Liquid%60BuLba,0,649667,650,0.000246199717968754,Pro,toplane radiant
1424200,15,78,radiant,%5BHyperX%5D%20Liquid%60BuLba,0,649667,651,0.000246578486765629,Pro,toplane radiant
1426466,15,78,radiant,%5BHyperX%5D%20Liquid%60BuLba,0,651933,652,0.000246957255562504,Pro,toplane radiant
1427333,14,75,radiant,%5BHyperX%5D%20Liquid%60BuLba,0,652800,653,0.000247336024359379,Pro,toplane radiant
1427666,14,74,radiant,%5BHyperX%5D%20Liquid%60BuLba,0,653133,654,0.000247714793156254,Pro,toplane radiant
1429266,14,72,radiant,%5BHyperX%5D%20Liquid%60BuLba,0,654733,655,0.000248093561953129,Pro,toplane radiant
1430533,14,70,radiant,%5BHyperX%5D%20Liquid%60BuLba,0,656000,656,0.000248472330750004,Pro,toplane radiant
1431400,16,72,radiant,%5BHyperX%5D%20Liquid%60BuLba,0,656867,657,0.000248851099546879,Pro,toplane radiant
1432400,18,70,radiant,%5BHyperX%5D%20Liquid%60BuLba,0,657867,658,0.000249229868343754,Pro,toplane radiant
1433333,19,67,radiant,%5BHyperX%5D%20Liquid%60BuLba,0,658800,659,0.000249608637140629,Pro,toplane radiant
1434466,22,65,radiant,%5BHyperX%5D%20Liquid%60BuLba,0,659933,660,0.000249987405937504,Pro,jungle radiant
1435466,25,63,radiant,%5BHyperX%5D%20Liquid%60BuLba,0,660933,661,0.000250366174734379,Pro,jungle radiant
1436200,27,61,radiant,%5BHyperX%5D%20Liquid%60BuLba,0,661667,662,0.000250744943531254,Pro,jungle radiant
1437333,29,58,radiant,%5BHyperX%5D%20Liquid%60BuLba,0,662800,663,0.000251123712328129,Pro,jungle radiant
1438400,32,56,radiant,%5BHyperX%5D%20Liquid%60BuLba,0,663867,664,0.000251502481125004,Pro,jungle radiant
1439266,34,54,radiant,%5BHyperX%5D%20Liquid%60BuLba,0,664733,665,0.000251881249921879,Pro,jungle radiant
1440533,37,51,radiant,%5BHyperX%5D%20Liquid%60BuLba,0,666000,666,0.000252260018718754,Pro,jungle radiant
1441466,38,48,radiant,%5BHyperX%5D%20Liquid%60BuLba,0,666933,667,0.000252638787515629,Pro,jungle radiant
1442533,41,47,radiant,%5BHyperX%5D%20Liquid%60BuLba,0,668000,668,0.000253017556312504,Pro,midlane radiant
1443400,44,47,radiant,%5BHyperX%5D%20Liquid%60BuLba,0,668867,669,0.000253396325109379,Pro,midlane radiant
1444333,47,48,radiant,%5BHyperX%5D%20Liquid%60BuLba,0,669800,670,0.000253775093906254,Pro,midlane radiant
1445400,50,50,radiant,%5BHyperX%5D%20Liquid%60BuLba,0,670867,671,0.000254153862703129,Pro,midlane radiant
1446400,52,53,radiant,%5BHyperX%5D%20Liquid%60BuLba,0,671867,672,0.000254532631500004,Pro,midlane radiant
1447400,51,56,radiant,%5BHyperX%5D%20Liquid%60BuLba,0,672867,673,0.000254911400296879,Pro,midlane radiant
1448533,50,60,radiant,%5BHyperX%5D%20Liquid%60BuLba,0,674000,674,0.000255290169093754,Pro,jungle radiant
1449466,49,63,radiant,%5BHyperX%5D%20Liquid%60BuLba,0,674933,675,0.000255668937890629,Pro,jungle radiant
1450266,49,66,radiant,%5BHyperX%5D%20Liquid%60BuLba,0,675733,676,0.000256047706687504,Pro,jungle radiant
1451333,51,68,radiant,%5BHyperX%5D%20Liquid%60BuLba,0,676800,677,0.000256426475484379,Pro,river
1452466,54,70,radiant,%5BHyperX%5D%20Liquid%60BuLba,0,677933,678,0.000256805244281254,Pro,void dire
1453466,58,70,radiant,%5BHyperX%5D%20Liquid%60BuLba,0,678933,679,0.000257184013078129,Pro,jungle dire
1454333,61,71,radiant,%5BHyperX%5D%20Liquid%60BuLba,0,679800,680,0.000257562781875004,Pro,jungle dire
1455533,62,75,radiant,%5BHyperX%5D%20Liquid%60BuLba,0,681000,681,0.000257941550671879,Pro,jungle dire
1456200,63,77,radiant,%5BHyperX%5D%20Liquid%60BuLba,0,681667,682,0.000258320319468754,Pro,jungle dire
1456600,64,78,radiant,%5BHyperX%5D%20Liquid%60BuLba,0,682067,683,0.000258699088265629,Pro,jungle dire
1458333,66,77,radiant,%5BHyperX%5D%20Liquid%60BuLba,0,683800,684,0.000259077857062504,Pro,jungle dire
1459533,70,76,radiant,%5BHyperX%5D%20Liquid%60BuLba,0,685000,685,0.000259456625859379,Pro,midlane dire
1459533,70,76,radiant,%5BHyperX%5D%20Liquid%60BuLba,0,685000,686,0.000259835394656254,Pro,midlane dire
1459533,70,76,radiant,%5BHyperX%5D%20Liquid%60BuLba,0,685000,687,0.000260214163453129,Pro,midlane dire
1459533,70,76,radiant,%5BHyperX%5D%20Liquid%60BuLba,0,685000,688,0.000260592932250004,Pro,midlane dire
1463533,73,75,radiant,%5BHyperX%5D%20Liquid%60BuLba,0,689000,689,0.000260971701046879,Pro,midlane dire
1464466,74,75,radiant,%5BHyperX%5D%20Liquid%60BuLba,0,689933,690,0.000261350469843754,Pro,midlane dire
1465400,74,71,radiant,%5BHyperX%5D%20Liquid%60BuLba,0,690867,691,0.000261729238640629,Pro,midlane dire
1465933,75,65,radiant,%5BHyperX%5D%20Liquid%60BuLba,0,691400,692,0.000262108007437504,Pro,midlane dire
1465933,75,65,radiant,%5BHyperX%5D%20Liquid%60BuLba,0,691400,693,0.000262486776234379,Pro,midlane dire
1465933,75,65,radiant,%5BHyperX%5D%20Liquid%60BuLba,0,691400,694,0.000262865545031254,Pro,midlane dire
1465933,75,65,radiant,%5BHyperX%5D%20Liquid%60BuLba,0,691400,695,0.000263244313828129,Pro,midlane dire
1469666,75,64,radiant,%5BHyperX%5D%20Liquid%60BuLba,0,695133,696,0.000263623082625004,Pro,midlane dire
1471266,73,64,radiant,%5BHyperX%5D%20Liquid%60BuLba,0,696733,697,0.000264001851421879,Pro,midlane dire
1472200,71,65,radiant,%5BHyperX%5D%20Liquid%60BuLba,0,697667,698,0.000264380620218754,Pro,midlane dire
1473466,70,64,radiant,%5BHyperX%5D%20Liquid%60BuLba,0,698933,699,0.000264759389015629,Pro,midlane dire
1474333,69,62,radiant,%5BHyperX%5D%20Liquid%60BuLba,0,699800,700,0.000265138157812504,Pro,midlane dire
1475466,69,59,radiant,%5BHyperX%5D%20Liquid%60BuLba,0,700933,701,0.000265516926609379,Pro,jungle dire
1476533,71,57,radiant,%5BHyperX%5D%20Liquid%60BuLba,0,702000,702,0.000265895695406254,Pro,jungle dire
1477333,73,59,radiant,%5BHyperX%5D%20Liquid%60BuLba,0,702800,703,0.000266274464203129,Pro,jungle dire
1478200,74,61,radiant,%5BHyperX%5D%20Liquid%60BuLba,0,703667,704,0.000266653233000004,Pro,jungle dire
1478866,80,69,radiant,%5BHyperX%5D%20Liquid%60BuLba,0,704333,705,0.000267032001796879,Pro,midlane dire
1480466,78,70,radiant,%5BHyperX%5D%20Liquid%60BuLba,0,705933,706,0.000267410770593754,Pro,midlane dire
1480466,78,70,radiant,%5BHyperX%5D%20Liquid%60BuLba,0,705933,707,0.000267789539390629,Pro,midlane dire
1480466,78,70,radiant,%5BHyperX%5D%20Liquid%60BuLba,0,705933,708,0.000268168308187504,Pro,midlane dire
1480466,78,70,radiant,%5BHyperX%5D%20Liquid%60BuLba,0,705933,709,0.000268547076984379,Pro,midlane dire
1480466,78,70,radiant,%5BHyperX%5D%20Liquid%60BuLba,0,705933,710,0.000268925845781254,Pro,midlane dire
1480466,78,70,radiant,%5BHyperX%5D%20Liquid%60BuLba,0,705933,711,0.000269304614578129,Pro,midlane dire
1480466,78,70,radiant,%5BHyperX%5D%20Liquid%60BuLba,0,705933,712,0.000269683383375004,Pro,midlane dire
1480466,78,70,radiant,%5BHyperX%5D%20Liquid%60BuLba,0,705933,713,0.000270062152171879,Pro,midlane dire
1480466,78,70,radiant,%5BHyperX%5D%20Liquid%60BuLba,0,705933,714,0.000270440920968754,Pro,midlane dire
1480466,78,70,radiant,%5BHyperX%5D%20Liquid%60BuLba,0,705933,715,0.000270819689765629,Pro,midlane dire
1480466,78,70,radiant,%5BHyperX%5D%20Liquid%60BuLba,0,705933,716,0.000271198458562504,Pro,midlane dire
1480466,78,70,radiant,%5BHyperX%5D%20Liquid%60BuLba,0,705933,717,0.000271577227359379,Pro,midlane dire
1480466,78,70,radiant,%5BHyperX%5D%20Liquid%60BuLba,0,705933,718,0.000271955996156254,Pro,midlane dire
1480466,78,70,radiant,%5BHyperX%5D%20Liquid%60BuLba,0,705933,719,0.000272334764953129,Pro,midlane dire
1480466,78,70,radiant,%5BHyperX%5D%20Liquid%60BuLba,0,705933,720,0.000272713533750004,Pro,midlane dire
1480466,78,70,radiant,%5BHyperX%5D%20Liquid%60BuLba,0,705933,721,0.000273092302546879,Pro,midlane dire
1480466,78,70,radiant,%5BHyperX%5D%20Liquid%60BuLba,0,705933,722,0.000273471071343754,Pro,midlane dire
1480466,78,70,radiant,%5BHyperX%5D%20Liquid%60BuLba,0,705933,723,0.000273849840140629,Pro,midlane dire
1480466,78,70,radiant,%5BHyperX%5D%20Liquid%60BuLba,0,705933,724,0.000274228608937504,Pro,midlane dire
1480466,78,70,radiant,%5BHyperX%5D%20Liquid%60BuLba,0,705933,725,0.000274607377734379,Pro,midlane dire
1500133,78,70,radiant,%5BHyperX%5D%20Liquid%60BuLba,0,725600,726,0.000274986146531254,Pro,midlane dire
1500133,78,70,radiant,%5BHyperX%5D%20Liquid%60BuLba,0,725600,727,0.000275364915328129,Pro,midlane dire
1500133,78,70,radiant,%5BHyperX%5D%20Liquid%60BuLba,0,725600,728,0.000275743684125004,Pro,midlane dire
1500133,78,70,radiant,%5BHyperX%5D%20Liquid%60BuLba,0,725600,729,0.000276122452921879,Pro,midlane dire
1500133,78,70,radiant,%5BHyperX%5D%20Liquid%60BuLba,0,725600,730,0.000276501221718754,Pro,midlane dire
1500133,78,70,radiant,%5BHyperX%5D%20Liquid%60BuLba,0,725600,731,0.000276879990515629,Pro,midlane dire
1500133,78,70,radiant,%5BHyperX%5D%20Liquid%60BuLba,0,725600,732,0.000277258759312504,Pro,midlane dire
1500133,78,70,radiant,%5BHyperX%5D%20Liquid%60BuLba,0,725600,733,0.000277637528109379,Pro,midlane dire
1500133,78,70,radiant,%5BHyperX%5D%20Liquid%60BuLba,0,725600,734,0.000278016296906254,Pro,midlane dire
1500133,78,70,radiant,%5BHyperX%5D%20Liquid%60BuLba,0,725600,735,0.000278395065703129,Pro,midlane dire
1500133,78,70,radiant,%5BHyperX%5D%20Liquid%60BuLba,0,725600,736,0.000278773834500004,Pro,midlane dire
1500133,78,70,radiant,%5BHyperX%5D%20Liquid%60BuLba,0,725600,737,0.000279152603296879,Pro,midlane dire
1500133,78,70,radiant,%5BHyperX%5D%20Liquid%60BuLba,0,725600,738,0.000279531372093754,Pro,midlane dire
1500133,78,70,radiant,%5BHyperX%5D%20Liquid%60BuLba,0,725600,739,0.000279910140890629,Pro,midlane dire
1500133,78,70,radiant,%5BHyperX%5D%20Liquid%60BuLba,0,725600,740,0.000280288909687504,Pro,midlane dire
1500133,78,70,radiant,%5BHyperX%5D%20Liquid%60BuLba,0,725600,741,0.000280667678484379,Pro,midlane dire
1516266,8,7,radiant,%5BHyperX%5D%20Liquid%60BuLba,0,741733,742,0.000281046447281254,Pro,base1 radiant
1516266,8,7,radiant,%5BHyperX%5D%20Liquid%60BuLba,0,741733,743,0.000281425216078129,Pro,base1 radiant
1518533,9,10,radiant,%5BHyperX%5D%20Liquid%60BuLba,0,744000,744,0.000281803984875004,Pro,base1 radiant
1519266,11,12,radiant,%5BHyperX%5D%20Liquid%60BuLba,0,744733,745,0.000282182753671879,Pro,base1 radiant
1520400,12,15,radiant,%5BHyperX%5D%20Liquid%60BuLba,0,745867,746,0.000282561522468754,Pro,base1 radiant
1521400,13,18,radiant,%5BHyperX%5D%20Liquid%60BuLba,0,746867,747,0.000282940291265629,Pro,base1 radiant
1522466,14,21,radiant,%5BHyperX%5D%20Liquid%60BuLba,0,747933,748,0.000283319060062504,Pro,base1 radiant
1523400,15,23,radiant,%5BHyperX%5D%20Liquid%60BuLba,0,748867,749,0.000283697828859379,Pro,base1 radiant
1524466,18,23,radiant,%5BHyperX%5D%20Liquid%60BuLba,0,749933,750,0.000284076597656254,Pro,base1 radiant
1525333,20,22,radiant,%5BHyperX%5D%20Liquid%60BuLba,0,750800,751,0.000284455366453129,Pro,base1 radiant
1526333,23,21,radiant,%5BHyperX%5D%20Liquid%60BuLba,0,751800,752,0.000284834135250004,Pro,base1 radiant
1527466,26,19,radiant,%5BHyperX%5D%20Liquid%60BuLba,0,752933,753,0.000285212904046879,Pro,base1 radiant
1528533,29,18,radiant,%5BHyperX%5D%20Liquid%60BuLba,0,754000,754,0.000285591672843754,Pro,base1 radiant
1529266,31,17,radiant,%5BHyperX%5D%20Liquid%60BuLba,0,754733,755,0.000285970441640629,Pro,base1 radiant
1530533,34,15,radiant,%5BHyperX%5D%20Liquid%60BuLba,0,756000,756,0.000286349210437504,Pro,base1 radiant
1531400,37,15,radiant,%5BHyperX%5D%20Liquid%60BuLba,0,756867,757,0.000286727979234379,Pro,base1 radiant
1532400,40,14,radiant,%5BHyperX%5D%20Liquid%60BuLba,0,757867,758,0.000287106748031254,Pro,bottomlane radiant
1533400,43,14,radiant,%5BHyperX%5D%20Liquid%60BuLba,0,758867,759,0.000287485516828129,Pro,bottomlane radiant
1534400,46,13,radiant,%5BHyperX%5D%20Liquid%60BuLba,0,759867,760,0.000287864285625004,Pro,bottomlane radiant
1535400,49,12,radiant,%5BHyperX%5D%20Liquid%60BuLba,0,760867,761,0.00028824305442188,Pro,bottomlane radiant
1536400,52,12,radiant,%5BHyperX%5D%20Liquid%60BuLba,0,761867,762,0.000288621823218755,Pro,bottomlane radiant
1537400,55,12,radiant,%5BHyperX%5D%20Liquid%60BuLba,0,762867,763,0.00028900059201563,Pro,bottomlane radiant
1538400,58,12,radiant,%5BHyperX%5D%20Liquid%60BuLba,0,763867,764,0.000289379360812505,Pro,bottomlane radiant
1539266,60,14,radiant,%5BHyperX%5D%20Liquid%60BuLba,0,764733,765,0.00028975812960938,Pro,jungle radiant
1540400,63,15,radiant,%5BHyperX%5D%20Liquid%60BuLba,0,765867,766,0.000290136898406255,Pro,void radiant
1541533,66,17,radiant,%5BHyperX%5D%20Liquid%60BuLba,0,767000,767,0.00029051566720313,Pro,jungle radiant
1542533,68,19,radiant,%5BHyperX%5D%20Liquid%60BuLba,0,768000,768,0.000290894436000005,Pro,jungle radiant
1543533,71,20,radiant,%5BHyperX%5D%20Liquid%60BuLba,0,769000,769,0.00029127320479688,Pro,jungle radiant
1544200,73,21,radiant,%5BHyperX%5D%20Liquid%60BuLba,0,769667,770,0.000291651973593755,Pro,jungle radiant
1545466,76,23,radiant,%5BHyperX%5D%20Liquid%60BuLba,0,770933,771,0.00029203074239063,Pro,jungle radiant
1546333,76,26,radiant,%5BHyperX%5D%20Liquid%60BuLba,0,771800,772,0.000292409511187505,Pro,jungle radiant
1547000,76,28,radiant,%5BHyperX%5D%20Liquid%60BuLba,0,772467,773,0.00029278827998438,Pro,jungle radiant
1548000,78,28,radiant,%5BHyperX%5D%20Liquid%60BuLba,0,773467,774,0.000293167048781255,Pro,jungle radiant
1548000,78,28,radiant,%5BHyperX%5D%20Liquid%60BuLba,0,773467,775,0.00029354581757813,Pro,jungle radiant
1550266,75,28,radiant,%5BHyperX%5D%20Liquid%60BuLba,0,775733,776,0.000293924586375005,Pro,jungle radiant
1551266,72,29,radiant,%5BHyperX%5D%20Liquid%60BuLba,0,776733,777,0.00029430335517188,Pro,jungle radiant
1552400,70,32,radiant,%5BHyperX%5D%20Liquid%60BuLba,0,777867,778,0.000294682123968755,Pro,jungle radiant
1553466,69,35,radiant,%5BHyperX%5D%20Liquid%60BuLba,0,778933,779,0.00029506089276563,Pro,jungle radiant
1554466,67,37,radiant,%5BHyperX%5D%20Liquid%60BuLba,0,779933,780,0.000295439661562505,Pro,jungle radiant
1555266,65,39,radiant,%5BHyperX%5D%20Liquid%60BuLba,0,780733,781,0.00029581843035938,Pro,jungle radiant
1556400,62,40,radiant,%5BHyperX%5D%20Liquid%60BuLba,0,781867,782,0.000296197199156255,Pro,jungle radiant
1557400,60,43,radiant,%5BHyperX%5D%20Liquid%60BuLba,0,782867,783,0.00029657596795313,Pro,jungle radiant
1558333,59,47,radiant,%5BHyperX%5D%20Liquid%60BuLba,0,783800,784,0.000296954736750005,Pro,jungle radiant
1559533,56,50,radiant,%5BHyperX%5D%20Liquid%60BuLba,0,785000,785,0.00029733350554688,Pro,midlane radiant
1560133,56,51,radiant,%5BHyperX%5D%20Liquid%60BuLba,0,785600,786,0.000297712274343755,Pro,midlane radiant
1561333,56,52,radiant,%5BHyperX%5D%20Liquid%60BuLba,0,786800,787,0.00029809104314063,Pro,midlane radiant
1561666,56,53,radiant,%5BHyperX%5D%20Liquid%60BuLba,0,787133,788,0.000298469811937505,Pro,midlane radiant
1563266,56,53,radiant,%5BHyperX%5D%20Liquid%60BuLba,0,788733,789,0.00029884858073438,Pro,midlane radiant
1564200,55,55,radiant,%5BHyperX%5D%20Liquid%60BuLba,0,789667,790,0.000299227349531255,Pro,midlane radiant
1565000,53,56,radiant,%5BHyperX%5D%20Liquid%60BuLba,0,790467,791,0.00029960611832813,Pro,midlane radiant
1566400,55,58,radiant,%5BHyperX%5D%20Liquid%60BuLba,0,791867,792,0.000299984887125005,Pro,midlane radiant
1567400,57,60,radiant,%5BHyperX%5D%20Liquid%60BuLba,0,792867,793,0.00030036365592188,Pro,midlane radiant
1568333,59,60,radiant,%5BHyperX%5D%20Liquid%60BuLba,0,793800,794,0.000300742424718755,Pro,midlane radiant
1569266,59,58,radiant,%5BHyperX%5D%20Liquid%60BuLba,0,794733,795,0.00030112119351563,Pro,midlane radiant
1569733,60,57,radiant,%5BHyperX%5D%20Liquid%60BuLba,0,795200,796,0.000301499962312505,Pro,midlane radiant
1569733,60,57,radiant,%5BHyperX%5D%20Liquid%60BuLba,0,795200,797,0.00030187873110938,Pro,midlane radiant
1572333,59,57,radiant,%5BHyperX%5D%20Liquid%60BuLba,0,797800,798,0.000302257499906255,Pro,midlane radiant
1573400,57,55,radiant,%5BHyperX%5D%20Liquid%60BuLba,0,798867,799,0.00030263626870313,Pro,midlane radiant
1574533,54,54,radiant,%5BHyperX%5D%20Liquid%60BuLba,0,8e+05,800,0.000303015037500005,Pro,midlane radiant
1575400,53,52,radiant,%5BHyperX%5D%20Liquid%60BuLba,0,800867,801,0.00030339380629688,Pro,midlane radiant
1576466,56,51,radiant,%5BHyperX%5D%20Liquid%60BuLba,0,801933,802,0.000303772575093755,Pro,midlane radiant
1577466,58,49,radiant,%5BHyperX%5D%20Liquid%60BuLba,0,802933,803,0.00030415134389063,Pro,void radiant
1578333,59,47,radiant,%5BHyperX%5D%20Liquid%60BuLba,0,803800,804,0.000304530112687505,Pro,jungle radiant
1579533,57,44,radiant,%5BHyperX%5D%20Liquid%60BuLba,0,805000,805,0.00030490888148438,Pro,jungle radiant
1580533,55,42,radiant,%5BHyperX%5D%20Liquid%60BuLba,0,806000,806,0.000305287650281255,Pro,jungle radiant
1581266,54,41,radiant,%5BHyperX%5D%20Liquid%60BuLba,0,806733,807,0.00030566641907813,Pro,jungle radiant
1582200,52,40,radiant,%5BHyperX%5D%20Liquid%60BuLba,0,807667,808,0.000306045187875005,Pro,jungle radiant
1583533,51,42,radiant,%5BHyperX%5D%20Liquid%60BuLba,0,809000,809,0.00030642395667188,Pro,midlane radiant
1584000,52,42,radiant,%5BHyperX%5D%20Liquid%60BuLba,0,809467,810,0.000306802725468755,Pro,midlane radiant
1585333,48,34,radiant,%5BHyperX%5D%20Liquid%60BuLba,0,810800,811,0.00030718149426563,Pro,jungle radiant
1586466,46,32,radiant,%5BHyperX%5D%20Liquid%60BuLba,0,811933,812,0.000307560263062505,Pro,jungle radiant
1587466,43,32,radiant,%5BHyperX%5D%20Liquid%60BuLba,0,812933,813,0.00030793903185938,Pro,midlane radiant
1588466,40,32,radiant,%5BHyperX%5D%20Liquid%60BuLba,0,813933,814,0.000308317800656255,Pro,midlane radiant
1589400,40,31,radiant,%5BHyperX%5D%20Liquid%60BuLba,0,814867,815,0.00030869656945313,Pro,midlane radiant
1590400,37,31,radiant,%5BHyperX%5D%20Liquid%60BuLba,0,815867,816,0.000309075338250005,Pro,midlane radiant
1591466,34,30,radiant,%5BHyperX%5D%20Liquid%60BuLba,0,816933,817,0.00030945410704688,Pro,midlane radiant
1592266,32,28,radiant,%5BHyperX%5D%20Liquid%60BuLba,0,817733,818,0.000309832875843755,Pro,midlane radiant
1593533,29,26,radiant,%5BHyperX%5D%20Liquid%60BuLba,0,819000,819,0.00031021164464063,Pro,base1 radiant
1594533,28,23,radiant,%5BHyperX%5D%20Liquid%60BuLba,0,820000,820,0.000310590413437505,Pro,base1 radiant
1595533,26,21,radiant,%5BHyperX%5D%20Liquid%60BuLba,0,821000,821,0.00031096918223438,Pro,base1 radiant
1596400,24,19,radiant,%5BHyperX%5D%20Liquid%60BuLba,0,821867,822,0.000311347951031255,Pro,base1 radiant
1597400,22,17,radiant,%5BHyperX%5D%20Liquid%60BuLba,0,822867,823,0.00031172671982813,Pro,base1 radiant
1598466,19,15,radiant,%5BHyperX%5D%20Liquid%60BuLba,0,823933,824,0.000312105488625005,Pro,base1 radiant
1599533,16,13,radiant,%5BHyperX%5D%20Liquid%60BuLba,0,825000,825,0.00031248425742188,Pro,base1 radiant
1600333,14,12,radiant,%5BHyperX%5D%20Liquid%60BuLba,0,825800,826,0.000312863026218755,Pro,base1 radiant
1601533,11,10,radiant,%5BHyperX%5D%20Liquid%60BuLba,0,827000,827,0.00031324179501563,Pro,base1 radiant
1601533,11,10,radiant,%5BHyperX%5D%20Liquid%60BuLba,0,827000,828,0.000313620563812505,Pro,base1 radiant
1603266,12,11,radiant,%5BHyperX%5D%20Liquid%60BuLba,0,828733,829,0.00031399933260938,Pro,base1 radiant
1604533,15,13,radiant,%5BHyperX%5D%20Liquid%60BuLba,0,830000,830,0.000314378101406255,Pro,base1 radiant
1605200,17,14,radiant,%5BHyperX%5D%20Liquid%60BuLba,0,830667,831,0.00031475687020313,Pro,base1 radiant
1606400,20,16,radiant,%5BHyperX%5D%20Liquid%60BuLba,0,831867,832,0.000315135639000005,Pro,base1 radiant
1607533,29,23,radiant,%5BHyperX%5D%20Liquid%60BuLba,0,833000,833,0.00031551440779688,Pro,base1 radiant
1608333,30,25,radiant,%5BHyperX%5D%20Liquid%60BuLba,0,833800,834,0.000315893176593755,Pro,base1 radiant
1609400,31,28,radiant,%5BHyperX%5D%20Liquid%60BuLba,0,834867,835,0.00031627194539063,Pro,base1 radiant
1610266,34,28,radiant,%5BHyperX%5D%20Liquid%60BuLba,0,835733,836,0.000316650714187505,Pro,midlane radiant
1611266,37,28,radiant,%5BHyperX%5D%20Liquid%60BuLba,0,836733,837,0.00031702948298438,Pro,midlane radiant
1612400,40,29,radiant,%5BHyperX%5D%20Liquid%60BuLba,0,837867,838,0.000317408251781255,Pro,midlane radiant
1613133,42,30,radiant,%5BHyperX%5D%20Liquid%60BuLba,0,838600,839,0.00031778702057813,Pro,midlane radiant
1614400,45,31,radiant,%5BHyperX%5D%20Liquid%60BuLba,0,839867,840,0.000318165789375005,Pro,jungle radiant
1615333,48,32,radiant,%5BHyperX%5D%20Liquid%60BuLba,0,840800,841,0.00031854455817188,Pro,jungle radiant
1616400,51,32,radiant,%5BHyperX%5D%20Liquid%60BuLba,0,841867,842,0.000318923326968755,Pro,jungle radiant
1617400,54,32,radiant,%5BHyperX%5D%20Liquid%60BuLba,0,842867,843,0.00031930209576563,Pro,jungle radiant
1618466,54,35,radiant,%5BHyperX%5D%20Liquid%60BuLba,0,843933,844,0.000319680864562505,Pro,jungle radiant
1619266,54,37,radiant,%5BHyperX%5D%20Liquid%60BuLba,0,844733,845,0.00032005963335938,Pro,jungle radiant
1620400,52,40,radiant,%5BHyperX%5D%20Liquid%60BuLba,0,845867,846,0.000320438402156255,Pro,jungle radiant
1621266,54,42,radiant,%5BHyperX%5D%20Liquid%60BuLba,0,846733,847,0.00032081717095313,Pro,jungle radiant
1622466,58,42,radiant,%5BHyperX%5D%20Liquid%60BuLba,0,847933,848,0.000321195939750005,Pro,jungle radiant
1623333,61,41,radiant,%5BHyperX%5D%20Liquid%60BuLba,0,848800,849,0.00032157470854688,Pro,jungle radiant
1624533,65,39,radiant,%5BHyperX%5D%20Liquid%60BuLba,0,850000,850,0.000321953477343755,Pro,jungle radiant
1625533,68,37,radiant,%5BHyperX%5D%20Liquid%60BuLba,0,851000,851,0.00032233224614063,Pro,jungle radiant
1626400,69,35,radiant,%5BHyperX%5D%20Liquid%60BuLba,0,851867,852,0.000322711014937505,Pro,jungle radiant
1627533,70,31,radiant,%5BHyperX%5D%20Liquid%60BuLba,0,853000,853,0.00032308978373438,Pro,jungle radiant
1628466,72,29,radiant,%5BHyperX%5D%20Liquid%60BuLba,0,853933,854,0.000323468552531255,Pro,jungle radiant
1629333,75,29,radiant,%5BHyperX%5D%20Liquid%60BuLba,0,854800,855,0.00032384732132813,Pro,jungle radiant
1630466,79,28,radiant,%5BHyperX%5D%20Liquid%60BuLba,0,855933,856,0.000324226090125005,Pro,jungle radiant
1631266,82,29,radiant,%5BHyperX%5D%20Liquid%60BuLba,0,856733,857,0.00032460485892188,Pro,jungle radiant
1632400,86,29,radiant,%5BHyperX%5D%20Liquid%60BuLba,0,857867,858,0.000324983627718755,Pro,jungle radiant
1633466,87,29,radiant,%5BHyperX%5D%20Liquid%60BuLba,0,858933,859,0.00032536239651563,Pro,jungle radiant
1634333,84,30,radiant,%5BHyperX%5D%20Liquid%60BuLba,0,859800,860,0.000325741165312505,Pro,jungle radiant
1635533,82,34,radiant,%5BHyperX%5D%20Liquid%60BuLba,0,861000,861,0.00032611993410938,Pro,jungle radiant
1636333,82,37,radiant,%5BHyperX%5D%20Liquid%60BuLba,0,861800,862,0.000326498702906255,Pro,void radiant
1637466,82,41,radiant,%5BHyperX%5D%20Liquid%60BuLba,0,862933,863,0.00032687747170313,Pro,river
1638333,83,44,radiant,%5BHyperX%5D%20Liquid%60BuLba,0,863800,864,0.000327256240500005,Pro,river
1639466,83,48,radiant,%5BHyperX%5D%20Liquid%60BuLba,0,864933,865,0.00032763500929688,Pro,jungle dire
1640000,82,50,radiant,%5BHyperX%5D%20Liquid%60BuLba,0,865467,866,0.000328013778093755,Pro,jungle dire
1640000,82,50,radiant,%5BHyperX%5D%20Liquid%60BuLba,0,865467,867,0.00032839254689063,Pro,jungle dire
1640000,82,50,radiant,%5BHyperX%5D%20Liquid%60BuLba,0,865467,868,0.000328771315687505,Pro,jungle dire
1640000,82,50,radiant,%5BHyperX%5D%20Liquid%60BuLba,0,865467,869,0.00032915008448438,Pro,jungle dire
1644266,85,49,radiant,%5BHyperX%5D%20Liquid%60BuLba,0,869733,870,0.000329528853281255,Pro,jungle dire
1645266,83,48,radiant,%5BHyperX%5D%20Liquid%60BuLba,0,870733,871,0.00032990762207813,Pro,jungle dire
1646133,81,50,radiant,%5BHyperX%5D%20Liquid%60BuLba,0,871600,872,0.000330286390875005,Pro,jungle dire
1646133,81,50,radiant,%5BHyperX%5D%20Liquid%60BuLba,0,871600,873,0.00033066515967188,Pro,jungle dire
1648400,80,52,radiant,%5BHyperX%5D%20Liquid%60BuLba,0,873867,874,0.000331043928468755,Pro,jungle dire
1649333,79,54,radiant,%5BHyperX%5D%20Liquid%60BuLba,0,874800,875,0.00033142269726563,Pro,jungle dire
1650333,79,57,radiant,%5BHyperX%5D%20Liquid%60BuLba,0,875800,876,0.000331801466062505,Pro,jungle dire
1651466,78,60,radiant,%5BHyperX%5D%20Liquid%60BuLba,0,876933,877,0.00033218023485938,Pro,jungle dire
1651933,74,68,radiant,%5BHyperX%5D%20Liquid%60BuLba,0,877400,878,0.000332559003656255,Pro,midlane dire
1652800,75,68,radiant,%5BHyperX%5D%20Liquid%60BuLba,0,878267,879,0.00033293777245313,Pro,midlane dire
1653666,76,68,radiant,%5BHyperX%5D%20Liquid%60BuLba,0,879133,880,0.000333316541250005,Pro,midlane dire
1655533,75,67,radiant,%5BHyperX%5D%20Liquid%60BuLba,0,881000,881,0.00033369531004688,Pro,midlane dire
1656266,73,66,radiant,%5BHyperX%5D%20Liquid%60BuLba,0,881733,882,0.000334074078843755,Pro,midlane dire
1657400,70,65,radiant,%5BHyperX%5D%20Liquid%60BuLba,0,882867,883,0.00033445284764063,Pro,midlane dire
1658333,68,64,radiant,%5BHyperX%5D%20Liquid%60BuLba,0,883800,884,0.000334831616437505,Pro,midlane dire
1659200,66,64,radiant,%5BHyperX%5D%20Liquid%60BuLba,0,884667,885,0.00033521038523438,Pro,midlane dire
1660333,63,63,radiant,%5BHyperX%5D%20Liquid%60BuLba,0,885800,886,0.000335589154031255,Pro,midlane dire
1661533,60,62,radiant,%5BHyperX%5D%20Liquid%60BuLba,0,887000,887,0.00033596792282813,Pro,midlane dire
1662400,61,62,radiant,%5BHyperX%5D%20Liquid%60BuLba,0,887867,888,0.000336346691625005,Pro,midlane dire
1663533,64,63,radiant,%5BHyperX%5D%20Liquid%60BuLba,0,889000,889,0.00033672546042188,Pro,midlane dire
1664466,62,62,radiant,%5BHyperX%5D%20Liquid%60BuLba,0,889933,890,0.000337104229218755,Pro,midlane dire
1665333,60,61,radiant,%5BHyperX%5D%20Liquid%60BuLba,0,890800,891,0.00033748299801563,Pro,midlane dire
1666466,57,60,radiant,%5BHyperX%5D%20Liquid%60BuLba,0,891933,892,0.000337861766812505,Pro,midlane radiant
1667466,56,57,radiant,%5BHyperX%5D%20Liquid%60BuLba,0,892933,893,0.00033824053560938,Pro,midlane radiant
1668400,56,55,radiant,%5BHyperX%5D%20Liquid%60BuLba,0,893867,894,0.000338619304406255,Pro,midlane radiant
1669400,57,52,radiant,%5BHyperX%5D%20Liquid%60BuLba,0,894867,895,0.00033899807320313,Pro,midlane radiant
1670200,58,50,radiant,%5BHyperX%5D%20Liquid%60BuLba,0,895667,896,0.000339376842000005,Pro,void radiant
1671400,59,47,radiant,%5BHyperX%5D%20Liquid%60BuLba,0,896867,897,0.00033975561079688,Pro,jungle radiant
1672466,59,44,radiant,%5BHyperX%5D%20Liquid%60BuLba,0,897933,898,0.000340134379593755,Pro,jungle radiant
1673533,60,41,radiant,%5BHyperX%5D%20Liquid%60BuLba,0,899000,899,0.00034051314839063,Pro,jungle radiant
1674333,60,39,radiant,%5BHyperX%5D%20Liquid%60BuLba,0,899800,900,0.000340891917187505,Pro,jungle radiant
1675066,60,37,radiant,%5BHyperX%5D%20Liquid%60BuLba,0,900533,901,0.00034127068598438,Pro,jungle radiant
1675066,60,37,radiant,%5BHyperX%5D%20Liquid%60BuLba,0,900533,902,0.000341649454781255,Pro,jungle radiant
1677133,61,37,radiant,%5BHyperX%5D%20Liquid%60BuLba,0,902600,903,0.00034202822357813,Pro,jungle radiant
1677133,61,37,radiant,%5BHyperX%5D%20Liquid%60BuLba,0,902600,904,0.000342406992375005,Pro,jungle radiant
1677133,61,37,radiant,%5BHyperX%5D%20Liquid%60BuLba,0,902600,905,0.00034278576117188,Pro,jungle radiant
1680133,61,37,radiant,%5BHyperX%5D%20Liquid%60BuLba,0,905600,906,0.000343164529968755,Pro,jungle radiant
1680133,61,37,radiant,%5BHyperX%5D%20Liquid%60BuLba,0,905600,907,0.00034354329876563,Pro,jungle radiant
1680133,61,37,radiant,%5BHyperX%5D%20Liquid%60BuLba,0,905600,908,0.000343922067562505,Pro,jungle radiant
1680133,61,37,radiant,%5BHyperX%5D%20Liquid%60BuLba,0,905600,909,0.00034430083635938,Pro,jungle radiant
1680133,61,37,radiant,%5BHyperX%5D%20Liquid%60BuLba,0,905600,910,0.000344679605156255,Pro,jungle radiant
1680133,61,37,radiant,%5BHyperX%5D%20Liquid%60BuLba,0,905600,911,0.00034505837395313,Pro,jungle radiant
1680133,61,37,radiant,%5BHyperX%5D%20Liquid%60BuLba,0,905600,912,0.000345437142750005,Pro,jungle radiant
1680133,61,37,radiant,%5BHyperX%5D%20Liquid%60BuLba,0,905600,913,0.00034581591154688,Pro,jungle radiant
1680133,61,37,radiant,%5BHyperX%5D%20Liquid%60BuLba,0,905600,914,0.000346194680343755,Pro,jungle radiant
1680133,61,37,radiant,%5BHyperX%5D%20Liquid%60BuLba,0,905600,915,0.00034657344914063,Pro,jungle radiant
1680133,61,37,radiant,%5BHyperX%5D%20Liquid%60BuLba,0,905600,916,0.000346952217937505,Pro,jungle radiant
1680133,61,37,radiant,%5BHyperX%5D%20Liquid%60BuLba,0,905600,917,0.00034733098673438,Pro,jungle radiant
1680133,61,37,radiant,%5BHyperX%5D%20Liquid%60BuLba,0,905600,918,0.000347709755531255,Pro,jungle radiant
1692933,19,71,radiant,%5BHyperX%5D%20Liquid%60BuLba,0,918400,919,0.00034808852432813,Pro,toplane radiant
1694400,17,73,radiant,%5BHyperX%5D%20Liquid%60BuLba,0,919867,920,0.000348467293125005,Pro,toplane radiant
1694400,17,73,radiant,%5BHyperX%5D%20Liquid%60BuLba,0,919867,921,0.00034884606192188,Pro,toplane radiant
1694400,17,73,radiant,%5BHyperX%5D%20Liquid%60BuLba,0,919867,922,0.000349224830718755,Pro,toplane radiant
1697333,17,74,radiant,%5BHyperX%5D%20Liquid%60BuLba,0,922800,923,0.00034960359951563,Pro,toplane radiant
1698000,15,83,radiant,%5BHyperX%5D%20Liquid%60BuLba,0,923467,924,0.000349982368312505,Pro,toplane dire
1698866,14,83,radiant,%5BHyperX%5D%20Liquid%60BuLba,0,924333,925,0.00035036113710938,Pro,toplane dire
1698866,14,83,radiant,%5BHyperX%5D%20Liquid%60BuLba,0,924333,926,0.000350739905906255,Pro,toplane dire
1698866,14,83,radiant,%5BHyperX%5D%20Liquid%60BuLba,0,924333,927,0.00035111867470313,Pro,toplane dire
1702533,14,83,radiant,%5BHyperX%5D%20Liquid%60BuLba,0,928000,928,0.000351497443500005,Pro,toplane dire
1702533,14,83,radiant,%5BHyperX%5D%20Liquid%60BuLba,0,928000,929,0.00035187621229688,Pro,toplane dire
1702533,14,83,radiant,%5BHyperX%5D%20Liquid%60BuLba,0,928000,930,0.000352254981093755,Pro,toplane dire
1702533,14,83,radiant,%5BHyperX%5D%20Liquid%60BuLba,0,928000,931,0.000352633749890631,Pro,toplane dire
1702533,14,83,radiant,%5BHyperX%5D%20Liquid%60BuLba,0,928000,932,0.000353012518687506,Pro,toplane dire
1702533,14,83,radiant,%5BHyperX%5D%20Liquid%60BuLba,0,928000,933,0.000353391287484381,Pro,toplane dire
1702533,14,83,radiant,%5BHyperX%5D%20Liquid%60BuLba,0,928000,934,0.000353770056281256,Pro,toplane dire
1702533,14,83,radiant,%5BHyperX%5D%20Liquid%60BuLba,0,928000,935,0.000354148825078131,Pro,toplane dire
1702533,14,83,radiant,%5BHyperX%5D%20Liquid%60BuLba,0,928000,936,0.000354527593875006,Pro,toplane dire
1702533,14,83,radiant,%5BHyperX%5D%20Liquid%60BuLba,0,928000,937,0.000354906362671881,Pro,toplane dire
1702533,14,83,radiant,%5BHyperX%5D%20Liquid%60BuLba,0,928000,938,0.000355285131468756,Pro,toplane dire
1702533,14,83,radiant,%5BHyperX%5D%20Liquid%60BuLba,0,928000,939,0.000355663900265631,Pro,toplane dire
1702533,14,83,radiant,%5BHyperX%5D%20Liquid%60BuLba,0,928000,940,0.000356042669062506,Pro,toplane dire
1702533,14,83,radiant,%5BHyperX%5D%20Liquid%60BuLba,0,928000,941,0.000356421437859381,Pro,toplane dire
1702533,14,83,radiant,%5BHyperX%5D%20Liquid%60BuLba,0,928000,942,0.000356800206656256,Pro,toplane dire
1702533,14,83,radiant,%5BHyperX%5D%20Liquid%60BuLba,0,928000,943,0.000357178975453131,Pro,toplane dire
1702533,14,83,radiant,%5BHyperX%5D%20Liquid%60BuLba,0,928000,944,0.000357557744250006,Pro,toplane dire
1702533,14,83,radiant,%5BHyperX%5D%20Liquid%60BuLba,0,928000,945,0.000357936513046881,Pro,toplane dire
1702533,14,83,radiant,%5BHyperX%5D%20Liquid%60BuLba,0,928000,946,0.000358315281843756,Pro,toplane dire
1702533,14,83,radiant,%5BHyperX%5D%20Liquid%60BuLba,0,928000,947,0.000358694050640631,Pro,toplane dire
1702533,14,83,radiant,%5BHyperX%5D%20Liquid%60BuLba,0,928000,948,0.000359072819437506,Pro,toplane dire
1702533,14,83,radiant,%5BHyperX%5D%20Liquid%60BuLba,0,928000,949,0.000359451588234381,Pro,toplane dire
1702533,14,83,radiant,%5BHyperX%5D%20Liquid%60BuLba,0,928000,950,0.000359830357031256,Pro,toplane dire
1702533,14,83,radiant,%5BHyperX%5D%20Liquid%60BuLba,0,928000,951,0.000360209125828131,Pro,toplane dire
1702533,14,83,radiant,%5BHyperX%5D%20Liquid%60BuLba,0,928000,952,0.000360587894625006,Pro,toplane dire
1702533,14,83,radiant,%5BHyperX%5D%20Liquid%60BuLba,0,928000,953,0.000360966663421881,Pro,toplane dire
1702533,14,83,radiant,%5BHyperX%5D%20Liquid%60BuLba,0,928000,954,0.000361345432218756,Pro,toplane dire
1702533,14,83,radiant,%5BHyperX%5D%20Liquid%60BuLba,0,928000,955,0.000361724201015631,Pro,toplane dire
1702533,14,83,radiant,%5BHyperX%5D%20Liquid%60BuLba,0,928000,956,0.000362102969812506,Pro,toplane dire
1702533,14,83,radiant,%5BHyperX%5D%20Liquid%60BuLba,0,928000,957,0.000362481738609381,Pro,toplane dire
1702533,14,83,radiant,%5BHyperX%5D%20Liquid%60BuLba,0,928000,958,0.000362860507406256,Pro,toplane dire
1702533,14,83,radiant,%5BHyperX%5D%20Liquid%60BuLba,0,928000,959,0.000363239276203131,Pro,toplane dire
1702533,14,83,radiant,%5BHyperX%5D%20Liquid%60BuLba,0,928000,960,0.000363618045000006,Pro,toplane dire
1702533,14,83,radiant,%5BHyperX%5D%20Liquid%60BuLba,0,928000,961,0.000363996813796881,Pro,toplane dire
1702533,14,83,radiant,%5BHyperX%5D%20Liquid%60BuLba,0,928000,962,0.000364375582593756,Pro,toplane dire
1702533,14,83,radiant,%5BHyperX%5D%20Liquid%60BuLba,0,928000,963,0.000364754351390631,Pro,toplane dire
1702533,14,83,radiant,%5BHyperX%5D%20Liquid%60BuLba,0,928000,964,0.000365133120187506,Pro,toplane dire
1702533,14,83,radiant,%5BHyperX%5D%20Liquid%60BuLba,0,928000,965,0.000365511888984381,Pro,toplane dire
1740133,14,83,radiant,%5BHyperX%5D%20Liquid%60BuLba,0,965600,966,0.000365890657781256,Pro,toplane dire
1740133,14,83,radiant,%5BHyperX%5D%20Liquid%60BuLba,0,965600,967,0.000366269426578131,Pro,toplane dire
1740133,14,83,radiant,%5BHyperX%5D%20Liquid%60BuLba,0,965600,968,0.000366648195375006,Pro,toplane dire
1740133,14,83,radiant,%5BHyperX%5D%20Liquid%60BuLba,0,965600,969,0.000367026964171881,Pro,toplane dire
1740133,14,83,radiant,%5BHyperX%5D%20Liquid%60BuLba,0,965600,970,0.000367405732968756,Pro,toplane dire
1740133,14,83,radiant,%5BHyperX%5D%20Liquid%60BuLba,0,965600,971,0.000367784501765631,Pro,toplane dire
1740133,14,83,radiant,%5BHyperX%5D%20Liquid%60BuLba,0,965600,972,0.000368163270562506,Pro,toplane dire
1746866,8,6,radiant,%5BHyperX%5D%20Liquid%60BuLba,0,972333,973,0.000368542039359381,Pro,base1 radiant
1748466,8,7,radiant,%5BHyperX%5D%20Liquid%60BuLba,0,973933,974,0.000368920808156256,Pro,base1 radiant
1749533,10,9,radiant,%5BHyperX%5D%20Liquid%60BuLba,0,975000,975,0.000369299576953131,Pro,base1 radiant
1750333,12,10,radiant,%5BHyperX%5D%20Liquid%60BuLba,0,975800,976,0.000369678345750006,Pro,base1 radiant
1751400,21,15,radiant,%5BHyperX%5D%20Liquid%60BuLba,0,976867,977,0.000370057114546881,Pro,base1 radiant
1752400,24,16,radiant,%5BHyperX%5D%20Liquid%60BuLba,0,977867,978,0.000370435883343756,Pro,base1 radiant
1753333,26,18,radiant,%5BHyperX%5D%20Liquid%60BuLba,0,978800,979,0.000370814652140631,Pro,base1 radiant
1754266,28,20,radiant,%5BHyperX%5D%20Liquid%60BuLba,0,979733,980,0.000371193420937506,Pro,base1 radiant
1755333,29,23,radiant,%5BHyperX%5D%20Liquid%60BuLba,0,980800,981,0.000371572189734381,Pro,base1 radiant
1756533,31,26,radiant,%5BHyperX%5D%20Liquid%60BuLba,0,982000,982,0.000371950958531256,Pro,base1 radiant
1757266,32,28,radiant,%5BHyperX%5D%20Liquid%60BuLba,0,982733,983,0.000372329727328131,Pro,midlane radiant
1758533,35,30,radiant,%5BHyperX%5D%20Liquid%60BuLba,0,984000,984,0.000372708496125006,Pro,midlane radiant
1759266,37,31,radiant,%5BHyperX%5D%20Liquid%60BuLba,0,984733,985,0.000373087264921881,Pro,midlane radiant
1760266,40,31,radiant,%5BHyperX%5D%20Liquid%60BuLba,0,985733,986,0.000373466033718756,Pro,midlane radiant
1761266,43,31,radiant,%5BHyperX%5D%20Liquid%60BuLba,0,986733,987,0.000373844802515631,Pro,midlane radiant
1762266,46,31,radiant,%5BHyperX%5D%20Liquid%60BuLba,0,987733,988,0.000374223571312506,Pro,jungle radiant
1763400,49,30,radiant,%5BHyperX%5D%20Liquid%60BuLba,0,988867,989,0.000374602340109381,Pro,jungle radiant
1764533,52,29,radiant,%5BHyperX%5D%20Liquid%60BuLba,0,990000,990,0.000374981108906256,Pro,jungle radiant
1765533,64,27,radiant,%5BHyperX%5D%20Liquid%60BuLba,0,991000,991,0.000375359877703131,Pro,jungle radiant
1766533,67,27,radiant,%5BHyperX%5D%20Liquid%60BuLba,0,992000,992,0.000375738646500006,Pro,jungle radiant
1767533,70,28,radiant,%5BHyperX%5D%20Liquid%60BuLba,0,993000,993,0.000376117415296881,Pro,jungle radiant
1768466,73,28,radiant,%5BHyperX%5D%20Liquid%60BuLba,0,993933,994,0.000376496184093756,Pro,jungle radiant
1769466,76,28,radiant,%5BHyperX%5D%20Liquid%60BuLba,0,994933,995,0.000376874952890631,Pro,jungle radiant
1770466,79,28,radiant,%5BHyperX%5D%20Liquid%60BuLba,0,995933,996,0.000377253721687506,Pro,jungle radiant
1771466,82,28,radiant,%5BHyperX%5D%20Liquid%60BuLba,0,996933,997,0.000377632490484381,Pro,jungle radiant
1772466,85,28,radiant,%5BHyperX%5D%20Liquid%60BuLba,0,997933,998,0.000378011259281256,Pro,jungle radiant
1773400,88,29,radiant,%5BHyperX%5D%20Liquid%60BuLba,0,998867,999,0.000378390028078131,Pro,jungle radiant
1774466,91,29,radiant,%5BHyperX%5D%20Liquid%60BuLba,0,999933,1000,0.000378768796875006,Pro,jungle radiant
1775466,94,30,radiant,%5BHyperX%5D%20Liquid%60BuLba,0,1000933,1001,0.000379147565671881,Pro,jungle radiant
1776533,96,28,radiant,%5BHyperX%5D%20Liquid%60BuLba,0,1002000,1002,0.000379526334468756,Pro,jungle radiant
1777533,97,25,radiant,%5BHyperX%5D%20Liquid%60BuLba,0,1003000,1003,0.000379905103265631,Pro,jungle radiant
1778533,97,22,radiant,%5BHyperX%5D%20Liquid%60BuLba,0,1004000,1004,0.000380283872062506,Pro,jungle radiant
1779266,97,20,radiant,%5BHyperX%5D%20Liquid%60BuLba,0,1004733,1005,0.000380662640859381,Pro,jungle radiant
1780266,96,17,radiant,%5BHyperX%5D%20Liquid%60BuLba,0,1005733,1006,0.000381041409656256,Pro,jungle radiant
1781533,96,17,radiant,%5BHyperX%5D%20Liquid%60BuLba,0,1007000,1007,0.000381420178453131,Pro,jungle radiant
1781666,97,17,radiant,%5BHyperX%5D%20Liquid%60BuLba,0,1007133,1008,0.000381798947250006,Pro,jungle radiant
1781666,97,17,radiant,%5BHyperX%5D%20Liquid%60BuLba,0,1007133,1009,0.000382177716046881,Pro,jungle radiant
1784333,96,17,radiant,%5BHyperX%5D%20Liquid%60BuLba,0,1009800,1010,0.000382556484843756,Pro,jungle radiant
1784666,96,18,radiant,%5BHyperX%5D%20Liquid%60BuLba,0,1010133,1011,0.000382935253640631,Pro,jungle radiant
1786400,97,19,radiant,%5BHyperX%5D%20Liquid%60BuLba,0,1011867,1012,0.000383314022437506,Pro,jungle radiant
1786800,97,20,radiant,%5BHyperX%5D%20Liquid%60BuLba,0,1012267,1013,0.000383692791234381,Pro,jungle radiant
1788266,94,20,radiant,%5BHyperX%5D%20Liquid%60BuLba,0,1013733,1014,0.000384071560031256,Pro,jungle radiant
1789333,91,21,radiant,%5BHyperX%5D%20Liquid%60BuLba,0,1014800,1015,0.000384450328828131,Pro,jungle radiant
1790400,88,22,radiant,%5BHyperX%5D%20Liquid%60BuLba,0,1015867,1016,0.000384829097625006,Pro,jungle radiant
1790666,88,23,radiant,%5BHyperX%5D%20Liquid%60BuLba,0,1016133,1017,0.000385207866421881,Pro,jungle radiant
1792400,86,22,radiant,%5BHyperX%5D%20Liquid%60BuLba,0,1017867,1018,0.000385586635218756,Pro,jungle radiant
1793200,87,20,radiant,%5BHyperX%5D%20Liquid%60BuLba,0,1018667,1019,0.000385965404015631,Pro,jungle radiant
1794400,89,18,radiant,%5BHyperX%5D%20Liquid%60BuLba,0,1019867,1020,0.000386344172812506,Pro,jungle radiant
1795466,91,16,radiant,%5BHyperX%5D%20Liquid%60BuLba,0,1020933,1021,0.000386722941609381,Pro,jungle radiant
1796466,93,14,radiant,%5BHyperX%5D%20Liquid%60BuLba,0,1021933,1022,0.000387101710406256,Pro,bottomlane radiant
1797400,95,13,radiant,%5BHyperX%5D%20Liquid%60BuLba,0,1022867,1023,0.000387480479203131,Pro,bottomlane radiant
1798466,97,14,radiant,%5BHyperX%5D%20Liquid%60BuLba,0,1023933,1024,0.000387859248000006,Pro,bottomlane radiant
1799400,96,16,radiant,%5BHyperX%5D%20Liquid%60BuLba,0,1024867,1025,0.000388238016796881,Pro,jungle radiant
1800466,96,19,radiant,%5BHyperX%5D%20Liquid%60BuLba,0,1025933,1026,0.000388616785593756,Pro,jungle radiant
1801533,96,22,radiant,%5BHyperX%5D%20Liquid%60BuLba,0,1027000,1027,0.000388995554390631,Pro,jungle radiant
1802266,97,24,radiant,%5BHyperX%5D%20Liquid%60BuLba,0,1027733,1028,0.000389374323187506,Pro,jungle radiant
1803333,97,27,radiant,%5BHyperX%5D%20Liquid%60BuLba,0,1028800,1029,0.000389753091984381,Pro,jungle radiant
1804333,95,29,radiant,%5BHyperX%5D%20Liquid%60BuLba,0,1029800,1030,0.000390131860781256,Pro,jungle radiant
1805333,92,30,radiant,%5BHyperX%5D%20Liquid%60BuLba,0,1030800,1031,0.000390510629578131,Pro,jungle radiant
1806466,90,32,radiant,%5BHyperX%5D%20Liquid%60BuLba,0,1031933,1032,0.000390889398375006,Pro,jungle radiant
1806866,89,33,radiant,%5BHyperX%5D%20Liquid%60BuLba,0,1032333,1033,0.000391268167171881,Pro,jungle radiant
1808533,88,33,radiant,%5BHyperX%5D%20Liquid%60BuLba,0,1034000,1034,0.000391646935968756,Pro,jungle radiant
1809466,87,32,radiant,%5BHyperX%5D%20Liquid%60BuLba,0,1034933,1035,0.000392025704765631,Pro,jungle radiant
1810466,85,30,radiant,%5BHyperX%5D%20Liquid%60BuLba,0,1035933,1036,0.000392404473562506,Pro,jungle radiant
1811200,83,31,radiant,%5BHyperX%5D%20Liquid%60BuLba,0,1036667,1037,0.000392783242359381,Pro,jungle radiant
1812400,82,34,radiant,%5BHyperX%5D%20Liquid%60BuLba,0,1037867,1038,0.000393162011156256,Pro,jungle radiant
1813533,82,37,radiant,%5BHyperX%5D%20Liquid%60BuLba,0,1039000,1039,0.000393540779953131,Pro,void radiant
1814200,82,39,radiant,%5BHyperX%5D%20Liquid%60BuLba,0,1039667,1040,0.000393919548750006,Pro,river
1815333,83,41,radiant,%5BHyperX%5D%20Liquid%60BuLba,0,1040800,1041,0.000394298317546881,Pro,river
1816466,82,39,radiant,%5BHyperX%5D%20Liquid%60BuLba,0,1041933,1042,0.000394677086343756,Pro,river
1817333,82,38,radiant,%5BHyperX%5D%20Liquid%60BuLba,0,1042800,1043,0.000395055855140631,Pro,void radiant
1818400,82,35,radiant,%5BHyperX%5D%20Liquid%60BuLba,0,1043867,1044,0.000395434623937506,Pro,jungle radiant
1819533,83,32,radiant,%5BHyperX%5D%20Liquid%60BuLba,0,1045000,1045,0.000395813392734381,Pro,jungle radiant
1820466,84,30,radiant,%5BHyperX%5D%20Liquid%60BuLba,0,1045933,1046,0.000396192161531256,Pro,jungle radiant
1821533,87,31,radiant,%5BHyperX%5D%20Liquid%60BuLba,0,1047000,1047,0.000396570930328131,Pro,jungle radiant
1822200,88,32,radiant,%5BHyperX%5D%20Liquid%60BuLba,0,1047667,1048,0.000396949699125006,Pro,jungle radiant
1823000,88,33,radiant,%5BHyperX%5D%20Liquid%60BuLba,0,1048467,1049,0.000397328467921881,Pro,jungle radiant
1824466,88,32,radiant,%5BHyperX%5D%20Liquid%60BuLba,0,1049933,1050,0.000397707236718756,Pro,jungle radiant
1824466,88,32,radiant,%5BHyperX%5D%20Liquid%60BuLba,0,1049933,1051,0.000398086005515631,Pro,jungle radiant
1826400,86,30,radiant,%5BHyperX%5D%20Liquid%60BuLba,0,1051867,1052,0.000398464774312506,Pro,jungle radiant
1827266,84,29,radiant,%5BHyperX%5D%20Liquid%60BuLba,0,1052733,1053,0.000398843543109381,Pro,jungle radiant
1828400,81,28,radiant,%5BHyperX%5D%20Liquid%60BuLba,0,1053867,1054,0.000399222311906256,Pro,jungle radiant
1829266,79,27,radiant,%5BHyperX%5D%20Liquid%60BuLba,0,1054733,1055,0.000399601080703131,Pro,jungle radiant
1830533,77,25,radiant,%5BHyperX%5D%20Liquid%60BuLba,0,1056000,1056,0.000399979849500006,Pro,jungle radiant
1831466,78,23,radiant,%5BHyperX%5D%20Liquid%60BuLba,0,1056933,1057,0.000400358618296881,Pro,jungle radiant
1832266,80,22,radiant,%5BHyperX%5D%20Liquid%60BuLba,0,1057733,1058,0.000400737387093756,Pro,jungle radiant
1833400,83,21,radiant,%5BHyperX%5D%20Liquid%60BuLba,0,1058867,1059,0.000401116155890631,Pro,jungle radiant
1834533,86,20,radiant,%5BHyperX%5D%20Liquid%60BuLba,0,1060000,1060,0.000401494924687506,Pro,jungle radiant
1835333,88,19,radiant,%5BHyperX%5D%20Liquid%60BuLba,0,1060800,1061,0.000401873693484381,Pro,jungle radiant
1836466,85,20,radiant,%5BHyperX%5D%20Liquid%60BuLba,0,1061933,1062,0.000402252462281256,Pro,jungle radiant
1836866,84,20,radiant,%5BHyperX%5D%20Liquid%60BuLba,0,1062333,1063,0.000402631231078131,Pro,jungle radiant
1838333,84,20,radiant,%5BHyperX%5D%20Liquid%60BuLba,0,1063800,1064,0.000403009999875006,Pro,jungle radiant
1839400,87,19,radiant,%5BHyperX%5D%20Liquid%60BuLba,0,1064867,1065,0.000403388768671881,Pro,jungle radiant
1840533,90,18,radiant,%5BHyperX%5D%20Liquid%60BuLba,0,1066000,1066,0.000403767537468756,Pro,jungle radiant
1840533,90,18,radiant,%5BHyperX%5D%20Liquid%60BuLba,0,1066000,1067,0.000404146306265631,Pro,jungle radiant
1842533,91,17,radiant,%5BHyperX%5D%20Liquid%60BuLba,0,1068000,1068,0.000404525075062506,Pro,jungle radiant
1843266,91,15,radiant,%5BHyperX%5D%20Liquid%60BuLba,0,1068733,1069,0.000404903843859381,Pro,void radiant
1844333,89,14,radiant,%5BHyperX%5D%20Liquid%60BuLba,0,1069800,1070,0.000405282612656256,Pro,bottomlane radiant
1845400,86,13,radiant,%5BHyperX%5D%20Liquid%60BuLba,0,1070867,1071,0.000405661381453131,Pro,bottomlane radiant
1846466,83,13,radiant,%5BHyperX%5D%20Liquid%60BuLba,0,1071933,1072,0.000406040150250006,Pro,bottomlane radiant
1847266,81,13,radiant,%5BHyperX%5D%20Liquid%60BuLba,0,1072733,1073,0.000406418919046881,Pro,bottomlane radiant
1848466,78,14,radiant,%5BHyperX%5D%20Liquid%60BuLba,0,1073933,1074,0.000406797687843756,Pro,bottomlane radiant
1849533,76,16,radiant,%5BHyperX%5D%20Liquid%60BuLba,0,1075000,1075,0.000407176456640631,Pro,bottomlane radiant
1850466,74,18,radiant,%5BHyperX%5D%20Liquid%60BuLba,0,1075933,1076,0.000407555225437506,Pro,jungle radiant
1851400,72,20,radiant,%5BHyperX%5D%20Liquid%60BuLba,0,1076867,1077,0.000407933994234381,Pro,jungle radiant
1852400,69,20,radiant,%5BHyperX%5D%20Liquid%60BuLba,0,1077867,1078,0.000408312763031256,Pro,jungle radiant
1853266,69,22,radiant,%5BHyperX%5D%20Liquid%60BuLba,0,1078733,1079,0.000408691531828131,Pro,void radiant
1854400,72,24,radiant,%5BHyperX%5D%20Liquid%60BuLba,0,1079867,1080,0.000409070300625006,Pro,jungle radiant
1855533,74,26,radiant,%5BHyperX%5D%20Liquid%60BuLba,0,1081000,1081,0.000409449069421881,Pro,jungle radiant
1856333,76,26,radiant,%5BHyperX%5D%20Liquid%60BuLba,0,1081800,1082,0.000409827838218756,Pro,jungle radiant
1856333,76,26,radiant,%5BHyperX%5D%20Liquid%60BuLba,0,1081800,1083,0.000410206607015631,Pro,jungle radiant
1856333,76,26,radiant,%5BHyperX%5D%20Liquid%60BuLba,0,1081800,1084,0.000410585375812506,Pro,jungle radiant
1856333,76,26,radiant,%5BHyperX%5D%20Liquid%60BuLba,0,1081800,1085,0.000410964144609381,Pro,jungle radiant
1860133,76,26,radiant,%5BHyperX%5D%20Liquid%60BuLba,0,1085600,1086,0.000411342913406256,Pro,jungle radiant
1861466,75,23,radiant,%5BHyperX%5D%20Liquid%60BuLba,0,1086933,1087,0.000411721682203131,Pro,jungle radiant
1862533,73,26,radiant,%5BHyperX%5D%20Liquid%60BuLba,0,1088000,1088,0.000412100451000006,Pro,jungle radiant
1863533,72,29,radiant,%5BHyperX%5D%20Liquid%60BuLba,0,1089000,1089,0.000412479219796881,Pro,jungle radiant
1864533,70,31,radiant,%5BHyperX%5D%20Liquid%60BuLba,0,1090000,1090,0.000412857988593756,Pro,jungle radiant
1865333,69,34,radiant,%5BHyperX%5D%20Liquid%60BuLba,0,1090800,1091,0.000413236757390631,Pro,jungle radiant
1866533,67,37,radiant,%5BHyperX%5D%20Liquid%60BuLba,0,1092000,1092,0.000413615526187506,Pro,jungle radiant
1867333,65,39,radiant,%5BHyperX%5D%20Liquid%60BuLba,0,1092800,1093,0.000413994294984381,Pro,jungle radiant
1868333,62,39,radiant,%5BHyperX%5D%20Liquid%60BuLba,0,1093800,1094,0.000414373063781256,Pro,jungle radiant
1869266,59,38,radiant,%5BHyperX%5D%20Liquid%60BuLba,0,1094733,1095,0.000414751832578131,Pro,jungle radiant
1870266,57,37,radiant,%5BHyperX%5D%20Liquid%60BuLba,0,1095733,1096,0.000415130601375006,Pro,jungle radiant
1871533,54,36,radiant,%5BHyperX%5D%20Liquid%60BuLba,0,1097000,1097,0.000415509370171881,Pro,jungle radiant
1872466,51,36,radiant,%5BHyperX%5D%20Liquid%60BuLba,0,1097933,1098,0.000415888138968756,Pro,jungle radiant
1873466,49,34,radiant,%5BHyperX%5D%20Liquid%60BuLba,0,1098933,1099,0.000416266907765631,Pro,void radiant
1874400,47,32,radiant,%5BHyperX%5D%20Liquid%60BuLba,0,1099867,1100,0.000416645676562507,Pro,jungle radiant
1875333,44,33,radiant,%5BHyperX%5D%20Liquid%60BuLba,0,1100800,1101,0.000417024445359382,Pro,midlane radiant
1876333,42,35,radiant,%5BHyperX%5D%20Liquid%60BuLba,0,1101800,1102,0.000417403214156257,Pro,midlane radiant
1877400,37,44,radiant,%5BHyperX%5D%20Liquid%60BuLba,0,1102867,1103,0.000417781982953132,Pro,midlane radiant
1878400,34,45,radiant,%5BHyperX%5D%20Liquid%60BuLba,0,1103867,1104,0.000418160751750007,Pro,jungle radiant
1879400,31,45,radiant,%5BHyperX%5D%20Liquid%60BuLba,0,1104867,1105,0.000418539520546882,Pro,jungle radiant
1880400,28,46,radiant,%5BHyperX%5D%20Liquid%60BuLba,0,1105867,1106,0.000418918289343757,Pro,jungle radiant
1881400,25,46,radiant,%5BHyperX%5D%20Liquid%60BuLba,0,1106867,1107,0.000419297058140632,Pro,jungle radiant
1882266,23,48,radiant,%5BHyperX%5D%20Liquid%60BuLba,0,1107733,1108,0.000419675826937507,Pro,jungle radiant
1883400,20,50,radiant,%5BHyperX%5D%20Liquid%60BuLba,0,1108867,1109,0.000420054595734382,Pro,jungle radiant
1884333,18,52,radiant,%5BHyperX%5D%20Liquid%60BuLba,0,1109800,1110,0.000420433364531257,Pro,toplane radiant
1885400,18,55,radiant,%5BHyperX%5D%20Liquid%60BuLba,0,1110867,1111,0.000420812133328132,Pro,toplane radiant
1886533,16,58,radiant,%5BHyperX%5D%20Liquid%60BuLba,0,1112000,1112,0.000421190902125007,Pro,toplane radiant
1887266,15,60,radiant,%5BHyperX%5D%20Liquid%60BuLba,0,1112733,1113,0.000421569670921882,Pro,toplane radiant
1888266,15,63,radiant,%5BHyperX%5D%20Liquid%60BuLba,0,1113733,1114,0.000421948439718757,Pro,toplane radiant
1889466,15,66,radiant,%5BHyperX%5D%20Liquid%60BuLba,0,1114933,1115,0.000422327208515632,Pro,toplane radiant
1889466,15,66,radiant,%5BHyperX%5D%20Liquid%60BuLba,0,1114933,1116,0.000422705977312507,Pro,toplane radiant
1890933,14,65,radiant,%5BHyperX%5D%20Liquid%60BuLba,0,1116400,1117,0.000423084746109382,Pro,toplane radiant
1890933,14,65,radiant,%5BHyperX%5D%20Liquid%60BuLba,0,1116400,1118,0.000423463514906257,Pro,toplane radiant
1892933,13,65,radiant,%5BHyperX%5D%20Liquid%60BuLba,0,1118400,1119,0.000423842283703132,Pro,toplane radiant
1894333,12,66,radiant,%5BHyperX%5D%20Liquid%60BuLba,0,1119800,1120,0.000424221052500007,Pro,toplane radiant
1895000,13,68,radiant,%5BHyperX%5D%20Liquid%60BuLba,0,1120467,1121,0.000424599821296882,Pro,toplane radiant
1896066,14,68,radiant,%5BHyperX%5D%20Liquid%60BuLba,0,1121533,1122,0.000424978590093757,Pro,toplane radiant
1897533,14,67,radiant,%5BHyperX%5D%20Liquid%60BuLba,0,1123000,1123,0.000425357358890632,Pro,toplane radiant
1898466,17,66,radiant,%5BHyperX%5D%20Liquid%60BuLba,0,1123933,1124,0.000425736127687507,Pro,toplane radiant
1899466,18,66,radiant,%5BHyperX%5D%20Liquid%60BuLba,0,1124933,1125,0.000426114896484382,Pro,toplane radiant
1900200,18,68,radiant,%5BHyperX%5D%20Liquid%60BuLba,0,1125667,1126,0.000426493665281257,Pro,toplane radiant
1901333,17,71,radiant,%5BHyperX%5D%20Liquid%60BuLba,0,1126800,1127,0.000426872434078132,Pro,toplane radiant
1902533,16,73,radiant,%5BHyperX%5D%20Liquid%60BuLba,0,1128000,1128,0.000427251202875007,Pro,toplane radiant
1903466,16,76,radiant,%5BHyperX%5D%20Liquid%60BuLba,0,1128933,1129,0.000427629971671882,Pro,toplane radiant
1904533,16,79,radiant,%5BHyperX%5D%20Liquid%60BuLba,0,1130000,1130,0.000428008740468757,Pro,toplane radiant
1905266,17,81,radiant,%5BHyperX%5D%20Liquid%60BuLba,0,1130733,1131,0.000428387509265632,Pro,toplane dire
1906333,17,84,radiant,%5BHyperX%5D%20Liquid%60BuLba,0,1131800,1132,0.000428766278062507,Pro,toplane dire
1907533,18,87,radiant,%5BHyperX%5D%20Liquid%60BuLba,0,1133000,1133,0.000429145046859382,Pro,toplane dire
1908533,18,89,radiant,%5BHyperX%5D%20Liquid%60BuLba,0,1134000,1134,0.000429523815656257,Pro,toplane dire
1909200,16,90,radiant,%5BHyperX%5D%20Liquid%60BuLba,0,1134667,1135,0.000429902584453132,Pro,toplane dire
1909200,16,90,radiant,%5BHyperX%5D%20Liquid%60BuLba,0,1134667,1136,0.000430281353250007,Pro,toplane dire
1909200,16,90,radiant,%5BHyperX%5D%20Liquid%60BuLba,0,1134667,1137,0.000430660122046882,Pro,toplane dire
1912000,16,92,radiant,%5BHyperX%5D%20Liquid%60BuLba,0,1137467,1138,0.000431038890843757,Pro,toplane dire
1912000,16,92,radiant,%5BHyperX%5D%20Liquid%60BuLba,0,1137467,1139,0.000431417659640632,Pro,toplane dire
1912000,16,92,radiant,%5BHyperX%5D%20Liquid%60BuLba,0,1137467,1140,0.000431796428437507,Pro,toplane dire
1912000,16,92,radiant,%5BHyperX%5D%20Liquid%60BuLba,0,1137467,1141,0.000432175197234382,Pro,toplane dire
1912000,16,92,radiant,%5BHyperX%5D%20Liquid%60BuLba,0,1137467,1142,0.000432553966031257,Pro,toplane dire
1912000,16,92,radiant,%5BHyperX%5D%20Liquid%60BuLba,0,1137467,1143,0.000432932734828132,Pro,toplane dire
1912000,16,92,radiant,%5BHyperX%5D%20Liquid%60BuLba,0,1137467,1144,0.000433311503625007,Pro,toplane dire
1912000,16,92,radiant,%5BHyperX%5D%20Liquid%60BuLba,0,1137467,1145,0.000433690272421882,Pro,toplane dire
1920133,16,92,radiant,%5BHyperX%5D%20Liquid%60BuLba,0,1145600,1146,0.000434069041218757,Pro,toplane dire
1921333,15,91,radiant,%5BHyperX%5D%20Liquid%60BuLba,0,1146800,1147,0.000434447810015632,Pro,toplane dire
1922266,15,92,radiant,%5BHyperX%5D%20Liquid%60BuLba,0,1147733,1148,0.000434826578812507,Pro,toplane dire
1922266,15,92,radiant,%5BHyperX%5D%20Liquid%60BuLba,0,1147733,1149,0.000435205347609382,Pro,toplane dire
1924066,15,93,radiant,%5BHyperX%5D%20Liquid%60BuLba,0,1149533,1150,0.000435584116406257,Pro,toplane dire
1924933,15,92,radiant,%5BHyperX%5D%20Liquid%60BuLba,0,1150400,1151,0.000435962885203132,Pro,toplane dire
1926133,15,92,radiant,%5BHyperX%5D%20Liquid%60BuLba,0,1151600,1152,0.000436341654000007,Pro,toplane dire
1926133,15,92,radiant,%5BHyperX%5D%20Liquid%60BuLba,0,1151600,1153,0.000436720422796882,Pro,toplane dire
1926133,15,92,radiant,%5BHyperX%5D%20Liquid%60BuLba,0,1151600,1154,0.000437099191593757,Pro,toplane dire
1926133,15,92,radiant,%5BHyperX%5D%20Liquid%60BuLba,0,1151600,1155,0.000437477960390632,Pro,toplane dire
1930533,13,92,radiant,%5BHyperX%5D%20Liquid%60BuLba,0,1156000,1156,0.000437856729187507,Pro,toplane dire
1931200,11,92,radiant,%5BHyperX%5D%20Liquid%60BuLba,0,1156667,1157,0.000438235497984382,Pro,toplane dire
1932533,9,94,radiant,%5BHyperX%5D%20Liquid%60BuLba,0,1158000,1158,0.000438614266781257,Pro,toplane dire
1932933,9,95,radiant,%5BHyperX%5D%20Liquid%60BuLba,0,1158400,1159,0.000438993035578132,Pro,toplane dire
1932933,9,95,radiant,%5BHyperX%5D%20Liquid%60BuLba,0,1158400,1160,0.000439371804375007,Pro,toplane dire
1935400,11,96,radiant,%5BHyperX%5D%20Liquid%60BuLba,0,1160867,1161,0.000439750573171882,Pro,toplane dire
1936533,13,98,radiant,%5BHyperX%5D%20Liquid%60BuLba,0,1162000,1162,0.000440129341968757,Pro,toplane dire
1937533,15,100,radiant,%5BHyperX%5D%20Liquid%60BuLba,0,1163000,1163,0.000440508110765632,Pro,toplane dire
1937733,16,100,radiant,%5BHyperX%5D%20Liquid%60BuLba,0,1163200,1164,0.000440886879562507,Pro,toplane dire
1937733,16,100,radiant,%5BHyperX%5D%20Liquid%60BuLba,0,1163200,1165,0.000441265648359382,Pro,toplane dire
1940133,17,101,radiant,%5BHyperX%5D%20Liquid%60BuLba,0,1165600,1166,0.000441644417156257,Pro,toplane dire
1941533,17,102,radiant,%5BHyperX%5D%20Liquid%60BuLba,0,1167000,1167,0.000442023185953132,Pro,toplane dire
1942266,16,104,radiant,%5BHyperX%5D%20Liquid%60BuLba,0,1167733,1168,0.000442401954750007,Pro,toplane dire
1943533,18,107,radiant,%5BHyperX%5D%20Liquid%60BuLba,0,1169000,1169,0.000442780723546882,Pro,toplane dire
1944400,18,109,radiant,%5BHyperX%5D%20Liquid%60BuLba,0,1169867,1170,0.000443159492343757,Pro,toplane dire
1945466,18,112,radiant,%5BHyperX%5D%20Liquid%60BuLba,0,1170933,1171,0.000443538261140632,Pro,void dire
1946266,18,110,radiant,%5BHyperX%5D%20Liquid%60BuLba,0,1171733,1172,0.000443917029937507,Pro,void dire
1947266,18,112,radiant,%5BHyperX%5D%20Liquid%60BuLba,0,1172733,1173,0.000444295798734382,Pro,void dire
1947600,18,113,radiant,%5BHyperX%5D%20Liquid%60BuLba,0,1173067,1174,0.000444674567531257,Pro,void dire
1947600,18,113,radiant,%5BHyperX%5D%20Liquid%60BuLba,0,1173067,1175,0.000445053336328132,Pro,void dire
1947600,18,113,radiant,%5BHyperX%5D%20Liquid%60BuLba,0,1173067,1176,0.000445432105125007,Pro,void dire
1947600,18,113,radiant,%5BHyperX%5D%20Liquid%60BuLba,0,1173067,1177,0.000445810873921882,Pro,void dire
1947600,18,113,radiant,%5BHyperX%5D%20Liquid%60BuLba,0,1173067,1178,0.000446189642718757,Pro,void dire
1953333,18,110,radiant,%5BHyperX%5D%20Liquid%60BuLba,0,1178800,1179,0.000446568411515632,Pro,void dire
1954533,21,108,radiant,%5BHyperX%5D%20Liquid%60BuLba,0,1180000,1180,0.000446947180312507,Pro,toplane dire
1955200,23,108,radiant,%5BHyperX%5D%20Liquid%60BuLba,0,1180667,1181,0.000447325949109382,Pro,toplane dire
1956266,20,109,radiant,%5BHyperX%5D%20Liquid%60BuLba,0,1181733,1182,0.000447704717906257,Pro,toplane dire
1957400,18,111,radiant,%5BHyperX%5D%20Liquid%60BuLba,0,1182867,1183,0.000448083486703132,Pro,void dire
1958266,19,113,radiant,%5BHyperX%5D%20Liquid%60BuLba,0,1183733,1184,0.000448462255500007,Pro,void dire
1958266,19,113,radiant,%5BHyperX%5D%20Liquid%60BuLba,0,1183733,1185,0.000448841024296882,Pro,void dire
1958266,19,113,radiant,%5BHyperX%5D%20Liquid%60BuLba,0,1183733,1186,0.000449219793093757,Pro,void dire
1958266,19,113,radiant,%5BHyperX%5D%20Liquid%60BuLba,0,1183733,1187,0.000449598561890632,Pro,void dire
1958266,19,113,radiant,%5BHyperX%5D%20Liquid%60BuLba,0,1183733,1188,0.000449977330687507,Pro,void dire
1958266,19,113,radiant,%5BHyperX%5D%20Liquid%60BuLba,0,1183733,1189,0.000450356099484382,Pro,void dire
1964400,18,113,radiant,%5BHyperX%5D%20Liquid%60BuLba,0,1189867,1190,0.000450734868281257,Pro,void dire
1965333,20,102,radiant,%5BHyperX%5D%20Liquid%60BuLba,0,1190800,1191,0.000451113637078132,Pro,toplane dire
1965333,20,102,radiant,%5BHyperX%5D%20Liquid%60BuLba,0,1190800,1192,0.000451492405875007,Pro,toplane dire
1967000,20,101,radiant,%5BHyperX%5D%20Liquid%60BuLba,0,1192467,1193,0.000451871174671882,Pro,toplane dire
1968133,20,100,radiant,%5BHyperX%5D%20Liquid%60BuLba,0,1193600,1194,0.000452249943468757,Pro,toplane dire
1968133,20,100,radiant,%5BHyperX%5D%20Liquid%60BuLba,0,1193600,1195,0.000452628712265632,Pro,toplane dire
1968133,20,100,radiant,%5BHyperX%5D%20Liquid%60BuLba,0,1193600,1196,0.000453007481062507,Pro,toplane dire
1968133,20,100,radiant,%5BHyperX%5D%20Liquid%60BuLba,0,1193600,1197,0.000453386249859382,Pro,toplane dire
1968133,20,100,radiant,%5BHyperX%5D%20Liquid%60BuLba,0,1193600,1198,0.000453765018656257,Pro,toplane dire
1968133,20,100,radiant,%5BHyperX%5D%20Liquid%60BuLba,0,1193600,1199,0.000454143787453132,Pro,toplane dire
1968133,20,100,radiant,%5BHyperX%5D%20Liquid%60BuLba,0,1193600,1200,0.000454522556250007,Pro,toplane dire
1968133,20,100,radiant,%5BHyperX%5D%20Liquid%60BuLba,0,1193600,1201,0.000454901325046882,Pro,toplane dire
1968133,20,100,radiant,%5BHyperX%5D%20Liquid%60BuLba,0,1193600,1202,0.000455280093843757,Pro,toplane dire
1968133,20,100,radiant,%5BHyperX%5D%20Liquid%60BuLba,0,1193600,1203,0.000455658862640632,Pro,toplane dire
1968133,20,100,radiant,%5BHyperX%5D%20Liquid%60BuLba,0,1193600,1204,0.000456037631437507,Pro,toplane dire
1968133,20,100,radiant,%5BHyperX%5D%20Liquid%60BuLba,0,1193600,1205,0.000456416400234382,Pro,toplane dire
1980133,20,100,radiant,%5BHyperX%5D%20Liquid%60BuLba,0,1205600,1206,0.000456795169031257,Pro,toplane dire
1980133,20,100,radiant,%5BHyperX%5D%20Liquid%60BuLba,0,1205600,1207,0.000457173937828132,Pro,toplane dire
1980133,20,100,radiant,%5BHyperX%5D%20Liquid%60BuLba,0,1205600,1208,0.000457552706625007,Pro,toplane dire
1980133,20,100,radiant,%5BHyperX%5D%20Liquid%60BuLba,0,1205600,1209,0.000457931475421882,Pro,toplane dire
1980133,20,100,radiant,%5BHyperX%5D%20Liquid%60BuLba,0,1205600,1210,0.000458310244218757,Pro,toplane dire
1980133,20,100,radiant,%5BHyperX%5D%20Liquid%60BuLba,0,1205600,1211,0.000458689013015632,Pro,toplane dire
1980133,20,100,radiant,%5BHyperX%5D%20Liquid%60BuLba,0,1205600,1212,0.000459067781812507,Pro,toplane dire
1980133,20,100,radiant,%5BHyperX%5D%20Liquid%60BuLba,0,1205600,1213,0.000459446550609382,Pro,toplane dire
1980133,20,100,radiant,%5BHyperX%5D%20Liquid%60BuLba,0,1205600,1214,0.000459825319406257,Pro,toplane dire
1980133,20,100,radiant,%5BHyperX%5D%20Liquid%60BuLba,0,1205600,1215,0.000460204088203132,Pro,toplane dire
1980133,20,100,radiant,%5BHyperX%5D%20Liquid%60BuLba,0,1205600,1216,0.000460582857000007,Pro,toplane dire
1980133,20,100,radiant,%5BHyperX%5D%20Liquid%60BuLba,0,1205600,1217,0.000460961625796882,Pro,toplane dire
1980133,20,100,radiant,%5BHyperX%5D%20Liquid%60BuLba,0,1205600,1218,0.000461340394593757,Pro,toplane dire
1980133,20,100,radiant,%5BHyperX%5D%20Liquid%60BuLba,0,1205600,1219,0.000461719163390632,Pro,toplane dire
1980133,20,100,radiant,%5BHyperX%5D%20Liquid%60BuLba,0,1205600,1220,0.000462097932187507,Pro,toplane dire
1980133,20,100,radiant,%5BHyperX%5D%20Liquid%60BuLba,0,1205600,1221,0.000462476700984382,Pro,toplane dire
1980133,20,100,radiant,%5BHyperX%5D%20Liquid%60BuLba,0,1205600,1222,0.000462855469781257,Pro,toplane dire
1980133,20,100,radiant,%5BHyperX%5D%20Liquid%60BuLba,0,1205600,1223,0.000463234238578132,Pro,toplane dire
1980133,20,100,radiant,%5BHyperX%5D%20Liquid%60BuLba,0,1205600,1224,0.000463613007375007,Pro,toplane dire
1980133,20,100,radiant,%5BHyperX%5D%20Liquid%60BuLba,0,1205600,1225,0.000463991776171882,Pro,toplane dire
1980133,20,100,radiant,%5BHyperX%5D%20Liquid%60BuLba,0,1205600,1226,0.000464370544968757,Pro,toplane dire
1980133,20,100,radiant,%5BHyperX%5D%20Liquid%60BuLba,0,1205600,1227,0.000464749313765632,Pro,toplane dire
1980133,20,100,radiant,%5BHyperX%5D%20Liquid%60BuLba,0,1205600,1228,0.000465128082562507,Pro,toplane dire
1980133,20,100,radiant,%5BHyperX%5D%20Liquid%60BuLba,0,1205600,1229,0.000465506851359382,Pro,toplane dire
1980133,20,100,radiant,%5BHyperX%5D%20Liquid%60BuLba,0,1205600,1230,0.000465885620156257,Pro,toplane dire
1980133,20,100,radiant,%5BHyperX%5D%20Liquid%60BuLba,0,1205600,1231,0.000466264388953132,Pro,toplane dire
1980133,20,100,radiant,%5BHyperX%5D%20Liquid%60BuLba,0,1205600,1232,0.000466643157750007,Pro,toplane dire
1980133,20,100,radiant,%5BHyperX%5D%20Liquid%60BuLba,0,1205600,1233,0.000467021926546882,Pro,toplane dire
1980133,20,100,radiant,%5BHyperX%5D%20Liquid%60BuLba,0,1205600,1234,0.000467400695343757,Pro,toplane dire
1980133,20,100,radiant,%5BHyperX%5D%20Liquid%60BuLba,0,1205600,1235,0.000467779464140632,Pro,toplane dire
1980133,20,100,radiant,%5BHyperX%5D%20Liquid%60BuLba,0,1205600,1236,0.000468158232937507,Pro,toplane dire
1980133,20,100,radiant,%5BHyperX%5D%20Liquid%60BuLba,0,1205600,1237,0.000468537001734382,Pro,toplane dire
1980133,20,100,radiant,%5BHyperX%5D%20Liquid%60BuLba,0,1205600,1238,0.000468915770531257,Pro,toplane dire
2013266,10,6,radiant,%5BHyperX%5D%20Liquid%60BuLba,0,1238733,1239,0.000469294539328132,Pro,base1 radiant
2014266,11,8,radiant,%5BHyperX%5D%20Liquid%60BuLba,0,1239733,1240,0.000469673308125007,Pro,base1 radiant
2015400,13,11,radiant,%5BHyperX%5D%20Liquid%60BuLba,0,1240867,1241,0.000470052076921882,Pro,base1 radiant
2016400,13,14,radiant,%5BHyperX%5D%20Liquid%60BuLba,0,1241867,1242,0.000470430845718757,Pro,base1 radiant
2017400,13,17,radiant,%5BHyperX%5D%20Liquid%60BuLba,0,1242867,1243,0.000470809614515632,Pro,base1 radiant
2018400,14,20,radiant,%5BHyperX%5D%20Liquid%60BuLba,0,1243867,1244,0.000471188383312507,Pro,base1 radiant
2019333,14,23,radiant,%5BHyperX%5D%20Liquid%60BuLba,0,1244800,1245,0.000471567152109382,Pro,base1 radiant
2020333,15,26,radiant,%5BHyperX%5D%20Liquid%60BuLba,0,1245800,1246,0.000471945920906257,Pro,base1 radiant
2021333,15,29,radiant,%5BHyperX%5D%20Liquid%60BuLba,0,1246800,1247,0.000472324689703132,Pro,base1 radiant
2022333,15,32,radiant,%5BHyperX%5D%20Liquid%60BuLba,0,1247800,1248,0.000472703458500007,Pro,base1 radiant
2023533,14,35,radiant,%5BHyperX%5D%20Liquid%60BuLba,0,1249000,1249,0.000473082227296882,Pro,base1 radiant
2024533,13,36,radiant,%5BHyperX%5D%20Liquid%60BuLba,0,1250000,1250,0.000473460996093757,Pro,base1 radiant
2025266,13,39,radiant,%5BHyperX%5D%20Liquid%60BuLba,0,1250733,1251,0.000473839764890632,Pro,toplane radiant
2026466,14,43,radiant,%5BHyperX%5D%20Liquid%60BuLba,0,1251933,1252,0.000474218533687507,Pro,toplane radiant
2027266,15,46,radiant,%5BHyperX%5D%20Liquid%60BuLba,0,1252733,1253,0.000474597302484382,Pro,toplane radiant
2028533,17,49,radiant,%5BHyperX%5D%20Liquid%60BuLba,0,1254000,1254,0.000474976071281257,Pro,toplane radiant
2029266,18,50,radiant,%5BHyperX%5D%20Liquid%60BuLba,0,1254733,1255,0.000475354840078132,Pro,toplane radiant
2030133,16,59,radiant,%5BHyperX%5D%20Liquid%60BuLba,0,1255600,1256,0.000475733608875007,Pro,toplane radiant
2030133,16,59,radiant,%5BHyperX%5D%20Liquid%60BuLba,0,1255600,1257,0.000476112377671882,Pro,toplane radiant
2030133,16,59,radiant,%5BHyperX%5D%20Liquid%60BuLba,0,1255600,1258,0.000476491146468757,Pro,toplane radiant
2033533,15,59,radiant,%5BHyperX%5D%20Liquid%60BuLba,0,1259000,1259,0.000476869915265632,Pro,toplane radiant
2033533,15,59,radiant,%5BHyperX%5D%20Liquid%60BuLba,0,1259000,1260,0.000477248684062507,Pro,toplane radiant
2033533,15,59,radiant,%5BHyperX%5D%20Liquid%60BuLba,0,1259000,1261,0.000477627452859382,Pro,toplane radiant
2036533,16,60,radiant,%5BHyperX%5D%20Liquid%60BuLba,0,1262000,1262,0.000478006221656257,Pro,toplane radiant
2036733,16,59,radiant,%5BHyperX%5D%20Liquid%60BuLba,0,1262200,1263,0.000478384990453132,Pro,toplane radiant
2036733,16,59,radiant,%5BHyperX%5D%20Liquid%60BuLba,0,1262200,1264,0.000478763759250007,Pro,toplane radiant
2036733,16,59,radiant,%5BHyperX%5D%20Liquid%60BuLba,0,1262200,1265,0.000479142528046882,Pro,toplane radiant
2040133,16,59,radiant,%5BHyperX%5D%20Liquid%60BuLba,0,1265600,1266,0.000479521296843757,Pro,toplane radiant
2040133,16,59,radiant,%5BHyperX%5D%20Liquid%60BuLba,0,1265600,1267,0.000479900065640632,Pro,toplane radiant
2040133,16,59,radiant,%5BHyperX%5D%20Liquid%60BuLba,0,1265600,1268,0.000480278834437507,Pro,toplane radiant
2040133,16,59,radiant,%5BHyperX%5D%20Liquid%60BuLba,0,1265600,1269,0.000480657603234383,Pro,toplane radiant
2040133,16,59,radiant,%5BHyperX%5D%20Liquid%60BuLba,0,1265600,1270,0.000481036372031258,Pro,toplane radiant
2040133,16,59,radiant,%5BHyperX%5D%20Liquid%60BuLba,0,1265600,1271,0.000481415140828133,Pro,toplane radiant
2040133,16,59,radiant,%5BHyperX%5D%20Liquid%60BuLba,0,1265600,1272,0.000481793909625008,Pro,toplane radiant
2040133,16,59,radiant,%5BHyperX%5D%20Liquid%60BuLba,0,1265600,1273,0.000482172678421883,Pro,toplane radiant
2040133,16,59,radiant,%5BHyperX%5D%20Liquid%60BuLba,0,1265600,1274,0.000482551447218758,Pro,toplane radiant
2040133,16,59,radiant,%5BHyperX%5D%20Liquid%60BuLba,0,1265600,1275,0.000482930216015633,Pro,toplane radiant
2040133,16,59,radiant,%5BHyperX%5D%20Liquid%60BuLba,0,1265600,1276,0.000483308984812508,Pro,toplane radiant
2040133,16,59,radiant,%5BHyperX%5D%20Liquid%60BuLba,0,1265600,1277,0.000483687753609383,Pro,toplane radiant
2040133,16,59,radiant,%5BHyperX%5D%20Liquid%60BuLba,0,1265600,1278,0.000484066522406258,Pro,toplane radiant
2040133,16,59,radiant,%5BHyperX%5D%20Liquid%60BuLba,0,1265600,1279,0.000484445291203133,Pro,toplane radiant
2040133,16,59,radiant,%5BHyperX%5D%20Liquid%60BuLba,0,1265600,1280,0.000484824060000008,Pro,toplane radiant
2040133,16,59,radiant,%5BHyperX%5D%20Liquid%60BuLba,0,1265600,1281,0.000485202828796883,Pro,toplane radiant
2040133,16,59,radiant,%5BHyperX%5D%20Liquid%60BuLba,0,1265600,1282,0.000485581597593758,Pro,toplane radiant
2040133,16,59,radiant,%5BHyperX%5D%20Liquid%60BuLba,0,1265600,1283,0.000485960366390633,Pro,toplane radiant
2040133,16,59,radiant,%5BHyperX%5D%20Liquid%60BuLba,0,1265600,1284,0.000486339135187508,Pro,toplane radiant
2040133,16,59,radiant,%5BHyperX%5D%20Liquid%60BuLba,0,1265600,1285,0.000486717903984383,Pro,toplane radiant
2040133,16,59,radiant,%5BHyperX%5D%20Liquid%60BuLba,0,1265600,1286,0.000487096672781258,Pro,toplane radiant
2040133,16,59,radiant,%5BHyperX%5D%20Liquid%60BuLba,0,1265600,1287,0.000487475441578133,Pro,toplane radiant
2040133,16,59,radiant,%5BHyperX%5D%20Liquid%60BuLba,0,1265600,1288,0.000487854210375008,Pro,toplane radiant
2040133,16,59,radiant,%5BHyperX%5D%20Liquid%60BuLba,0,1265600,1289,0.000488232979171883,Pro,toplane radiant
2040133,16,59,radiant,%5BHyperX%5D%20Liquid%60BuLba,0,1265600,1290,0.000488611747968758,Pro,toplane radiant
2040133,16,59,radiant,%5BHyperX%5D%20Liquid%60BuLba,0,1265600,1291,0.000488990516765633,Pro,toplane radiant
2040133,16,59,radiant,%5BHyperX%5D%20Liquid%60BuLba,0,1265600,1292,0.000489369285562508,Pro,toplane radiant
2040133,16,59,radiant,%5BHyperX%5D%20Liquid%60BuLba,0,1265600,1293,0.000489748054359383,Pro,toplane radiant
2040133,16,59,radiant,%5BHyperX%5D%20Liquid%60BuLba,0,1265600,1294,0.000490126823156258,Pro,toplane radiant
2040133,16,59,radiant,%5BHyperX%5D%20Liquid%60BuLba,0,1265600,1295,0.000490505591953133,Pro,toplane radiant
2040133,16,59,radiant,%5BHyperX%5D%20Liquid%60BuLba,0,1265600,1296,0.000490884360750008,Pro,toplane radiant
2040133,16,59,radiant,%5BHyperX%5D%20Liquid%60BuLba,0,1265600,1297,0.000491263129546883,Pro,toplane radiant
2040133,16,59,radiant,%5BHyperX%5D%20Liquid%60BuLba,0,1265600,1298,0.000491641898343758,Pro,toplane radiant
2040133,16,59,radiant,%5BHyperX%5D%20Liquid%60BuLba,0,1265600,1299,0.000492020667140633,Pro,toplane radiant
2040133,16,59,radiant,%5BHyperX%5D%20Liquid%60BuLba,0,1265600,1300,0.000492399435937508,Pro,toplane radiant
2040133,16,59,radiant,%5BHyperX%5D%20Liquid%60BuLba,0,1265600,1301,0.000492778204734383,Pro,toplane radiant
2040133,16,59,radiant,%5BHyperX%5D%20Liquid%60BuLba,0,1265600,1302,0.000493156973531258,Pro,toplane radiant
2040133,16,59,radiant,%5BHyperX%5D%20Liquid%60BuLba,0,1265600,1303,0.000493535742328133,Pro,toplane radiant
2040133,16,59,radiant,%5BHyperX%5D%20Liquid%60BuLba,0,1265600,1304,0.000493914511125008,Pro,toplane radiant
2040133,16,59,radiant,%5BHyperX%5D%20Liquid%60BuLba,0,1265600,1305,0.000494293279921883,Pro,toplane radiant
2080200,10,7,radiant,%5BHyperX%5D%20Liquid%60BuLba,0,1305667,1306,0.000494672048718758,Pro,base1 radiant
2081533,20,11,radiant,%5BHyperX%5D%20Liquid%60BuLba,0,1307000,1307,0.000495050817515633,Pro,base1 radiant
2082466,21,13,radiant,%5BHyperX%5D%20Liquid%60BuLba,0,1307933,1308,0.000495429586312508,Pro,base1 radiant
2083333,23,15,radiant,%5BHyperX%5D%20Liquid%60BuLba,0,1308800,1309,0.000495808355109383,Pro,base1 radiant
2084200,25,17,radiant,%5BHyperX%5D%20Liquid%60BuLba,0,1309667,1310,0.000496187123906258,Pro,base1 radiant
2085533,27,20,radiant,%5BHyperX%5D%20Liquid%60BuLba,0,1311000,1311,0.000496565892703133,Pro,base1 radiant
2086333,29,22,radiant,%5BHyperX%5D%20Liquid%60BuLba,0,1311800,1312,0.000496944661500008,Pro,base1 radiant
2087400,30,25,radiant,%5BHyperX%5D%20Liquid%60BuLba,0,1312867,1313,0.000497323430296883,Pro,base1 radiant
2088466,31,28,radiant,%5BHyperX%5D%20Liquid%60BuLba,0,1313933,1314,0.000497702199093758,Pro,base1 radiant
2089333,34,28,radiant,%5BHyperX%5D%20Liquid%60BuLba,0,1314800,1315,0.000498080967890633,Pro,midlane radiant
2090333,37,28,radiant,%5BHyperX%5D%20Liquid%60BuLba,0,1315800,1316,0.000498459736687508,Pro,midlane radiant
2091266,40,28,radiant,%5BHyperX%5D%20Liquid%60BuLba,0,1316733,1317,0.000498838505484383,Pro,midlane radiant
2092266,43,28,radiant,%5BHyperX%5D%20Liquid%60BuLba,0,1317733,1318,0.000499217274281258,Pro,jungle radiant
2093266,46,29,radiant,%5BHyperX%5D%20Liquid%60BuLba,0,1318733,1319,0.000499596043078133,Pro,jungle radiant
2094266,49,29,radiant,%5BHyperX%5D%20Liquid%60BuLba,0,1319733,1320,0.000499974811875008,Pro,jungle radiant
2095266,52,29,radiant,%5BHyperX%5D%20Liquid%60BuLba,0,1320733,1321,0.000500353580671883,Pro,jungle radiant
2096266,55,28,radiant,%5BHyperX%5D%20Liquid%60BuLba,0,1321733,1322,0.000500732349468758,Pro,jungle radiant
2096266,55,28,radiant,%5BHyperX%5D%20Liquid%60BuLba,0,1321733,1323,0.000501111118265633,Pro,jungle radiant
2096266,55,28,radiant,%5BHyperX%5D%20Liquid%60BuLba,0,1321733,1324,0.000501489887062508,Pro,jungle radiant
2096266,55,28,radiant,%5BHyperX%5D%20Liquid%60BuLba,0,1321733,1325,0.000501868655859383,Pro,jungle radiant
2100133,55,28,radiant,%5BHyperX%5D%20Liquid%60BuLba,0,1325600,1326,0.000502247424656258,Pro,jungle radiant
2101466,55,28,radiant,%5BHyperX%5D%20Liquid%60BuLba,0,1326933,1327,0.000502626193453133,Pro,jungle radiant
2102533,54,29,radiant,%5BHyperX%5D%20Liquid%60BuLba,0,1328000,1328,0.000503004962250008,Pro,jungle radiant
2102866,55,29,radiant,%5BHyperX%5D%20Liquid%60BuLba,0,1328333,1329,0.000503383731046883,Pro,jungle radiant
2104266,54,31,radiant,%5BHyperX%5D%20Liquid%60BuLba,0,1329733,1330,0.000503762499843758,Pro,jungle radiant
2105400,53,34,radiant,%5BHyperX%5D%20Liquid%60BuLba,0,1330867,1331,0.000504141268640633,Pro,jungle radiant
2106200,54,36,radiant,%5BHyperX%5D%20Liquid%60BuLba,0,1331667,1332,0.000504520037437508,Pro,jungle radiant
2107266,57,36,radiant,%5BHyperX%5D%20Liquid%60BuLba,0,1332733,1333,0.000504898806234383,Pro,jungle radiant
2108200,58,38,radiant,%5BHyperX%5D%20Liquid%60BuLba,0,1333667,1334,0.000505277575031258,Pro,jungle radiant
2109400,60,37,radiant,%5BHyperX%5D%20Liquid%60BuLba,0,1334867,1335,0.000505656343828133,Pro,jungle radiant
2109400,60,37,radiant,%5BHyperX%5D%20Liquid%60BuLba,0,1334867,1336,0.000506035112625008,Pro,jungle radiant
2109400,60,37,radiant,%5BHyperX%5D%20Liquid%60BuLba,0,1334867,1337,0.000506413881421883,Pro,jungle radiant
2109400,60,37,radiant,%5BHyperX%5D%20Liquid%60BuLba,0,1334867,1338,0.000506792650218758,Pro,jungle radiant
2109400,60,37,radiant,%5BHyperX%5D%20Liquid%60BuLba,0,1334867,1339,0.000507171419015633,Pro,jungle radiant
2114266,59,38,radiant,%5BHyperX%5D%20Liquid%60BuLba,0,1339733,1340,0.000507550187812508,Pro,jungle radiant
2115333,57,37,radiant,%5BHyperX%5D%20Liquid%60BuLba,0,1340800,1341,0.000507928956609383,Pro,jungle radiant
2116400,55,36,radiant,%5BHyperX%5D%20Liquid%60BuLba,0,1341867,1342,0.000508307725406258,Pro,jungle radiant
2117466,54,39,radiant,%5BHyperX%5D%20Liquid%60BuLba,0,1342933,1343,0.000508686494203133,Pro,jungle radiant
2118200,55,41,radiant,%5BHyperX%5D%20Liquid%60BuLba,0,1343667,1344,0.000509065263000008,Pro,jungle radiant
2119533,57,44,radiant,%5BHyperX%5D%20Liquid%60BuLba,0,1345000,1345,0.000509444031796883,Pro,jungle radiant
2120466,59,45,radiant,%5BHyperX%5D%20Liquid%60BuLba,0,1345933,1346,0.000509822800593758,Pro,jungle radiant
2121333,61,47,radiant,%5BHyperX%5D%20Liquid%60BuLba,0,1346800,1347,0.000510201569390633,Pro,jungle radiant
2122466,62,50,radiant,%5BHyperX%5D%20Liquid%60BuLba,0,1347933,1348,0.000510580338187508,Pro,jungle radiant
2123333,62,49,radiant,%5BHyperX%5D%20Liquid%60BuLba,0,1348800,1349,0.000510959106984383,Pro,jungle radiant
2124333,60,48,radiant,%5BHyperX%5D%20Liquid%60BuLba,0,1349800,1350,0.000511337875781258,Pro,jungle radiant
2124333,60,48,radiant,%5BHyperX%5D%20Liquid%60BuLba,0,1349800,1351,0.000511716644578133,Pro,jungle radiant
2124333,60,48,radiant,%5BHyperX%5D%20Liquid%60BuLba,0,1349800,1352,0.000512095413375008,Pro,jungle radiant
2127266,57,48,radiant,%5BHyperX%5D%20Liquid%60BuLba,0,1352733,1353,0.000512474182171883,Pro,jungle radiant
2128533,54,46,radiant,%5BHyperX%5D%20Liquid%60BuLba,0,1354000,1354,0.000512852950968758,Pro,midlane radiant
2129533,54,49,radiant,%5BHyperX%5D%20Liquid%60BuLba,0,1355000,1355,0.000513231719765633,Pro,midlane radiant
2130466,54,52,radiant,%5BHyperX%5D%20Liquid%60BuLba,0,1355933,1356,0.000513610488562508,Pro,midlane radiant
2131466,53,54,radiant,%5BHyperX%5D%20Liquid%60BuLba,0,1356933,1357,0.000513989257359383,Pro,midlane radiant
2132133,51,54,radiant,%5BHyperX%5D%20Liquid%60BuLba,0,1357600,1358,0.000514368026156258,Pro,midlane radiant
2133200,49,54,radiant,%5BHyperX%5D%20Liquid%60BuLba,0,1358667,1359,0.000514746794953133,Pro,midlane radiant
2134400,49,56,radiant,%5BHyperX%5D%20Liquid%60BuLba,0,1359867,1360,0.000515125563750008,Pro,midlane radiant
2135333,49,59,radiant,%5BHyperX%5D%20Liquid%60BuLba,0,1360800,1361,0.000515504332546883,Pro,jungle radiant
2136333,49,62,radiant,%5BHyperX%5D%20Liquid%60BuLba,0,1361800,1362,0.000515883101343758,Pro,jungle radiant
2137333,49,65,radiant,%5BHyperX%5D%20Liquid%60BuLba,0,1362800,1363,0.000516261870140633,Pro,jungle radiant
2138533,48,68,radiant,%5BHyperX%5D%20Liquid%60BuLba,0,1364000,1364,0.000516640638937508,Pro,void radiant
2139533,47,71,radiant,%5BHyperX%5D%20Liquid%60BuLba,0,1365000,1365,0.000517019407734383,Pro,river
2140333,48,70,radiant,%5BHyperX%5D%20Liquid%60BuLba,0,1365800,1366,0.000517398176531258,Pro,river
2141333,50,68,radiant,%5BHyperX%5D%20Liquid%60BuLba,0,1366800,1367,0.000517776945328133,Pro,river
2142466,53,66,radiant,%5BHyperX%5D%20Liquid%60BuLba,0,1367933,1368,0.000518155714125008,Pro,river
2143466,55,65,radiant,%5BHyperX%5D%20Liquid%60BuLba,0,1368933,1369,0.000518534482921883,Pro,river
2144200,54,67,radiant,%5BHyperX%5D%20Liquid%60BuLba,0,1369667,1370,0.000518913251718758,Pro,river
2145066,53,69,radiant,%5BHyperX%5D%20Liquid%60BuLba,0,1370533,1371,0.000519292020515633,Pro,river
2146266,56,70,radiant,%5BHyperX%5D%20Liquid%60BuLba,0,1371733,1372,0.000519670789312508,Pro,jungle dire
2147533,58,68,radiant,%5BHyperX%5D%20Liquid%60BuLba,0,1373000,1373,0.000520049558109383,Pro,jungle dire
2148533,58,67,radiant,%5BHyperX%5D%20Liquid%60BuLba,0,1374000,1374,0.000520428326906258,Pro,jungle dire
2148533,58,67,radiant,%5BHyperX%5D%20Liquid%60BuLba,0,1374000,1375,0.000520807095703133,Pro,jungle dire
2148533,58,67,radiant,%5BHyperX%5D%20Liquid%60BuLba,0,1374000,1376,0.000521185864500008,Pro,jungle dire
2148533,58,67,radiant,%5BHyperX%5D%20Liquid%60BuLba,0,1374000,1377,0.000521564633296883,Pro,jungle dire
2148533,58,67,radiant,%5BHyperX%5D%20Liquid%60BuLba,0,1374000,1378,0.000521943402093758,Pro,jungle dire
2148533,58,67,radiant,%5BHyperX%5D%20Liquid%60BuLba,0,1374000,1379,0.000522322170890633,Pro,jungle dire
2148533,58,67,radiant,%5BHyperX%5D%20Liquid%60BuLba,0,1374000,1380,0.000522700939687508,Pro,jungle dire
2155400,60,67,radiant,%5BHyperX%5D%20Liquid%60BuLba,0,1380867,1381,0.000523079708484383,Pro,jungle dire
2155733,61,67,radiant,%5BHyperX%5D%20Liquid%60BuLba,0,1381200,1382,0.000523458477281258,Pro,void dire
2155733,61,67,radiant,%5BHyperX%5D%20Liquid%60BuLba,0,1381200,1383,0.000523837246078133,Pro,void dire
2158466,61,66,radiant,%5BHyperX%5D%20Liquid%60BuLba,0,1383933,1384,0.000524216014875008,Pro,midlane dire
2159400,61,63,radiant,%5BHyperX%5D%20Liquid%60BuLba,0,1384867,1385,0.000524594783671883,Pro,midlane dire
2160333,59,61,radiant,%5BHyperX%5D%20Liquid%60BuLba,0,1385800,1386,0.000524973552468758,Pro,midlane dire
2161466,57,58,radiant,%5BHyperX%5D%20Liquid%60BuLba,0,1386933,1387,0.000525352321265633,Pro,midlane radiant
2162400,56,55,radiant,%5BHyperX%5D%20Liquid%60BuLba,0,1387867,1388,0.000525731090062508,Pro,midlane radiant
2163533,55,52,radiant,%5BHyperX%5D%20Liquid%60BuLba,0,1389000,1389,0.000526109858859383,Pro,midlane radiant
2164533,53,50,radiant,%5BHyperX%5D%20Liquid%60BuLba,0,1390000,1390,0.000526488627656258,Pro,midlane radiant
2165466,53,48,radiant,%5BHyperX%5D%20Liquid%60BuLba,0,1390933,1391,0.000526867396453133,Pro,midlane radiant
2166333,54,46,radiant,%5BHyperX%5D%20Liquid%60BuLba,0,1391800,1392,0.000527246165250008,Pro,midlane radiant
2167066,54,44,radiant,%5BHyperX%5D%20Liquid%60BuLba,0,1392533,1393,0.000527624934046883,Pro,midlane radiant
2168400,56,42,radiant,%5BHyperX%5D%20Liquid%60BuLba,0,1393867,1394,0.000528003702843758,Pro,jungle radiant
2169533,57,42,radiant,%5BHyperX%5D%20Liquid%60BuLba,0,1395000,1395,0.000528382471640633,Pro,jungle radiant
2170333,55,41,radiant,%5BHyperX%5D%20Liquid%60BuLba,0,1395800,1396,0.000528761240437508,Pro,jungle radiant
2171466,54,38,radiant,%5BHyperX%5D%20Liquid%60BuLba,0,1396933,1397,0.000529140009234383,Pro,jungle radiant
2172466,53,35,radiant,%5BHyperX%5D%20Liquid%60BuLba,0,1397933,1398,0.000529518778031258,Pro,jungle radiant
2173466,53,32,radiant,%5BHyperX%5D%20Liquid%60BuLba,0,1398933,1399,0.000529897546828133,Pro,jungle radiant
2174533,54,29,radiant,%5BHyperX%5D%20Liquid%60BuLba,0,1400000,1400,0.000530276315625008,Pro,jungle radiant
2174533,54,29,radiant,%5BHyperX%5D%20Liquid%60BuLba,0,1400000,1401,0.000530655084421883,Pro,jungle radiant
2174533,54,29,radiant,%5BHyperX%5D%20Liquid%60BuLba,0,1400000,1402,0.000531033853218758,Pro,jungle radiant
2174533,54,29,radiant,%5BHyperX%5D%20Liquid%60BuLba,0,1400000,1403,0.000531412622015633,Pro,jungle radiant
2174533,54,29,radiant,%5BHyperX%5D%20Liquid%60BuLba,0,1400000,1404,0.000531791390812508,Pro,jungle radiant
2174533,54,29,radiant,%5BHyperX%5D%20Liquid%60BuLba,0,1400000,1405,0.000532170159609383,Pro,jungle radiant
2180266,56,28,radiant,%5BHyperX%5D%20Liquid%60BuLba,0,1405733,1406,0.000532548928406258,Pro,jungle radiant
2181466,53,29,radiant,%5BHyperX%5D%20Liquid%60BuLba,0,1406933,1407,0.000532927697203133,Pro,jungle radiant
2182200,51,30,radiant,%5BHyperX%5D%20Liquid%60BuLba,0,1407667,1408,0.000533306466000008,Pro,jungle radiant
2183333,48,31,radiant,%5BHyperX%5D%20Liquid%60BuLba,0,1408800,1409,0.000533685234796883,Pro,jungle radiant
2184466,45,32,radiant,%5BHyperX%5D%20Liquid%60BuLba,0,1409933,1410,0.000534064003593758,Pro,jungle radiant
2185400,43,34,radiant,%5BHyperX%5D%20Liquid%60BuLba,0,1410867,1411,0.000534442772390633,Pro,midlane radiant
2186400,41,36,radiant,%5BHyperX%5D%20Liquid%60BuLba,0,1411867,1412,0.000534821541187508,Pro,midlane radiant
2187466,39,38,radiant,%5BHyperX%5D%20Liquid%60BuLba,0,1412933,1413,0.000535200309984383,Pro,midlane radiant
2188533,37,40,radiant,%5BHyperX%5D%20Liquid%60BuLba,0,1414000,1414,0.000535579078781258,Pro,midlane radiant
2189400,36,42,radiant,%5BHyperX%5D%20Liquid%60BuLba,0,1414867,1415,0.000535957847578133,Pro,midlane radiant
2190333,36,44,radiant,%5BHyperX%5D%20Liquid%60BuLba,0,1415800,1416,0.000536336616375008,Pro,midlane radiant
2191266,34,45,radiant,%5BHyperX%5D%20Liquid%60BuLba,0,1416733,1417,0.000536715385171883,Pro,jungle radiant
2192400,31,45,radiant,%5BHyperX%5D%20Liquid%60BuLba,0,1417867,1418,0.000537094153968758,Pro,jungle radiant
2193466,30,44,radiant,%5BHyperX%5D%20Liquid%60BuLba,0,1418933,1419,0.000537472922765633,Pro,void radiant
2194000,30,42,radiant,%5BHyperX%5D%20Liquid%60BuLba,0,1419467,1420,0.000537851691562508,Pro,void radiant
2195400,29,42,radiant,%5BHyperX%5D%20Liquid%60BuLba,0,1420867,1421,0.000538230460359383,Pro,void radiant
2196400,27,44,radiant,%5BHyperX%5D%20Liquid%60BuLba,0,1421867,1422,0.000538609229156258,Pro,jungle radiant
2197333,25,46,radiant,%5BHyperX%5D%20Liquid%60BuLba,0,1422800,1423,0.000538987997953133,Pro,jungle radiant
2198533,22,48,radiant,%5BHyperX%5D%20Liquid%60BuLba,0,1424000,1424,0.000539366766750008,Pro,jungle radiant
2199400,20,50,radiant,%5BHyperX%5D%20Liquid%60BuLba,0,1424867,1425,0.000539745535546883,Pro,jungle radiant
2200333,18,52,radiant,%5BHyperX%5D%20Liquid%60BuLba,0,1425800,1426,0.000540124304343758,Pro,toplane radiant
2201400,17,55,radiant,%5BHyperX%5D%20Liquid%60BuLba,0,1426867,1427,0.000540503073140633,Pro,toplane radiant
2202533,15,57,radiant,%5BHyperX%5D%20Liquid%60BuLba,0,1428000,1428,0.000540881841937508,Pro,toplane radiant
2203466,13,59,radiant,%5BHyperX%5D%20Liquid%60BuLba,0,1428933,1429,0.000541260610734383,Pro,toplane radiant
2204466,10,60,radiant,%5BHyperX%5D%20Liquid%60BuLba,0,1429933,1430,0.000541639379531258,Pro,void radiant
2205333,12,60,radiant,%5BHyperX%5D%20Liquid%60BuLba,0,1430800,1431,0.000542018148328133,Pro,toplane radiant
2206333,13,57,radiant,%5BHyperX%5D%20Liquid%60BuLba,0,1431800,1432,0.000542396917125008,Pro,toplane radiant
2207466,14,54,radiant,%5BHyperX%5D%20Liquid%60BuLba,0,1432933,1433,0.000542775685921884,Pro,toplane radiant
2208266,14,51,radiant,%5BHyperX%5D%20Liquid%60BuLba,0,1433733,1434,0.000543154454718759,Pro,toplane radiant
2209466,17,49,radiant,%5BHyperX%5D%20Liquid%60BuLba,0,1434933,1435,0.000543533223515634,Pro,toplane radiant
2210466,20,49,radiant,%5BHyperX%5D%20Liquid%60BuLba,0,1435933,1436,0.000543911992312509,Pro,jungle radiant
2211533,23,48,radiant,%5BHyperX%5D%20Liquid%60BuLba,0,1437000,1437,0.000544290761109384,Pro,jungle radiant
2212533,26,47,radiant,%5BHyperX%5D%20Liquid%60BuLba,0,1438000,1438,0.000544669529906259,Pro,jungle radiant
2213533,29,46,radiant,%5BHyperX%5D%20Liquid%60BuLba,0,1439000,1439,0.000545048298703134,Pro,jungle radiant
2214533,32,45,radiant,%5BHyperX%5D%20Liquid%60BuLba,0,1440000,1440,0.000545427067500009,Pro,jungle radiant
2215533,35,45,radiant,%5BHyperX%5D%20Liquid%60BuLba,0,1441000,1441,0.000545805836296884,Pro,jungle radiant
2216533,38,45,radiant,%5BHyperX%5D%20Liquid%60BuLba,0,1442000,1442,0.000546184605093759,Pro,midlane radiant
2217533,41,45,radiant,%5BHyperX%5D%20Liquid%60BuLba,0,1443000,1443,0.000546563373890634,Pro,midlane radiant
2218200,43,45,radiant,%5BHyperX%5D%20Liquid%60BuLba,0,1443667,1444,0.000546942142687509,Pro,midlane radiant
2218933,44,45,radiant,%5BHyperX%5D%20Liquid%60BuLba,0,1444400,1445,0.000547320911484384,Pro,midlane radiant
2220333,43,42,radiant,%5BHyperX%5D%20Liquid%60BuLba,0,1445800,1446,0.000547699680281259,Pro,midlane radiant
2221400,42,39,radiant,%5BHyperX%5D%20Liquid%60BuLba,0,1446867,1447,0.000548078449078134,Pro,midlane radiant
2222400,42,36,radiant,%5BHyperX%5D%20Liquid%60BuLba,0,1447867,1448,0.000548457217875009,Pro,midlane radiant
2223400,42,33,radiant,%5BHyperX%5D%20Liquid%60BuLba,0,1448867,1449,0.000548835986671884,Pro,midlane radiant
2224400,41,30,radiant,%5BHyperX%5D%20Liquid%60BuLba,0,1449867,1450,0.000549214755468759,Pro,midlane radiant
2225333,41,27,radiant,%5BHyperX%5D%20Liquid%60BuLba,0,1450800,1451,0.000549593524265634,Pro,void radiant
2226333,41,24,radiant,%5BHyperX%5D%20Liquid%60BuLba,0,1451800,1452,0.000549972293062509,Pro,jungle radiant
2227333,41,21,radiant,%5BHyperX%5D%20Liquid%60BuLba,0,1452800,1453,0.000550351061859384,Pro,jungle radiant
2228333,41,18,radiant,%5BHyperX%5D%20Liquid%60BuLba,0,1453800,1454,0.000550729830656259,Pro,jungle radiant
2229333,41,15,radiant,%5BHyperX%5D%20Liquid%60BuLba,0,1454800,1455,0.000551108599453134,Pro,bottomlane radiant
2230333,40,12,radiant,%5BHyperX%5D%20Liquid%60BuLba,0,1455800,1456,0.000551487368250009,Pro,bottomlane radiant
2231533,41,10,radiant,%5BHyperX%5D%20Liquid%60BuLba,0,1457000,1457,0.000551866137046884,Pro,bottomlane radiant
2231533,41,10,radiant,%5BHyperX%5D%20Liquid%60BuLba,0,1457000,1458,0.000552244905843759,Pro,bottomlane radiant
2231533,41,10,radiant,%5BHyperX%5D%20Liquid%60BuLba,0,1457000,1459,0.000552623674640634,Pro,bottomlane radiant
2231533,41,10,radiant,%5BHyperX%5D%20Liquid%60BuLba,0,1457000,1460,0.000553002443437509,Pro,bottomlane radiant
2231533,41,10,radiant,%5BHyperX%5D%20Liquid%60BuLba,0,1457000,1461,0.000553381212234384,Pro,bottomlane radiant
2231533,41,10,radiant,%5BHyperX%5D%20Liquid%60BuLba,0,1457000,1462,0.000553759981031259,Pro,bottomlane radiant
2237533,42,10,radiant,%5BHyperX%5D%20Liquid%60BuLba,0,1463000,1463,0.000554138749828134,Pro,bottomlane radiant
2238533,44,12,radiant,%5BHyperX%5D%20Liquid%60BuLba,0,1464000,1464,0.000554517518625009,Pro,bottomlane radiant
2238533,44,12,radiant,%5BHyperX%5D%20Liquid%60BuLba,0,1464000,1465,0.000554896287421884,Pro,bottomlane radiant
2240466,42,13,radiant,%5BHyperX%5D%20Liquid%60BuLba,0,1465933,1466,0.000555275056218759,Pro,bottomlane radiant
2240866,42,14,radiant,%5BHyperX%5D%20Liquid%60BuLba,0,1466333,1467,0.000555653825015634,Pro,bottomlane radiant
2242333,41,14,radiant,%5BHyperX%5D%20Liquid%60BuLba,0,1467800,1468,0.000556032593812509,Pro,bottomlane radiant
2243333,39,16,radiant,%5BHyperX%5D%20Liquid%60BuLba,0,1468800,1469,0.000556411362609384,Pro,bottomlane radiant
2243666,39,17,radiant,%5BHyperX%5D%20Liquid%60BuLba,0,1469133,1470,0.000556790131406259,Pro,jungle radiant
2245400,39,20,radiant,%5BHyperX%5D%20Liquid%60BuLba,0,1470867,1471,0.000557168900203134,Pro,jungle radiant
2246333,39,23,radiant,%5BHyperX%5D%20Liquid%60BuLba,0,1471800,1472,0.000557547669000009,Pro,jungle radiant
2247333,40,26,radiant,%5BHyperX%5D%20Liquid%60BuLba,0,1472800,1473,0.000557926437796884,Pro,jungle radiant
2248000,41,28,radiant,%5BHyperX%5D%20Liquid%60BuLba,0,1473467,1474,0.000558305206593759,Pro,jungle radiant
2249333,44,28,radiant,%5BHyperX%5D%20Liquid%60BuLba,0,1474800,1475,0.000558683975390634,Pro,jungle radiant
2250333,47,30,radiant,%5BHyperX%5D%20Liquid%60BuLba,0,1475800,1476,0.000559062744187509,Pro,jungle radiant
2251466,50,32,radiant,%5BHyperX%5D%20Liquid%60BuLba,0,1476933,1477,0.000559441512984384,Pro,jungle radiant
2252400,53,34,radiant,%5BHyperX%5D%20Liquid%60BuLba,0,1477867,1478,0.000559820281781259,Pro,jungle radiant
2253400,55,36,radiant,%5BHyperX%5D%20Liquid%60BuLba,0,1478867,1479,0.000560199050578134,Pro,jungle radiant
2254533,57,37,radiant,%5BHyperX%5D%20Liquid%60BuLba,0,1480000,1480,0.000560577819375009,Pro,jungle radiant
2255533,58,38,radiant,%5BHyperX%5D%20Liquid%60BuLba,0,1481000,1481,0.000560956588171884,Pro,jungle radiant
2255533,58,38,radiant,%5BHyperX%5D%20Liquid%60BuLba,0,1481000,1482,0.000561335356968759,Pro,jungle radiant
2257400,60,39,radiant,%5BHyperX%5D%20Liquid%60BuLba,0,1482867,1483,0.000561714125765634,Pro,jungle radiant
2258266,63,40,radiant,%5BHyperX%5D%20Liquid%60BuLba,0,1483733,1484,0.000562092894562509,Pro,jungle radiant
2259133,65,40,radiant,%5BHyperX%5D%20Liquid%60BuLba,0,1484600,1485,0.000562471663359384,Pro,jungle radiant
2260533,64,40,radiant,%5BHyperX%5D%20Liquid%60BuLba,0,1486000,1486,0.000562850432156259,Pro,jungle radiant
2261533,53,41,radiant,%5BHyperX%5D%20Liquid%60BuLba,0,1487000,1487,0.000563229200953134,Pro,jungle radiant
2262533,53,41,radiant,%5BHyperX%5D%20Liquid%60BuLba,0,1488000,1488,0.000563607969750009,Pro,jungle radiant
2263533,53,39,radiant,%5BHyperX%5D%20Liquid%60BuLba,0,1489000,1489,0.000563986738546884,Pro,jungle radiant
2264466,54,37,radiant,%5BHyperX%5D%20Liquid%60BuLba,0,1489933,1490,0.000564365507343759,Pro,jungle radiant
2265533,57,37,radiant,%5BHyperX%5D%20Liquid%60BuLba,0,1491000,1491,0.000564744276140634,Pro,jungle radiant
2266533,60,38,radiant,%5BHyperX%5D%20Liquid%60BuLba,0,1492000,1492,0.000565123044937509,Pro,jungle radiant
2267533,64,39,radiant,%5BHyperX%5D%20Liquid%60BuLba,0,1493000,1493,0.000565501813734384,Pro,jungle radiant
2268000,64,39,radiant,%5BHyperX%5D%20Liquid%60BuLba,0,1493467,1494,0.000565880582531259,Pro,jungle radiant
2269466,62,39,radiant,%5BHyperX%5D%20Liquid%60BuLba,0,1494933,1495,0.000566259351328134,Pro,jungle radiant
2269466,62,39,radiant,%5BHyperX%5D%20Liquid%60BuLba,0,1494933,1496,0.000566638120125009,Pro,jungle radiant
2271266,60,38,radiant,%5BHyperX%5D%20Liquid%60BuLba,0,1496733,1497,0.000567016888921884,Pro,jungle radiant
2272466,59,37,radiant,%5BHyperX%5D%20Liquid%60BuLba,0,1497933,1498,0.000567395657718759,Pro,jungle radiant
2273533,56,36,radiant,%5BHyperX%5D%20Liquid%60BuLba,0,1499000,1499,0.000567774426515634,Pro,jungle radiant
2273533,56,36,radiant,%5BHyperX%5D%20Liquid%60BuLba,0,1499000,1500,0.000568153195312509,Pro,jungle radiant
2273533,56,36,radiant,%5BHyperX%5D%20Liquid%60BuLba,0,1499000,1501,0.000568531964109384,Pro,jungle radiant
2273533,56,36,radiant,%5BHyperX%5D%20Liquid%60BuLba,0,1499000,1502,0.000568910732906259,Pro,jungle radiant
2273533,56,36,radiant,%5BHyperX%5D%20Liquid%60BuLba,0,1499000,1503,0.000569289501703134,Pro,jungle radiant
2273533,56,36,radiant,%5BHyperX%5D%20Liquid%60BuLba,0,1499000,1504,0.000569668270500009,Pro,jungle radiant
2273533,56,36,radiant,%5BHyperX%5D%20Liquid%60BuLba,0,1499000,1505,0.000570047039296884,Pro,jungle radiant
2280133,56,36,radiant,%5BHyperX%5D%20Liquid%60BuLba,0,1505600,1506,0.000570425808093759,Pro,jungle radiant
2280133,56,36,radiant,%5BHyperX%5D%20Liquid%60BuLba,0,1505600,1507,0.000570804576890634,Pro,jungle radiant
2280133,56,36,radiant,%5BHyperX%5D%20Liquid%60BuLba,0,1505600,1508,0.000571183345687509,Pro,jungle radiant
2280133,56,36,radiant,%5BHyperX%5D%20Liquid%60BuLba,0,1505600,1509,0.000571562114484384,Pro,jungle radiant
2280133,56,36,radiant,%5BHyperX%5D%20Liquid%60BuLba,0,1505600,1510,0.000571940883281259,Pro,jungle radiant
2280133,56,36,radiant,%5BHyperX%5D%20Liquid%60BuLba,0,1505600,1511,0.000572319652078134,Pro,jungle radiant
2280133,56,36,radiant,%5BHyperX%5D%20Liquid%60BuLba,0,1505600,1512,0.000572698420875009,Pro,jungle radiant
2280133,56,36,radiant,%5BHyperX%5D%20Liquid%60BuLba,0,1505600,1513,0.000573077189671884,Pro,jungle radiant
2280133,56,36,radiant,%5BHyperX%5D%20Liquid%60BuLba,0,1505600,1514,0.000573455958468759,Pro,jungle radiant
2280133,56,36,radiant,%5BHyperX%5D%20Liquid%60BuLba,0,1505600,1515,0.000573834727265634,Pro,jungle radiant
2280133,56,36,radiant,%5BHyperX%5D%20Liquid%60BuLba,0,1505600,1516,0.000574213496062509,Pro,jungle radiant
2280133,56,36,radiant,%5BHyperX%5D%20Liquid%60BuLba,0,1505600,1517,0.000574592264859384,Pro,jungle radiant
2280133,56,36,radiant,%5BHyperX%5D%20Liquid%60BuLba,0,1505600,1518,0.000574971033656259,Pro,jungle radiant
2280133,56,36,radiant,%5BHyperX%5D%20Liquid%60BuLba,0,1505600,1519,0.000575349802453134,Pro,jungle radiant
2280133,56,36,radiant,%5BHyperX%5D%20Liquid%60BuLba,0,1505600,1520,0.000575728571250009,Pro,jungle radiant
2280133,56,36,radiant,%5BHyperX%5D%20Liquid%60BuLba,0,1505600,1521,0.000576107340046884,Pro,jungle radiant
2280133,56,36,radiant,%5BHyperX%5D%20Liquid%60BuLba,0,1505600,1522,0.000576486108843759,Pro,jungle radiant
2280133,56,36,radiant,%5BHyperX%5D%20Liquid%60BuLba,0,1505600,1523,0.000576864877640634,Pro,jungle radiant
2280133,56,36,radiant,%5BHyperX%5D%20Liquid%60BuLba,0,1505600,1524,0.000577243646437509,Pro,jungle radiant
2280133,56,36,radiant,%5BHyperX%5D%20Liquid%60BuLba,0,1505600,1525,0.000577622415234384,Pro,jungle radiant
2280133,56,36,radiant,%5BHyperX%5D%20Liquid%60BuLba,0,1505600,1526,0.000578001184031259,Pro,jungle radiant
2280133,56,36,radiant,%5BHyperX%5D%20Liquid%60BuLba,0,1505600,1527,0.000578379952828134,Pro,jungle radiant
2280133,56,36,radiant,%5BHyperX%5D%20Liquid%60BuLba,0,1505600,1528,0.000578758721625009,Pro,jungle radiant
2280133,56,36,radiant,%5BHyperX%5D%20Liquid%60BuLba,0,1505600,1529,0.000579137490421884,Pro,jungle radiant
2280133,56,36,radiant,%5BHyperX%5D%20Liquid%60BuLba,0,1505600,1530,0.000579516259218759,Pro,jungle radiant
2280133,56,36,radiant,%5BHyperX%5D%20Liquid%60BuLba,0,1505600,1531,0.000579895028015634,Pro,jungle radiant
2280133,56,36,radiant,%5BHyperX%5D%20Liquid%60BuLba,0,1505600,1532,0.000580273796812509,Pro,jungle radiant
2280133,56,36,radiant,%5BHyperX%5D%20Liquid%60BuLba,0,1505600,1533,0.000580652565609384,Pro,jungle radiant
2280133,56,36,radiant,%5BHyperX%5D%20Liquid%60BuLba,0,1505600,1534,0.000581031334406259,Pro,jungle radiant
2280133,56,36,radiant,%5BHyperX%5D%20Liquid%60BuLba,0,1505600,1535,0.000581410103203134,Pro,jungle radiant
2280133,56,36,radiant,%5BHyperX%5D%20Liquid%60BuLba,0,1505600,1536,0.000581788872000009,Pro,jungle radiant
2280133,56,36,radiant,%5BHyperX%5D%20Liquid%60BuLba,0,1505600,1537,0.000582167640796884,Pro,jungle radiant
2280133,56,36,radiant,%5BHyperX%5D%20Liquid%60BuLba,0,1505600,1538,0.000582546409593759,Pro,jungle radiant
2280133,56,36,radiant,%5BHyperX%5D%20Liquid%60BuLba,0,1505600,1539,0.000582925178390634,Pro,jungle radiant
2280133,56,36,radiant,%5BHyperX%5D%20Liquid%60BuLba,0,1505600,1540,0.000583303947187509,Pro,jungle radiant
2280133,56,36,radiant,%5BHyperX%5D%20Liquid%60BuLba,0,1505600,1541,0.000583682715984384,Pro,jungle radiant
2280133,56,36,radiant,%5BHyperX%5D%20Liquid%60BuLba,0,1505600,1542,0.000584061484781259,Pro,jungle radiant
2280133,56,36,radiant,%5BHyperX%5D%20Liquid%60BuLba,0,1505600,1543,0.000584440253578134,Pro,jungle radiant
2280133,56,36,radiant,%5BHyperX%5D%20Liquid%60BuLba,0,1505600,1544,0.000584819022375009,Pro,jungle radiant
2280133,56,36,radiant,%5BHyperX%5D%20Liquid%60BuLba,0,1505600,1545,0.000585197791171884,Pro,jungle radiant
2280133,56,36,radiant,%5BHyperX%5D%20Liquid%60BuLba,0,1505600,1546,0.000585576559968759,Pro,jungle radiant
2280133,56,36,radiant,%5BHyperX%5D%20Liquid%60BuLba,0,1505600,1547,0.000585955328765634,Pro,jungle radiant
2280133,56,36,radiant,%5BHyperX%5D%20Liquid%60BuLba,0,1505600,1548,0.000586334097562509,Pro,jungle radiant
2280133,56,36,radiant,%5BHyperX%5D%20Liquid%60BuLba,0,1505600,1549,0.000586712866359384,Pro,jungle radiant
2280133,56,36,radiant,%5BHyperX%5D%20Liquid%60BuLba,0,1505600,1550,0.000587091635156259,Pro,jungle radiant
2325333,10,6,radiant,%5BHyperX%5D%20Liquid%60BuLba,0,1550800,1551,0.000587470403953134,Pro,base1 radiant
2326533,11,9,radiant,%5BHyperX%5D%20Liquid%60BuLba,0,1552000,1552,0.000587849172750009,Pro,base1 radiant
2327333,13,11,radiant,%5BHyperX%5D%20Liquid%60BuLba,0,1552800,1553,0.000588227941546884,Pro,base1 radiant
2328466,16,12,radiant,%5BHyperX%5D%20Liquid%60BuLba,0,1553933,1554,0.000588606710343759,Pro,base1 radiant
2329533,19,13,radiant,%5BHyperX%5D%20Liquid%60BuLba,0,1555000,1555,0.000588985479140634,Pro,base1 radiant
2330400,21,15,radiant,%5BHyperX%5D%20Liquid%60BuLba,0,1555867,1556,0.000589364247937509,Pro,base1 radiant
2331266,24,15,radiant,%5BHyperX%5D%20Liquid%60BuLba,0,1556733,1557,0.000589743016734384,Pro,base1 radiant
2332266,27,16,radiant,%5BHyperX%5D%20Liquid%60BuLba,0,1557733,1558,0.000590121785531259,Pro,base1 radiant
2333266,30,16,radiant,%5BHyperX%5D%20Liquid%60BuLba,0,1558733,1559,0.000590500554328134,Pro,base1 radiant
2334266,33,17,radiant,%5BHyperX%5D%20Liquid%60BuLba,0,1559733,1560,0.000590879323125009,Pro,base1 radiant
2334266,33,17,radiant,%5BHyperX%5D%20Liquid%60BuLba,0,1559733,1561,0.000591258091921884,Pro,base1 radiant
2334266,33,17,radiant,%5BHyperX%5D%20Liquid%60BuLba,0,1559733,1562,0.000591636860718759,Pro,base1 radiant
2334266,33,17,radiant,%5BHyperX%5D%20Liquid%60BuLba,0,1559733,1563,0.000592015629515634,Pro,base1 radiant
2338066,32,18,radiant,%5BHyperX%5D%20Liquid%60BuLba,0,1563533,1564,0.000592394398312509,Pro,base1 radiant
2338066,32,18,radiant,%5BHyperX%5D%20Liquid%60BuLba,0,1563533,1565,0.000592773167109384,Pro,base1 radiant
2340133,32,18,radiant,%5BHyperX%5D%20Liquid%60BuLba,0,1565600,1566,0.000593151935906259,Pro,base1 radiant
2340133,32,18,radiant,%5BHyperX%5D%20Liquid%60BuLba,0,1565600,1567,0.000593530704703134,Pro,base1 radiant
2340133,32,18,radiant,%5BHyperX%5D%20Liquid%60BuLba,0,1565600,1568,0.000593909473500009,Pro,base1 radiant
2343066,31,19,radiant,%5BHyperX%5D%20Liquid%60BuLba,0,1568533,1569,0.000594288242296884,Pro,base1 radiant
2343066,31,19,radiant,%5BHyperX%5D%20Liquid%60BuLba,0,1568533,1570,0.000594667011093759,Pro,base1 radiant
2343066,31,19,radiant,%5BHyperX%5D%20Liquid%60BuLba,0,1568533,1571,0.000595045779890634,Pro,base1 radiant
2343066,31,19,radiant,%5BHyperX%5D%20Liquid%60BuLba,0,1568533,1572,0.000595424548687509,Pro,base1 radiant
2347333,31,20,radiant,%5BHyperX%5D%20Liquid%60BuLba,0,1572800,1573,0.000595803317484384,Pro,base1 radiant
2348266,32,21,radiant,%5BHyperX%5D%20Liquid%60BuLba,0,1573733,1574,0.000596182086281259,Pro,base1 radiant
2349400,31,23,radiant,%5BHyperX%5D%20Liquid%60BuLba,0,1574867,1575,0.000596560855078134,Pro,base1 radiant
2350333,30,26,radiant,%5BHyperX%5D%20Liquid%60BuLba,0,1575800,1576,0.000596939623875009,Pro,base1 radiant
2351333,31,29,radiant,%5BHyperX%5D%20Liquid%60BuLba,0,1576800,1577,0.000597318392671884,Pro,midlane radiant
2352133,32,30,radiant,%5BHyperX%5D%20Liquid%60BuLba,0,1577600,1578,0.000597697161468759,Pro,midlane radiant
2352133,32,30,radiant,%5BHyperX%5D%20Liquid%60BuLba,0,1577600,1579,0.000598075930265634,Pro,midlane radiant
2354133,30,29,radiant,%5BHyperX%5D%20Liquid%60BuLba,0,1579600,1580,0.000598454699062509,Pro,midlane radiant
2354133,30,29,radiant,%5BHyperX%5D%20Liquid%60BuLba,0,1579600,1581,0.000598833467859384,Pro,midlane radiant
2356400,31,30,radiant,%5BHyperX%5D%20Liquid%60BuLba,0,1581867,1582,0.000599212236656259,Pro,midlane radiant
2356933,32,31,radiant,%5BHyperX%5D%20Liquid%60BuLba,0,1582400,1583,0.000599591005453134,Pro,midlane radiant
2358533,33,31,radiant,%5BHyperX%5D%20Liquid%60BuLba,0,1584000,1584,0.000599969774250009,Pro,midlane radiant
2358933,34,32,radiant,%5BHyperX%5D%20Liquid%60BuLba,0,1584400,1585,0.000600348543046884,Pro,midlane radiant
2358933,34,32,radiant,%5BHyperX%5D%20Liquid%60BuLba,0,1584400,1586,0.000600727311843759,Pro,midlane radiant
2361533,34,31,radiant,%5BHyperX%5D%20Liquid%60BuLba,0,1587000,1587,0.000601106080640634,Pro,midlane radiant
2362200,33,29,radiant,%5BHyperX%5D%20Liquid%60BuLba,0,1587667,1588,0.000601484849437509,Pro,midlane radiant
2363466,30,27,radiant,%5BHyperX%5D%20Liquid%60BuLba,0,1588933,1589,0.000601863618234384,Pro,base1 radiant
2363466,30,27,radiant,%5BHyperX%5D%20Liquid%60BuLba,0,1588933,1590,0.000602242387031259,Pro,base1 radiant
2365533,29,28,radiant,%5BHyperX%5D%20Liquid%60BuLba,0,1591000,1591,0.000602621155828134,Pro,base1 radiant
2366466,27,29,radiant,%5BHyperX%5D%20Liquid%60BuLba,0,1591933,1592,0.000602999924625009,Pro,base1 radiant
2367400,25,31,radiant,%5BHyperX%5D%20Liquid%60BuLba,0,1592867,1593,0.000603378693421884,Pro,base1 radiant
2368400,22,32,radiant,%5BHyperX%5D%20Liquid%60BuLba,0,1593867,1594,0.000603757462218759,Pro,base1 radiant
2369533,19,33,radiant,%5BHyperX%5D%20Liquid%60BuLba,0,1595000,1595,0.000604136231015634,Pro,base1 radiant
2370400,17,35,radiant,%5BHyperX%5D%20Liquid%60BuLba,0,1595867,1596,0.000604514999812509,Pro,base1 radiant
2371066,19,34,radiant,%5BHyperX%5D%20Liquid%60BuLba,0,1596533,1597,0.000604893768609384,Pro,base1 radiant
2372466,16,35,radiant,%5BHyperX%5D%20Liquid%60BuLba,0,1597933,1598,0.000605272537406259,Pro,base1 radiant
2373400,14,37,radiant,%5BHyperX%5D%20Liquid%60BuLba,0,1598867,1599,0.000605651306203134,Pro,base1 radiant
2374533,14,40,radiant,%5BHyperX%5D%20Liquid%60BuLba,0,1600000,1600,0.000606030075000009,Pro,toplane radiant
2375266,13,42,radiant,%5BHyperX%5D%20Liquid%60BuLba,0,1600733,1601,0.000606408843796884,Pro,toplane radiant
2376400,12,45,radiant,%5BHyperX%5D%20Liquid%60BuLba,0,1601867,1602,0.000606787612593759,Pro,toplane radiant
2377466,11,48,radiant,%5BHyperX%5D%20Liquid%60BuLba,0,1602933,1603,0.000607166381390634,Pro,toplane radiant
2378533,11,50,radiant,%5BHyperX%5D%20Liquid%60BuLba,0,1604000,1604,0.000607545150187509,Pro,toplane radiant
2379533,12,53,radiant,%5BHyperX%5D%20Liquid%60BuLba,0,1605000,1605,0.000607923918984384,Pro,toplane radiant
2380533,12,56,radiant,%5BHyperX%5D%20Liquid%60BuLba,0,1606000,1606,0.000608302687781259,Pro,toplane radiant
2381200,12,58,radiant,%5BHyperX%5D%20Liquid%60BuLba,0,1606667,1607,0.000608681456578134,Pro,toplane radiant
2381200,12,58,radiant,%5BHyperX%5D%20Liquid%60BuLba,0,1606667,1608,0.000609060225375009,Pro,toplane radiant
2381200,12,58,radiant,%5BHyperX%5D%20Liquid%60BuLba,0,1606667,1609,0.000609438994171884,Pro,toplane radiant
2381200,12,58,radiant,%5BHyperX%5D%20Liquid%60BuLba,0,1606667,1610,0.000609817762968759,Pro,toplane radiant
2385133,13,57,radiant,%5BHyperX%5D%20Liquid%60BuLba,0,1610600,1611,0.000610196531765635,Pro,toplane radiant
2385133,13,57,radiant,%5BHyperX%5D%20Liquid%60BuLba,0,1610600,1612,0.00061057530056251,Pro,toplane radiant
2387333,13,55,radiant,%5BHyperX%5D%20Liquid%60BuLba,0,1612800,1613,0.000610954069359385,Pro,toplane radiant
2388333,13,56,radiant,%5BHyperX%5D%20Liquid%60BuLba,0,1613800,1614,0.00061133283815626,Pro,toplane radiant
2389533,14,59,radiant,%5BHyperX%5D%20Liquid%60BuLba,0,1615000,1615,0.000611711606953135,Pro,toplane radiant
2390333,13,59,radiant,%5BHyperX%5D%20Liquid%60BuLba,0,1615800,1616,0.00061209037575001,Pro,toplane radiant
2390600,13,60,radiant,%5BHyperX%5D%20Liquid%60BuLba,0,1616067,1617,0.000612469144546885,Pro,toplane radiant
2392400,13,58,radiant,%5BHyperX%5D%20Liquid%60BuLba,0,1617867,1618,0.00061284791334376,Pro,toplane radiant
2393466,13,55,radiant,%5BHyperX%5D%20Liquid%60BuLba,0,1618933,1619,0.000613226682140635,Pro,toplane radiant
2394533,12,52,radiant,%5BHyperX%5D%20Liquid%60BuLba,0,1620000,1620,0.00061360545093751,Pro,toplane radiant
2395266,12,50,radiant,%5BHyperX%5D%20Liquid%60BuLba,0,1620733,1621,0.000613984219734385,Pro,toplane radiant
2396333,11,47,radiant,%5BHyperX%5D%20Liquid%60BuLba,0,1621800,1622,0.00061436298853126,Pro,toplane radiant
2397466,11,44,radiant,%5BHyperX%5D%20Liquid%60BuLba,0,1622933,1623,0.000614741757328135,Pro,toplane radiant
2398533,10,41,radiant,%5BHyperX%5D%20Liquid%60BuLba,0,1624000,1624,0.00061512052612501,Pro,toplane radiant
2399200,10,39,radiant,%5BHyperX%5D%20Liquid%60BuLba,0,1624667,1625,0.000615499294921885,Pro,toplane radiant
2400333,9,36,radiant,%5BHyperX%5D%20Liquid%60BuLba,0,1625800,1626,0.00061587806371876,Pro,base1 radiant
2401466,12,26,radiant,%5BHyperX%5D%20Liquid%60BuLba,0,1626933,1627,0.000616256832515635,Pro,base1 radiant
2402533,12,23,radiant,%5BHyperX%5D%20Liquid%60BuLba,0,1628000,1628,0.00061663560131251,Pro,base1 radiant
2403266,12,21,radiant,%5BHyperX%5D%20Liquid%60BuLba,0,1628733,1629,0.000617014370109385,Pro,base1 radiant
2404333,12,18,radiant,%5BHyperX%5D%20Liquid%60BuLba,0,1629800,1630,0.00061739313890626,Pro,base1 radiant
2405400,11,15,radiant,%5BHyperX%5D%20Liquid%60BuLba,0,1630867,1631,0.000617771907703135,Pro,base1 radiant
2406400,11,12,radiant,%5BHyperX%5D%20Liquid%60BuLba,0,1631867,1632,0.00061815067650001,Pro,base1 radiant
2407400,11,9,radiant,%5BHyperX%5D%20Liquid%60BuLba,0,1632867,1633,0.000618529445296885,Pro,base1 radiant
2408533,12,12,radiant,%5BHyperX%5D%20Liquid%60BuLba,0,1634000,1634,0.00061890821409376,Pro,base1 radiant
2409266,12,15,radiant,%5BHyperX%5D%20Liquid%60BuLba,0,1634733,1635,0.000619286982890635,Pro,base1 radiant
2410266,13,18,radiant,%5BHyperX%5D%20Liquid%60BuLba,0,1635733,1636,0.00061966575168751,Pro,base1 radiant
2411333,14,21,radiant,%5BHyperX%5D%20Liquid%60BuLba,0,1636800,1637,0.000620044520484385,Pro,base1 radiant
2412333,14,24,radiant,%5BHyperX%5D%20Liquid%60BuLba,0,1637800,1638,0.00062042328928126,Pro,base1 radiant
2413333,15,27,radiant,%5BHyperX%5D%20Liquid%60BuLba,0,1638800,1639,0.000620802058078135,Pro,base1 radiant
2414266,15,30,radiant,%5BHyperX%5D%20Liquid%60BuLba,0,1639733,1640,0.00062118082687501,Pro,base1 radiant
2415533,15,34,radiant,%5BHyperX%5D%20Liquid%60BuLba,0,1641000,1641,0.000621559595671885,Pro,base1 radiant
2415933,16,34,radiant,%5BHyperX%5D%20Liquid%60BuLba,0,1641400,1642,0.00062193836446876,Pro,base1 radiant
2417400,15,37,radiant,%5BHyperX%5D%20Liquid%60BuLba,0,1642867,1643,0.000622317133265635,Pro,base1 radiant
2418333,15,40,radiant,%5BHyperX%5D%20Liquid%60BuLba,0,1643800,1644,0.00062269590206251,Pro,toplane radiant
2419266,15,43,radiant,%5BHyperX%5D%20Liquid%60BuLba,0,1644733,1645,0.000623074670859385,Pro,toplane radiant
2420200,15,46,radiant,%5BHyperX%5D%20Liquid%60BuLba,0,1645667,1646,0.00062345343965626,Pro,toplane radiant
2421333,18,46,radiant,%5BHyperX%5D%20Liquid%60BuLba,0,1646800,1647,0.000623832208453135,Pro,jungle radiant
2422466,21,46,radiant,%5BHyperX%5D%20Liquid%60BuLba,0,1647933,1648,0.00062421097725001,Pro,jungle radiant
2423266,24,46,radiant,%5BHyperX%5D%20Liquid%60BuLba,0,1648733,1649,0.000624589746046885,Pro,jungle radiant
2423933,26,46,radiant,%5BHyperX%5D%20Liquid%60BuLba,0,1649400,1650,0.00062496851484376,Pro,jungle radiant
2425333,24,47,radiant,%5BHyperX%5D%20Liquid%60BuLba,0,1650800,1651,0.000625347283640635,Pro,jungle radiant
2426333,21,47,radiant,%5BHyperX%5D%20Liquid%60BuLba,0,1651800,1652,0.00062572605243751,Pro,jungle radiant
2427333,18,47,radiant,%5BHyperX%5D%20Liquid%60BuLba,0,1652800,1653,0.000626104821234385,Pro,jungle radiant
2428266,15,46,radiant,%5BHyperX%5D%20Liquid%60BuLba,0,1653733,1654,0.00062648359003126,Pro,toplane radiant
2429400,15,43,radiant,%5BHyperX%5D%20Liquid%60BuLba,0,1654867,1655,0.000626862358828135,Pro,toplane radiant
2430333,15,40,radiant,%5BHyperX%5D%20Liquid%60BuLba,0,1655800,1656,0.00062724112762501,Pro,toplane radiant
2431266,15,37,radiant,%5BHyperX%5D%20Liquid%60BuLba,0,1656733,1657,0.000627619896421885,Pro,base1 radiant
2432466,17,35,radiant,%5BHyperX%5D%20Liquid%60BuLba,0,1657933,1658,0.00062799866521876,Pro,base1 radiant
2432866,18,34,radiant,%5BHyperX%5D%20Liquid%60BuLba,0,1658333,1659,0.000628377434015635,Pro,base1 radiant
2432866,18,34,radiant,%5BHyperX%5D%20Liquid%60BuLba,0,1658333,1660,0.00062875620281251,Pro,base1 radiant
2432866,18,34,radiant,%5BHyperX%5D%20Liquid%60BuLba,0,1658333,1661,0.000629134971609385,Pro,base1 radiant
2432866,18,34,radiant,%5BHyperX%5D%20Liquid%60BuLba,0,1658333,1662,0.00062951374040626,Pro,base1 radiant
2432866,18,34,radiant,%5BHyperX%5D%20Liquid%60BuLba,0,1658333,1663,0.000629892509203135,Pro,base1 radiant
2438333,19,32,radiant,%5BHyperX%5D%20Liquid%60BuLba,0,1663800,1664,0.00063027127800001,Pro,base1 radiant
2438733,20,31,radiant,%5BHyperX%5D%20Liquid%60BuLba,0,1664200,1665,0.000630650046796885,Pro,base1 radiant
2440266,18,31,radiant,%5BHyperX%5D%20Liquid%60BuLba,0,1665733,1666,0.00063102881559376,Pro,base1 radiant
2441400,15,33,radiant,%5BHyperX%5D%20Liquid%60BuLba,0,1666867,1667,0.000631407584390635,Pro,base1 radiant
2442466,13,35,radiant,%5BHyperX%5D%20Liquid%60BuLba,0,1667933,1668,0.00063178635318751,Pro,base1 radiant
2442600,13,36,radiant,%5BHyperX%5D%20Liquid%60BuLba,0,1668067,1669,0.000632165121984385,Pro,base1 radiant
2444333,13,37,radiant,%5BHyperX%5D%20Liquid%60BuLba,0,1669800,1670,0.00063254389078126,Pro,base1 radiant
2444333,13,37,radiant,%5BHyperX%5D%20Liquid%60BuLba,0,1669800,1671,0.000632922659578135,Pro,base1 radiant
2444333,13,37,radiant,%5BHyperX%5D%20Liquid%60BuLba,0,1669800,1672,0.00063330142837501,Pro,base1 radiant
2444333,13,37,radiant,%5BHyperX%5D%20Liquid%60BuLba,0,1669800,1673,0.000633680197171885,Pro,base1 radiant
2444333,13,37,radiant,%5BHyperX%5D%20Liquid%60BuLba,0,1669800,1674,0.00063405896596876,Pro,base1 radiant
2444333,13,37,radiant,%5BHyperX%5D%20Liquid%60BuLba,0,1669800,1675,0.000634437734765635,Pro,base1 radiant
2444333,13,37,radiant,%5BHyperX%5D%20Liquid%60BuLba,0,1669800,1676,0.00063481650356251,Pro,base1 radiant
2451200,14,36,radiant,%5BHyperX%5D%20Liquid%60BuLba,0,1676667,1677,0.000635195272359385,Pro,base1 radiant
2451200,14,36,radiant,%5BHyperX%5D%20Liquid%60BuLba,0,1676667,1678,0.00063557404115626,Pro,base1 radiant
2451200,14,36,radiant,%5BHyperX%5D%20Liquid%60BuLba,0,1676667,1679,0.000635952809953135,Pro,base1 radiant
2454266,15,34,radiant,%5BHyperX%5D%20Liquid%60BuLba,0,1679733,1680,0.00063633157875001,Pro,base1 radiant
2455200,17,33,radiant,%5BHyperX%5D%20Liquid%60BuLba,0,1680667,1681,0.000636710347546885,Pro,base1 radiant
2456466,20,32,radiant,%5BHyperX%5D%20Liquid%60BuLba,0,1681933,1682,0.00063708911634376,Pro,base1 radiant
2457533,23,31,radiant,%5BHyperX%5D%20Liquid%60BuLba,0,1683000,1683,0.000637467885140635,Pro,base1 radiant
2458466,23,28,radiant,%5BHyperX%5D%20Liquid%60BuLba,0,1683933,1684,0.00063784665393751,Pro,base1 radiant
2459333,21,26,radiant,%5BHyperX%5D%20Liquid%60BuLba,0,1684800,1685,0.000638225422734385,Pro,base1 radiant
2460200,20,24,radiant,%5BHyperX%5D%20Liquid%60BuLba,0,1685667,1686,0.00063860419153126,Pro,base1 radiant
2460200,20,24,radiant,%5BHyperX%5D%20Liquid%60BuLba,0,1685667,1687,0.000638982960328135,Pro,base1 radiant
2462266,20,26,radiant,%5BHyperX%5D%20Liquid%60BuLba,0,1687733,1688,0.00063936172912501,Pro,base1 radiant
2463400,21,24,radiant,%5BHyperX%5D%20Liquid%60BuLba,0,1688867,1689,0.000639740497921885,Pro,base1 radiant
2464133,21,23,radiant,%5BHyperX%5D%20Liquid%60BuLba,0,1689600,1690,0.00064011926671876,Pro,base1 radiant
2465533,22,24,radiant,%5BHyperX%5D%20Liquid%60BuLba,0,1691000,1691,0.000640498035515635,Pro,base1 radiant
2466333,23,26,radiant,%5BHyperX%5D%20Liquid%60BuLba,0,1691800,1692,0.00064087680431251,Pro,base1 radiant
2467533,25,29,radiant,%5BHyperX%5D%20Liquid%60BuLba,0,1693000,1693,0.000641255573109385,Pro,base1 radiant
2468533,24,28,radiant,%5BHyperX%5D%20Liquid%60BuLba,0,1694000,1694,0.00064163434190626,Pro,base1 radiant
2469400,22,27,radiant,%5BHyperX%5D%20Liquid%60BuLba,0,1694867,1695,0.000642013110703135,Pro,base1 radiant
2470200,20,25,radiant,%5BHyperX%5D%20Liquid%60BuLba,0,1695667,1696,0.00064239187950001,Pro,base1 radiant
2471400,19,25,radiant,%5BHyperX%5D%20Liquid%60BuLba,0,1696867,1697,0.000642770648296885,Pro,base1 radiant
2472400,18,26,radiant,%5BHyperX%5D%20Liquid%60BuLba,0,1697867,1698,0.00064314941709376,Pro,base1 radiant
2473066,17,28,radiant,%5BHyperX%5D%20Liquid%60BuLba,0,1698533,1699,0.000643528185890635,Pro,base1 radiant
2474266,18,27,radiant,%5BHyperX%5D%20Liquid%60BuLba,0,1699733,1700,0.00064390695468751,Pro,base1 radiant
2475200,17,25,radiant,%5BHyperX%5D%20Liquid%60BuLba,0,1700667,1701,0.000644285723484385,Pro,base1 radiant
2475200,17,25,radiant,%5BHyperX%5D%20Liquid%60BuLba,0,1700667,1702,0.00064466449228126,Pro,base1 radiant
2475200,17,25,radiant,%5BHyperX%5D%20Liquid%60BuLba,0,1700667,1703,0.000645043261078135,Pro,base1 radiant
2475200,17,25,radiant,%5BHyperX%5D%20Liquid%60BuLba,0,1700667,1704,0.00064542202987501,Pro,base1 radiant
2475200,17,25,radiant,%5BHyperX%5D%20Liquid%60BuLba,0,1700667,1705,0.000645800798671885,Pro,base1 radiant
2475200,17,25,radiant,%5BHyperX%5D%20Liquid%60BuLba,0,1700667,1706,0.00064617956746876,Pro,base1 radiant
2475200,17,25,radiant,%5BHyperX%5D%20Liquid%60BuLba,0,1700667,1707,0.000646558336265635,Pro,base1 radiant
2482266,15,27,radiant,%5BHyperX%5D%20Liquid%60BuLba,0,1707733,1708,0.00064693710506251,Pro,base1 radiant
2482666,15,28,radiant,%5BHyperX%5D%20Liquid%60BuLba,0,1708133,1709,0.000647315873859385,Pro,base1 radiant
2484000,14,29,radiant,%5BHyperX%5D%20Liquid%60BuLba,0,1709467,1710,0.00064769464265626,Pro,base1 radiant
2484000,14,29,radiant,%5BHyperX%5D%20Liquid%60BuLba,0,1709467,1711,0.000648073411453135,Pro,base1 radiant
2486533,15,29,radiant,%5BHyperX%5D%20Liquid%60BuLba,0,1712000,1712,0.00064845218025001,Pro,base1 radiant
2487200,16,27,radiant,%5BHyperX%5D%20Liquid%60BuLba,0,1712667,1713,0.000648830949046885,Pro,base1 radiant
2487733,15,26,radiant,%5BHyperX%5D%20Liquid%60BuLba,0,1713200,1714,0.00064920971784376,Pro,base1 radiant
2489133,13,26,radiant,%5BHyperX%5D%20Liquid%60BuLba,0,1714600,1715,0.000649588486640635,Pro,base1 radiant
2489666,13,27,radiant,%5BHyperX%5D%20Liquid%60BuLba,0,1715133,1716,0.00064996725543751,Pro,base1 radiant
2489666,13,27,radiant,%5BHyperX%5D%20Liquid%60BuLba,0,1715133,1717,0.000650346024234385,Pro,base1 radiant
2489666,13,27,radiant,%5BHyperX%5D%20Liquid%60BuLba,0,1715133,1718,0.00065072479303126,Pro,base1 radiant
2489666,13,27,radiant,%5BHyperX%5D%20Liquid%60BuLba,0,1715133,1719,0.000651103561828135,Pro,base1 radiant
2494466,14,24,radiant,%5BHyperX%5D%20Liquid%60BuLba,0,1719933,1720,0.00065148233062501,Pro,base1 radiant
2495466,17,24,radiant,%5BHyperX%5D%20Liquid%60BuLba,0,1720933,1721,0.000651861099421885,Pro,base1 radiant
2496466,18,24,radiant,%5BHyperX%5D%20Liquid%60BuLba,0,1721933,1722,0.00065223986821876,Pro,base1 radiant
2497000,19,25,radiant,%5BHyperX%5D%20Liquid%60BuLba,0,1722467,1723,0.000652618637015635,Pro,base1 radiant
2498333,20,27,radiant,%5BHyperX%5D%20Liquid%60BuLba,0,1723800,1724,0.00065299740581251,Pro,base1 radiant
2499066,20,29,radiant,%5BHyperX%5D%20Liquid%60BuLba,0,1724533,1725,0.000653376174609385,Pro,base1 radiant
2500533,18,30,radiant,%5BHyperX%5D%20Liquid%60BuLba,0,1726000,1726,0.00065375494340626,Pro,base1 radiant
2501200,16,30,radiant,%5BHyperX%5D%20Liquid%60BuLba,0,1726667,1727,0.000654133712203135,Pro,base1 radiant
2502000,16,29,radiant,%5BHyperX%5D%20Liquid%60BuLba,0,1727467,1728,0.00065451248100001,Pro,base1 radiant
2502000,16,29,radiant,%5BHyperX%5D%20Liquid%60BuLba,0,1727467,1729,0.000654891249796885,Pro,base1 radiant
2504266,16,29,radiant,%5BHyperX%5D%20Liquid%60BuLba,0,1729733,1730,0.00065527001859376,Pro,base1 radiant
2505266,17,28,radiant,%5BHyperX%5D%20Liquid%60BuLba,0,1730733,1731,0.000655648787390635,Pro,base1 radiant
2506333,19,26,radiant,%5BHyperX%5D%20Liquid%60BuLba,0,1731800,1732,0.00065602755618751,Pro,base1 radiant
2506333,19,26,radiant,%5BHyperX%5D%20Liquid%60BuLba,0,1731800,1733,0.000656406324984385,Pro,base1 radiant
2506333,19,26,radiant,%5BHyperX%5D%20Liquid%60BuLba,0,1731800,1734,0.00065678509378126,Pro,base1 radiant
2509066,19,28,radiant,%5BHyperX%5D%20Liquid%60BuLba,0,1734533,1735,0.000657163862578135,Pro,base1 radiant
2510533,19,29,radiant,%5BHyperX%5D%20Liquid%60BuLba,0,1736000,1736,0.00065754263137501,Pro,base1 radiant
2510933,19,30,radiant,%5BHyperX%5D%20Liquid%60BuLba,0,1736400,1737,0.000657921400171885,Pro,base1 radiant
2512400,21,30,radiant,%5BHyperX%5D%20Liquid%60BuLba,0,1737867,1738,0.00065830016896876,Pro,base1 radiant
2513400,21,28,radiant,%5BHyperX%5D%20Liquid%60BuLba,0,1738867,1739,0.000658678937765635,Pro,base1 radiant
2513400,21,28,radiant,%5BHyperX%5D%20Liquid%60BuLba,0,1738867,1740,0.00065905770656251,Pro,base1 radiant
2514866,22,27,radiant,%5BHyperX%5D%20Liquid%60BuLba,0,1740333,1741,0.000659436475359385,Pro,base1 radiant
2514866,22,27,radiant,%5BHyperX%5D%20Liquid%60BuLba,0,1740333,1742,0.00065981524415626,Pro,base1 radiant
2514866,22,27,radiant,%5BHyperX%5D%20Liquid%60BuLba,0,1740333,1743,0.000660194012953135,Pro,base1 radiant
2514866,22,27,radiant,%5BHyperX%5D%20Liquid%60BuLba,0,1740333,1744,0.00066057278175001,Pro,base1 radiant
2519533,21,26,radiant,%5BHyperX%5D%20Liquid%60BuLba,0,1745000,1745,0.000660951550546885,Pro,base1 radiant
2520466,18,27,radiant,%5BHyperX%5D%20Liquid%60BuLba,0,1745933,1746,0.00066133031934376,Pro,base1 radiant
2521066,17,28,radiant,%5BHyperX%5D%20Liquid%60BuLba,0,1746533,1747,0.000661709088140635,Pro,base1 radiant
2521066,17,28,radiant,%5BHyperX%5D%20Liquid%60BuLba,0,1746533,1748,0.00066208785693751,Pro,base1 radiant
2521066,17,28,radiant,%5BHyperX%5D%20Liquid%60BuLba,0,1746533,1749,0.000662466625734385,Pro,base1 radiant
2521066,17,28,radiant,%5BHyperX%5D%20Liquid%60BuLba,0,1746533,1750,0.00066284539453126,Pro,base1 radiant
2521066,17,28,radiant,%5BHyperX%5D%20Liquid%60BuLba,0,1746533,1751,0.000663224163328135,Pro,base1 radiant
2521066,17,28,radiant,%5BHyperX%5D%20Liquid%60BuLba,0,1746533,1752,0.00066360293212501,Pro,base1 radiant
2521066,17,28,radiant,%5BHyperX%5D%20Liquid%60BuLba,0,1746533,1753,0.000663981700921885,Pro,base1 radiant
2521066,17,28,radiant,%5BHyperX%5D%20Liquid%60BuLba,0,1746533,1754,0.00066436046971876,Pro,base1 radiant
2521066,17,28,radiant,%5BHyperX%5D%20Liquid%60BuLba,0,1746533,1755,0.000664739238515635,Pro,base1 radiant
2521066,17,28,radiant,%5BHyperX%5D%20Liquid%60BuLba,0,1746533,1756,0.00066511800731251,Pro,base1 radiant
2531466,16,31,radiant,%5BHyperX%5D%20Liquid%60BuLba,0,1756933,1757,0.000665496776109385,Pro,base1 radiant
2532333,15,34,radiant,%5BHyperX%5D%20Liquid%60BuLba,0,1757800,1758,0.00066587554490626,Pro,base1 radiant
2533533,13,37,radiant,%5BHyperX%5D%20Liquid%60BuLba,0,1759000,1759,0.000666254313703135,Pro,base1 radiant
2534533,12,39,radiant,%5BHyperX%5D%20Liquid%60BuLba,0,1760000,1760,0.00066663308250001,Pro,toplane radiant
2535200,13,39,radiant,%5BHyperX%5D%20Liquid%60BuLba,0,1760667,1761,0.000667011851296885,Pro,toplane radiant
2536200,11,40,radiant,%5BHyperX%5D%20Liquid%60BuLba,0,1761667,1762,0.00066739062009376,Pro,toplane radiant
2537533,10,38,radiant,%5BHyperX%5D%20Liquid%60BuLba,0,1763000,1763,0.000667769388890635,Pro,base1 radiant
2538266,9,36,radiant,%5BHyperX%5D%20Liquid%60BuLba,0,1763733,1764,0.00066814815768751,Pro,base1 radiant
2539333,9,33,radiant,%5BHyperX%5D%20Liquid%60BuLba,0,1764800,1765,0.000668526926484385,Pro,base1 radiant
2540466,8,30,radiant,%5BHyperX%5D%20Liquid%60BuLba,0,1765933,1766,0.00066890569528126,Pro,base1 radiant
2541200,8,28,radiant,%5BHyperX%5D%20Liquid%60BuLba,0,1766667,1767,0.000669284464078135,Pro,base1 radiant
2541200,8,28,radiant,%5BHyperX%5D%20Liquid%60BuLba,0,1766667,1768,0.00066966323287501,Pro,base1 radiant
2541200,8,28,radiant,%5BHyperX%5D%20Liquid%60BuLba,0,1766667,1769,0.000670042001671885,Pro,base1 radiant
2541200,8,28,radiant,%5BHyperX%5D%20Liquid%60BuLba,0,1766667,1770,0.00067042077046876,Pro,base1 radiant
2541200,8,28,radiant,%5BHyperX%5D%20Liquid%60BuLba,0,1766667,1771,0.000670799539265635,Pro,base1 radiant
2541200,8,28,radiant,%5BHyperX%5D%20Liquid%60BuLba,0,1766667,1772,0.000671178308062511,Pro,base1 radiant
2541200,8,28,radiant,%5BHyperX%5D%20Liquid%60BuLba,0,1766667,1773,0.000671557076859386,Pro,base1 radiant
2541200,8,28,radiant,%5BHyperX%5D%20Liquid%60BuLba,0,1766667,1774,0.000671935845656261,Pro,base1 radiant
2541200,8,28,radiant,%5BHyperX%5D%20Liquid%60BuLba,0,1766667,1775,0.000672314614453136,Pro,base1 radiant
2541200,8,28,radiant,%5BHyperX%5D%20Liquid%60BuLba,0,1766667,1776,0.000672693383250011,Pro,base1 radiant
2541200,8,28,radiant,%5BHyperX%5D%20Liquid%60BuLba,0,1766667,1777,0.000673072152046886,Pro,base1 radiant
2541200,8,28,radiant,%5BHyperX%5D%20Liquid%60BuLba,0,1766667,1778,0.000673450920843761,Pro,base1 radiant
2541200,8,28,radiant,%5BHyperX%5D%20Liquid%60BuLba,0,1766667,1779,0.000673829689640636,Pro,base1 radiant
2541200,8,28,radiant,%5BHyperX%5D%20Liquid%60BuLba,0,1766667,1780,0.000674208458437511,Pro,base1 radiant
2541200,8,28,radiant,%5BHyperX%5D%20Liquid%60BuLba,0,1766667,1781,0.000674587227234386,Pro,base1 radiant
2541200,8,28,radiant,%5BHyperX%5D%20Liquid%60BuLba,0,1766667,1782,0.000674965996031261,Pro,base1 radiant
2541200,8,28,radiant,%5BHyperX%5D%20Liquid%60BuLba,0,1766667,1783,0.000675344764828136,Pro,base1 radiant
2558266,8,31,radiant,%5BHyperX%5D%20Liquid%60BuLba,0,1783733,1784,0.000675723533625011,Pro,base1 radiant
2559333,9,34,radiant,%5BHyperX%5D%20Liquid%60BuLba,0,1784800,1785,0.000676102302421886,Pro,base1 radiant
2560400,10,37,radiant,%5BHyperX%5D%20Liquid%60BuLba,0,1785867,1786,0.000676481071218761,Pro,base1 radiant
2561466,12,39,radiant,%5BHyperX%5D%20Liquid%60BuLba,0,1786933,1787,0.000676859840015636,Pro,toplane radiant
2562333,11,42,radiant,%5BHyperX%5D%20Liquid%60BuLba,0,1787800,1788,0.000677238608812511,Pro,toplane radiant
2563533,12,45,radiant,%5BHyperX%5D%20Liquid%60BuLba,0,1789000,1789,0.000677617377609386,Pro,toplane radiant
2564333,12,48,radiant,%5BHyperX%5D%20Liquid%60BuLba,0,1789800,1790,0.000677996146406261,Pro,toplane radiant
2565333,12,51,radiant,%5BHyperX%5D%20Liquid%60BuLba,0,1790800,1791,0.000678374915203136,Pro,toplane radiant
2566333,12,54,radiant,%5BHyperX%5D%20Liquid%60BuLba,0,1791800,1792,0.000678753684000011,Pro,toplane radiant
2567466,12,57,radiant,%5BHyperX%5D%20Liquid%60BuLba,0,1792933,1793,0.000679132452796886,Pro,toplane radiant
2568133,12,59,radiant,%5BHyperX%5D%20Liquid%60BuLba,0,1793600,1794,0.000679511221593761,Pro,toplane radiant
2569400,12,59,radiant,%5BHyperX%5D%20Liquid%60BuLba,0,1794867,1795,0.000679889990390636,Pro,toplane radiant
2570266,12,58,radiant,%5BHyperX%5D%20Liquid%60BuLba,0,1795733,1796,0.000680268759187511,Pro,toplane radiant
2570600,12,59,radiant,%5BHyperX%5D%20Liquid%60BuLba,0,1796067,1797,0.000680647527984386,Pro,toplane radiant
2570600,12,59,radiant,%5BHyperX%5D%20Liquid%60BuLba,0,1796067,1798,0.000681026296781261,Pro,toplane radiant
2573266,12,58,radiant,%5BHyperX%5D%20Liquid%60BuLba,0,1798733,1799,0.000681405065578136,Pro,toplane radiant
2574333,12,55,radiant,%5BHyperX%5D%20Liquid%60BuLba,0,1799800,1800,0.000681783834375011,Pro,toplane radiant
2575333,12,52,radiant,%5BHyperX%5D%20Liquid%60BuLba,0,1800800,1801,0.000682162603171886,Pro,toplane radiant
2576400,12,49,radiant,%5BHyperX%5D%20Liquid%60BuLba,0,1801867,1802,0.000682541371968761,Pro,toplane radiant
2577466,13,46,radiant,%5BHyperX%5D%20Liquid%60BuLba,0,1802933,1803,0.000682920140765636,Pro,toplane radiant
2578200,13,44,radiant,%5BHyperX%5D%20Liquid%60BuLba,0,1803667,1804,0.000683298909562511,Pro,toplane radiant
2579333,14,41,radiant,%5BHyperX%5D%20Liquid%60BuLba,0,1804800,1805,0.000683677678359386,Pro,toplane radiant
2580400,14,38,radiant,%5BHyperX%5D%20Liquid%60BuLba,0,1805867,1806,0.000684056447156261,Pro,toplane radiant
2581466,15,35,radiant,%5BHyperX%5D%20Liquid%60BuLba,0,1806933,1807,0.000684435215953136,Pro,base1 radiant
2582466,17,33,radiant,%5BHyperX%5D%20Liquid%60BuLba,0,1807933,1808,0.000684813984750011,Pro,base1 radiant
2583400,19,31,radiant,%5BHyperX%5D%20Liquid%60BuLba,0,1808867,1809,0.000685192753546886,Pro,base1 radiant
2584400,21,29,radiant,%5BHyperX%5D%20Liquid%60BuLba,0,1809867,1810,0.000685571522343761,Pro,base1 radiant
2585466,23,27,radiant,%5BHyperX%5D%20Liquid%60BuLba,0,1810933,1811,0.000685950291140636,Pro,base1 radiant
2586533,25,24,radiant,%5BHyperX%5D%20Liquid%60BuLba,0,1812000,1812,0.000686329059937511,Pro,base1 radiant
2587400,27,22,radiant,%5BHyperX%5D%20Liquid%60BuLba,0,1812867,1813,0.000686707828734386,Pro,base1 radiant
2588200,28,21,radiant,%5BHyperX%5D%20Liquid%60BuLba,0,1813667,1814,0.000687086597531261,Pro,base1 radiant
2589533,25,19,radiant,%5BHyperX%5D%20Liquid%60BuLba,0,1815000,1815,0.000687465366328136,Pro,base1 radiant
2590266,25,17,radiant,%5BHyperX%5D%20Liquid%60BuLba,0,1815733,1816,0.000687844135125011,Pro,base1 radiant
2590266,25,17,radiant,%5BHyperX%5D%20Liquid%60BuLba,0,1815733,1817,0.000688222903921886,Pro,base1 radiant
2590266,25,17,radiant,%5BHyperX%5D%20Liquid%60BuLba,0,1815733,1818,0.000688601672718761,Pro,base1 radiant
2593266,27,17,radiant,%5BHyperX%5D%20Liquid%60BuLba,0,1818733,1819,0.000688980441515636,Pro,base1 radiant
2593933,29,16,radiant,%5BHyperX%5D%20Liquid%60BuLba,0,1819400,1820,0.000689359210312511,Pro,base1 radiant
2594933,31,16,radiant,%5BHyperX%5D%20Liquid%60BuLba,0,1820400,1821,0.000689737979109386,Pro,base1 radiant
2596466,28,16,radiant,%5BHyperX%5D%20Liquid%60BuLba,0,1821933,1822,0.000690116747906261,Pro,base1 radiant
2597400,26,17,radiant,%5BHyperX%5D%20Liquid%60BuLba,0,1822867,1823,0.000690495516703136,Pro,base1 radiant
2598466,29,19,radiant,%5BHyperX%5D%20Liquid%60BuLba,0,1823933,1824,0.000690874285500011,Pro,base1 radiant
2599533,32,17,radiant,%5BHyperX%5D%20Liquid%60BuLba,0,1825000,1825,0.000691253054296886,Pro,base1 radiant
2600533,39,10,radiant,%5BHyperX%5D%20Liquid%60BuLba,0,1826000,1826,0.000691631823093761,Pro,bottomlane radiant
2601533,38,10,radiant,%5BHyperX%5D%20Liquid%60BuLba,0,1827000,1827,0.000692010591890636,Pro,bottomlane radiant
2602266,38,9,radiant,%5BHyperX%5D%20Liquid%60BuLba,0,1827733,1828,0.000692389360687511,Pro,bottomlane radiant
2603466,37,9,radiant,%5BHyperX%5D%20Liquid%60BuLba,0,1828933,1829,0.000692768129484386,Pro,bottomlane radiant
2604200,35,9,radiant,%5BHyperX%5D%20Liquid%60BuLba,0,1829667,1830,0.000693146898281261,Pro,base1 radiant
2605133,34,9,radiant,%5BHyperX%5D%20Liquid%60BuLba,0,1830600,1831,0.000693525667078136,Pro,base1 radiant
2605133,34,9,radiant,%5BHyperX%5D%20Liquid%60BuLba,0,1830600,1832,0.000693904435875011,Pro,base1 radiant
2607333,33,9,radiant,%5BHyperX%5D%20Liquid%60BuLba,0,1832800,1833,0.000694283204671886,Pro,base1 radiant
2608400,31,11,radiant,%5BHyperX%5D%20Liquid%60BuLba,0,1833867,1834,0.000694661973468761,Pro,base1 radiant
2609266,29,13,radiant,%5BHyperX%5D%20Liquid%60BuLba,0,1834733,1835,0.000695040742265636,Pro,base1 radiant
2610533,27,15,radiant,%5BHyperX%5D%20Liquid%60BuLba,0,1836000,1836,0.000695419511062511,Pro,base1 radiant
2611266,25,16,radiant,%5BHyperX%5D%20Liquid%60BuLba,0,1836733,1837,0.000695798279859386,Pro,base1 radiant
2612400,22,15,radiant,%5BHyperX%5D%20Liquid%60BuLba,0,1837867,1838,0.000696177048656261,Pro,base1 radiant
2613533,19,14,radiant,%5BHyperX%5D%20Liquid%60BuLba,0,1839000,1839,0.000696555817453136,Pro,base1 radiant
2614400,17,13,radiant,%5BHyperX%5D%20Liquid%60BuLba,0,1839867,1840,0.000696934586250011,Pro,base1 radiant
2615533,14,12,radiant,%5BHyperX%5D%20Liquid%60BuLba,0,1841000,1841,0.000697313355046886,Pro,base1 radiant
2616400,13,10,radiant,%5BHyperX%5D%20Liquid%60BuLba,0,1841867,1842,0.000697692123843761,Pro,base1 radiant
2616733,12,9,radiant,%5BHyperX%5D%20Liquid%60BuLba,0,1842200,1843,0.000698070892640636,Pro,base1 radiant
2616733,12,9,radiant,%5BHyperX%5D%20Liquid%60BuLba,0,1842200,1844,0.000698449661437511,Pro,base1 radiant
2619533,11,8,radiant,%5BHyperX%5D%20Liquid%60BuLba,0,1845000,1845,0.000698828430234386,Pro,base1 radiant
2619866,10,8,radiant,%5BHyperX%5D%20Liquid%60BuLba,0,1845333,1846,0.000699207199031261,Pro,base1 radiant
2619866,10,8,radiant,%5BHyperX%5D%20Liquid%60BuLba,0,1845333,1847,0.000699585967828136,Pro,base1 radiant
2619866,10,8,radiant,%5BHyperX%5D%20Liquid%60BuLba,0,1845333,1848,0.000699964736625011,Pro,base1 radiant
2619866,10,8,radiant,%5BHyperX%5D%20Liquid%60BuLba,0,1845333,1849,0.000700343505421886,Pro,base1 radiant
2619866,10,8,radiant,%5BHyperX%5D%20Liquid%60BuLba,0,1845333,1850,0.000700722274218761,Pro,base1 radiant
2619866,10,8,radiant,%5BHyperX%5D%20Liquid%60BuLba,0,1845333,1851,0.000701101043015636,Pro,base1 radiant
2619866,10,8,radiant,%5BHyperX%5D%20Liquid%60BuLba,0,1845333,1852,0.000701479811812511,Pro,base1 radiant
2619866,10,8,radiant,%5BHyperX%5D%20Liquid%60BuLba,0,1845333,1853,0.000701858580609386,Pro,base1 radiant
2619866,10,8,radiant,%5BHyperX%5D%20Liquid%60BuLba,0,1845333,1854,0.000702237349406261,Pro,base1 radiant
2619866,10,8,radiant,%5BHyperX%5D%20Liquid%60BuLba,0,1845333,1855,0.000702616118203136,Pro,base1 radiant
2619866,10,8,radiant,%5BHyperX%5D%20Liquid%60BuLba,0,1845333,1856,0.000702994887000011,Pro,base1 radiant
2619866,10,8,radiant,%5BHyperX%5D%20Liquid%60BuLba,0,1845333,1857,0.000703373655796886,Pro,base1 radiant
2619866,10,8,radiant,%5BHyperX%5D%20Liquid%60BuLba,0,1845333,1858,0.000703752424593761,Pro,base1 radiant
2619866,10,8,radiant,%5BHyperX%5D%20Liquid%60BuLba,0,1845333,1859,0.000704131193390636,Pro,base1 radiant
2619866,10,8,radiant,%5BHyperX%5D%20Liquid%60BuLba,0,1845333,1860,0.000704509962187511,Pro,base1 radiant
2619866,10,8,radiant,%5BHyperX%5D%20Liquid%60BuLba,0,1845333,1861,0.000704888730984386,Pro,base1 radiant
2619866,10,8,radiant,%5BHyperX%5D%20Liquid%60BuLba,0,1845333,1862,0.000705267499781261,Pro,base1 radiant
2619866,10,8,radiant,%5BHyperX%5D%20Liquid%60BuLba,0,1845333,1863,0.000705646268578136,Pro,base1 radiant
2619866,10,8,radiant,%5BHyperX%5D%20Liquid%60BuLba,0,1845333,1864,0.000706025037375011,Pro,base1 radiant
2619866,10,8,radiant,%5BHyperX%5D%20Liquid%60BuLba,0,1845333,1865,0.000706403806171886,Pro,base1 radiant
2640133,10,8,radiant,%5BHyperX%5D%20Liquid%60BuLba,0,1865600,1866,0.000706782574968761,Pro,base1 radiant
774866,12,10,radiant,%5BHyperX%5D%20Liquid%60Pegasus,0,333,0,0,Pro,base1 radiant
774866,12,10,radiant,%5BHyperX%5D%20Liquid%60Pegasus,0,333,1,3.78768796875006e-07,Pro,base1 radiant
774866,12,10,radiant,%5BHyperX%5D%20Liquid%60Pegasus,0,333,2,7.57537593750012e-07,Pro,base1 radiant
777466,14,11,radiant,%5BHyperX%5D%20Liquid%60Pegasus,0,2933,3,1.13630639062502e-06,Pro,base1 radiant
778333,16,11,radiant,%5BHyperX%5D%20Liquid%60Pegasus,0,3800,4,1.51507518750002e-06,Pro,base1 radiant
779200,18,11,radiant,%5BHyperX%5D%20Liquid%60Pegasus,0,4667,5,1.89384398437503e-06,Pro,base1 radiant
780466,21,10,radiant,%5BHyperX%5D%20Liquid%60Pegasus,0,5933,6,2.27261278125004e-06,Pro,base1 radiant
781333,23,10,radiant,%5BHyperX%5D%20Liquid%60Pegasus,0,6800,7,2.65138157812504e-06,Pro,base1 radiant
782200,25,11,radiant,%5BHyperX%5D%20Liquid%60Pegasus,0,7667,8,3.03015037500005e-06,Pro,base1 radiant
783466,28,11,radiant,%5BHyperX%5D%20Liquid%60Pegasus,0,8933,9,3.40891917187505e-06,Pro,base1 radiant
784333,30,11,radiant,%5BHyperX%5D%20Liquid%60Pegasus,0,9800,10,3.78768796875006e-06,Pro,base1 radiant
785200,32,11,radiant,%5BHyperX%5D%20Liquid%60Pegasus,0,10667,11,4.16645676562507e-06,Pro,base1 radiant
786533,35,11,radiant,%5BHyperX%5D%20Liquid%60Pegasus,0,12000,12,4.54522556250007e-06,Pro,base1 radiant
787400,37,11,radiant,%5BHyperX%5D%20Liquid%60Pegasus,0,12867,13,4.92399435937508e-06,Pro,bottomlane radiant
788266,39,11,radiant,%5BHyperX%5D%20Liquid%60Pegasus,0,13733,14,5.30276315625008e-06,Pro,bottomlane radiant
789200,41,12,radiant,%5BHyperX%5D%20Liquid%60Pegasus,0,14667,15,5.68153195312509e-06,Pro,bottomlane radiant
790533,44,12,radiant,%5BHyperX%5D%20Liquid%60Pegasus,0,16000,16,6.06030075000009e-06,Pro,bottomlane radiant
791333,46,12,radiant,%5BHyperX%5D%20Liquid%60Pegasus,0,16800,17,6.4390695468751e-06,Pro,bottomlane radiant
792200,48,12,radiant,%5BHyperX%5D%20Liquid%60Pegasus,0,17667,18,6.81783834375011e-06,Pro,bottomlane radiant
793533,51,12,radiant,%5BHyperX%5D%20Liquid%60Pegasus,0,19000,19,7.19660714062511e-06,Pro,bottomlane radiant
793933,52,12,radiant,%5BHyperX%5D%20Liquid%60Pegasus,0,19400,20,7.57537593750012e-06,Pro,bottomlane radiant
793933,52,12,radiant,%5BHyperX%5D%20Liquid%60Pegasus,0,19400,21,7.95414473437513e-06,Pro,bottomlane radiant
793933,52,12,radiant,%5BHyperX%5D%20Liquid%60Pegasus,0,19400,22,8.33291353125013e-06,Pro,bottomlane radiant
793933,52,12,radiant,%5BHyperX%5D%20Liquid%60Pegasus,0,19400,23,8.71168232812514e-06,Pro,bottomlane radiant
798533,51,12,radiant,%5BHyperX%5D%20Liquid%60Pegasus,0,24000,24,9.09045112500014e-06,Pro,bottomlane radiant
799200,50,13,radiant,%5BHyperX%5D%20Liquid%60Pegasus,0,24667,25,9.46921992187515e-06,Pro,bottomlane radiant
800400,48,15,radiant,%5BHyperX%5D%20Liquid%60Pegasus,0,25867,26,9.84798871875015e-06,Pro,void radiant
801000,47,16,radiant,%5BHyperX%5D%20Liquid%60Pegasus,0,26467,27,1.02267575156252e-05,Pro,jungle radiant
802200,45,18,radiant,%5BHyperX%5D%20Liquid%60Pegasus,0,27667,28,1.06055263125002e-05,Pro,jungle radiant
803400,43,20,radiant,%5BHyperX%5D%20Liquid%60Pegasus,0,28867,29,1.09842951093752e-05,Pro,jungle radiant
804000,42,21,radiant,%5BHyperX%5D%20Liquid%60Pegasus,0,29467,30,1.13630639062502e-05,Pro,jungle radiant
805200,40,23,radiant,%5BHyperX%5D%20Liquid%60Pegasus,0,30667,31,1.17418327031252e-05,Pro,jungle radiant
806533,38,25,radiant,%5BHyperX%5D%20Liquid%60Pegasus,0,32000,32,1.21206015000002e-05,Pro,jungle radiant
807466,36,26,radiant,%5BHyperX%5D%20Liquid%60Pegasus,0,32933,33,1.24993702968752e-05,Pro,midlane radiant
808533,35,28,radiant,%5BHyperX%5D%20Liquid%60Pegasus,0,34000,34,1.28781390937502e-05,Pro,midlane radiant
809533,32,29,radiant,%5BHyperX%5D%20Liquid%60Pegasus,0,35000,35,1.32569078906252e-05,Pro,midlane radiant
810400,30,29,radiant,%5BHyperX%5D%20Liquid%60Pegasus,0,35867,36,1.36356766875002e-05,Pro,midlane radiant
811266,28,29,radiant,%5BHyperX%5D%20Liquid%60Pegasus,0,36733,37,1.40144454843752e-05,Pro,base1 radiant
811266,28,29,radiant,%5BHyperX%5D%20Liquid%60Pegasus,0,36733,38,1.43932142812502e-05,Pro,base1 radiant
813466,30,29,radiant,%5BHyperX%5D%20Liquid%60Pegasus,0,38933,39,1.47719830781252e-05,Pro,midlane radiant
814333,32,29,radiant,%5BHyperX%5D%20Liquid%60Pegasus,0,39800,40,1.51507518750002e-05,Pro,midlane radiant
815200,34,30,radiant,%5BHyperX%5D%20Liquid%60Pegasus,0,40667,41,1.55295206718752e-05,Pro,midlane radiant
816400,33,30,radiant,%5BHyperX%5D%20Liquid%60Pegasus,0,41867,42,1.59082894687503e-05,Pro,midlane radiant
817266,31,29,radiant,%5BHyperX%5D%20Liquid%60Pegasus,0,42733,43,1.62870582656253e-05,Pro,midlane radiant
818533,28,29,radiant,%5BHyperX%5D%20Liquid%60Pegasus,0,44000,44,1.66658270625003e-05,Pro,base1 radiant
819400,27,28,radiant,%5BHyperX%5D%20Liquid%60Pegasus,0,44867,45,1.70445958593753e-05,Pro,base1 radiant
819400,27,28,radiant,%5BHyperX%5D%20Liquid%60Pegasus,0,44867,46,1.74233646562503e-05,Pro,base1 radiant
819400,27,28,radiant,%5BHyperX%5D%20Liquid%60Pegasus,0,44867,47,1.78021334531253e-05,Pro,base1 radiant
822266,27,29,radiant,%5BHyperX%5D%20Liquid%60Pegasus,0,47733,48,1.81809022500003e-05,Pro,base1 radiant
823466,29,30,radiant,%5BHyperX%5D%20Liquid%60Pegasus,0,48933,49,1.85596710468753e-05,Pro,base1 radiant
824400,31,31,radiant,%5BHyperX%5D%20Liquid%60Pegasus,0,49867,50,1.89384398437503e-05,Pro,midlane radiant
824866,32,31,radiant,%5BHyperX%5D%20Liquid%60Pegasus,0,50333,51,1.93172086406253e-05,Pro,midlane radiant
824866,32,31,radiant,%5BHyperX%5D%20Liquid%60Pegasus,0,50333,52,1.96959774375003e-05,Pro,midlane radiant
824866,32,31,radiant,%5BHyperX%5D%20Liquid%60Pegasus,0,50333,53,2.00747462343753e-05,Pro,midlane radiant
827733,33,31,radiant,%5BHyperX%5D%20Liquid%60Pegasus,0,53200,54,2.04535150312503e-05,Pro,midlane radiant
829266,32,31,radiant,%5BHyperX%5D%20Liquid%60Pegasus,0,54733,55,2.08322838281253e-05,Pro,midlane radiant
829266,32,31,radiant,%5BHyperX%5D%20Liquid%60Pegasus,0,54733,56,2.12110526250003e-05,Pro,midlane radiant
829266,32,31,radiant,%5BHyperX%5D%20Liquid%60Pegasus,0,54733,57,2.15898214218753e-05,Pro,midlane radiant
829266,32,31,radiant,%5BHyperX%5D%20Liquid%60Pegasus,0,54733,58,2.19685902187503e-05,Pro,midlane radiant
829266,32,31,radiant,%5BHyperX%5D%20Liquid%60Pegasus,0,54733,59,2.23473590156253e-05,Pro,midlane radiant
829266,32,31,radiant,%5BHyperX%5D%20Liquid%60Pegasus,0,54733,60,2.27261278125004e-05,Pro,midlane radiant
829266,32,31,radiant,%5BHyperX%5D%20Liquid%60Pegasus,0,54733,61,2.31048966093754e-05,Pro,midlane radiant
829266,32,31,radiant,%5BHyperX%5D%20Liquid%60Pegasus,0,54733,62,2.34836654062504e-05,Pro,midlane radiant
829266,32,31,radiant,%5BHyperX%5D%20Liquid%60Pegasus,0,54733,63,2.38624342031254e-05,Pro,midlane radiant
837933,31,30,radiant,%5BHyperX%5D%20Liquid%60Pegasus,0,63400,64,2.42412030000004e-05,Pro,midlane radiant
837933,31,30,radiant,%5BHyperX%5D%20Liquid%60Pegasus,0,63400,65,2.46199717968754e-05,Pro,midlane radiant
840066,31,30,radiant,%5BHyperX%5D%20Liquid%60Pegasus,0,65533,66,2.49987405937504e-05,Pro,midlane radiant
840066,31,30,radiant,%5BHyperX%5D%20Liquid%60Pegasus,0,65533,67,2.53775093906254e-05,Pro,midlane radiant
840066,31,30,radiant,%5BHyperX%5D%20Liquid%60Pegasus,0,65533,68,2.57562781875004e-05,Pro,midlane radiant
840066,31,30,radiant,%5BHyperX%5D%20Liquid%60Pegasus,0,65533,69,2.61350469843754e-05,Pro,midlane radiant
840066,31,30,radiant,%5BHyperX%5D%20Liquid%60Pegasus,0,65533,70,2.65138157812504e-05,Pro,midlane radiant
840066,31,30,radiant,%5BHyperX%5D%20Liquid%60Pegasus,0,65533,71,2.68925845781254e-05,Pro,midlane radiant
840066,31,30,radiant,%5BHyperX%5D%20Liquid%60Pegasus,0,65533,72,2.72713533750004e-05,Pro,midlane radiant
840066,31,30,radiant,%5BHyperX%5D%20Liquid%60Pegasus,0,65533,73,2.76501221718754e-05,Pro,midlane radiant
840066,31,30,radiant,%5BHyperX%5D%20Liquid%60Pegasus,0,65533,74,2.80288909687504e-05,Pro,midlane radiant
849533,30,30,radiant,%5BHyperX%5D%20Liquid%60Pegasus,0,75000,75,2.84076597656254e-05,Pro,midlane radiant
850000,30,31,radiant,%5BHyperX%5D%20Liquid%60Pegasus,0,75467,76,2.87864285625005e-05,Pro,midlane radiant
851400,30,30,radiant,%5BHyperX%5D%20Liquid%60Pegasus,0,76867,77,2.91651973593755e-05,Pro,midlane radiant
852533,30,30,radiant,%5BHyperX%5D%20Liquid%60Pegasus,0,78000,78,2.95439661562505e-05,Pro,midlane radiant
853000,30,30,radiant,%5BHyperX%5D%20Liquid%60Pegasus,0,78467,79,2.99227349531255e-05,Pro,midlane radiant
854133,30,31,radiant,%5BHyperX%5D%20Liquid%60Pegasus,0,79600,80,3.03015037500005e-05,Pro,midlane radiant
855533,32,32,radiant,%5BHyperX%5D%20Liquid%60Pegasus,0,81000,81,3.06802725468755e-05,Pro,midlane radiant
856533,33,33,radiant,%5BHyperX%5D%20Liquid%60Pegasus,0,82000,82,3.10590413437505e-05,Pro,midlane radiant
857400,35,34,radiant,%5BHyperX%5D%20Liquid%60Pegasus,0,82867,83,3.14378101406255e-05,Pro,midlane radiant
858066,35,35,radiant,%5BHyperX%5D%20Liquid%60Pegasus,0,83533,84,3.18165789375005e-05,Pro,midlane radiant
859466,37,36,radiant,%5BHyperX%5D%20Liquid%60Pegasus,0,84933,85,3.21953477343755e-05,Pro,midlane radiant
860200,38,37,radiant,%5BHyperX%5D%20Liquid%60Pegasus,0,85667,86,3.25741165312505e-05,Pro,midlane radiant
861266,39,38,radiant,%5BHyperX%5D%20Liquid%60Pegasus,0,86733,87,3.29528853281255e-05,Pro,midlane radiant
862333,40,40,radiant,%5BHyperX%5D%20Liquid%60Pegasus,0,87800,88,3.33316541250005e-05,Pro,midlane radiant
863533,42,40,radiant,%5BHyperX%5D%20Liquid%60Pegasus,0,89000,89,3.37104229218755e-05,Pro,midlane radiant
864333,43,42,radiant,%5BHyperX%5D%20Liquid%60Pegasus,0,89800,90,3.40891917187505e-05,Pro,midlane radiant
865266,44,44,radiant,%5BHyperX%5D%20Liquid%60Pegasus,0,90733,91,3.44679605156255e-05,Pro,midlane radiant
866400,46,46,radiant,%5BHyperX%5D%20Liquid%60Pegasus,0,91867,92,3.48467293125005e-05,Pro,midlane radiant
867000,47,47,radiant,%5BHyperX%5D%20Liquid%60Pegasus,0,92467,93,3.52254981093756e-05,Pro,midlane radiant
868266,49,49,radiant,%5BHyperX%5D%20Liquid%60Pegasus,0,93733,94,3.56042669062506e-05,Pro,midlane radiant
869266,51,50,radiant,%5BHyperX%5D%20Liquid%60Pegasus,0,94733,95,3.59830357031256e-05,Pro,midlane radiant
870466,53,52,radiant,%5BHyperX%5D%20Liquid%60Pegasus,0,95933,96,3.63618045000006e-05,Pro,midlane radiant
871466,54,54,radiant,%5BHyperX%5D%20Liquid%60Pegasus,0,96933,97,3.67405732968756e-05,Pro,midlane radiant
872266,56,55,radiant,%5BHyperX%5D%20Liquid%60Pegasus,0,97733,98,3.71193420937506e-05,Pro,midlane radiant
873466,57,56,radiant,%5BHyperX%5D%20Liquid%60Pegasus,0,98933,99,3.74981108906256e-05,Pro,midlane radiant
874466,58,58,radiant,%5BHyperX%5D%20Liquid%60Pegasus,0,99933,100,3.78768796875006e-05,Pro,midlane radiant
875533,60,60,radiant,%5BHyperX%5D%20Liquid%60Pegasus,0,101000,101,3.82556484843756e-05,Pro,midlane dire
876533,62,60,radiant,%5BHyperX%5D%20Liquid%60Pegasus,0,102000,102,3.86344172812506e-05,Pro,midlane dire
877266,61,60,radiant,%5BHyperX%5D%20Liquid%60Pegasus,0,102733,103,3.90131860781256e-05,Pro,midlane dire
878333,59,59,radiant,%5BHyperX%5D%20Liquid%60Pegasus,0,103800,104,3.93919548750006e-05,Pro,midlane radiant
879266,57,58,radiant,%5BHyperX%5D%20Liquid%60Pegasus,0,104733,105,3.97707236718756e-05,Pro,midlane radiant
880466,58,57,radiant,%5BHyperX%5D%20Liquid%60Pegasus,0,105933,106,4.01494924687506e-05,Pro,midlane radiant
881333,60,57,radiant,%5BHyperX%5D%20Liquid%60Pegasus,0,106800,107,4.05282612656256e-05,Pro,midlane radiant
882200,59,59,radiant,%5BHyperX%5D%20Liquid%60Pegasus,0,107667,108,4.09070300625006e-05,Pro,midlane radiant
883366,57,59,radiant,%5BHyperX%5D%20Liquid%60Pegasus,0,108833,109,4.12857988593756e-05,Pro,midlane radiant
884166,59,60,radiant,%5BHyperX%5D%20Liquid%60Pegasus,0,109633,110,4.16645676562507e-05,Pro,midlane radiant
885033,61,60,radiant,%5BHyperX%5D%20Liquid%60Pegasus,0,110500,111,4.20433364531257e-05,Pro,midlane dire
886033,59,59,radiant,%5BHyperX%5D%20Liquid%60Pegasus,0,111500,112,4.24221052500007e-05,Pro,midlane radiant
886966,59,59,radiant,%5BHyperX%5D%20Liquid%60Pegasus,0,112433,113,4.28008740468757e-05,Pro,midlane radiant
886966,59,59,radiant,%5BHyperX%5D%20Liquid%60Pegasus,0,112433,114,4.31796428437507e-05,Pro,midlane radiant
889366,57,58,radiant,%5BHyperX%5D%20Liquid%60Pegasus,0,114833,115,4.35584116406257e-05,Pro,midlane radiant
890366,56,56,radiant,%5BHyperX%5D%20Liquid%60Pegasus,0,115833,116,4.39371804375007e-05,Pro,midlane radiant
891300,58,56,radiant,%5BHyperX%5D%20Liquid%60Pegasus,0,116767,117,4.43159492343757e-05,Pro,midlane radiant
892300,60,58,radiant,%5BHyperX%5D%20Liquid%60Pegasus,0,117767,118,4.46947180312507e-05,Pro,midlane radiant
893500,60,57,radiant,%5BHyperX%5D%20Liquid%60Pegasus,0,118967,119,4.50734868281257e-05,Pro,midlane radiant
894500,59,56,radiant,%5BHyperX%5D%20Liquid%60Pegasus,0,119967,120,4.54522556250007e-05,Pro,midlane radiant
895500,58,54,radiant,%5BHyperX%5D%20Liquid%60Pegasus,0,120967,121,4.58310244218757e-05,Pro,midlane radiant
896366,58,52,radiant,%5BHyperX%5D%20Liquid%60Pegasus,0,121833,122,4.62097932187507e-05,Pro,midlane radiant
897233,57,50,radiant,%5BHyperX%5D%20Liquid%60Pegasus,0,122700,123,4.65885620156257e-05,Pro,midlane radiant
898500,57,53,radiant,%5BHyperX%5D%20Liquid%60Pegasus,0,123967,124,4.69673308125007e-05,Pro,midlane radiant
898966,57,54,radiant,%5BHyperX%5D%20Liquid%60Pegasus,0,124433,125,4.73460996093757e-05,Pro,midlane radiant
900300,57,55,radiant,%5BHyperX%5D%20Liquid%60Pegasus,0,125767,126,4.77248684062507e-05,Pro,midlane radiant
901100,58,55,radiant,%5BHyperX%5D%20Liquid%60Pegasus,0,126567,127,4.81036372031258e-05,Pro,midlane radiant
902366,57,54,radiant,%5BHyperX%5D%20Liquid%60Pegasus,0,127833,128,4.84824060000008e-05,Pro,midlane radiant
903366,58,52,radiant,%5BHyperX%5D%20Liquid%60Pegasus,0,128833,129,4.88611747968758e-05,Pro,midlane radiant
904166,58,50,radiant,%5BHyperX%5D%20Liquid%60Pegasus,0,129633,130,4.92399435937508e-05,Pro,void radiant
905233,59,48,radiant,%5BHyperX%5D%20Liquid%60Pegasus,0,130700,131,4.96187123906258e-05,Pro,jungle radiant
906500,60,45,radiant,%5BHyperX%5D%20Liquid%60Pegasus,0,131967,132,4.99974811875008e-05,Pro,jungle radiant
907366,60,43,radiant,%5BHyperX%5D%20Liquid%60Pegasus,0,132833,133,5.03762499843758e-05,Pro,jungle radiant
908433,62,41,radiant,%5BHyperX%5D%20Liquid%60Pegasus,0,133900,134,5.07550187812508e-05,Pro,jungle radiant
909166,63,40,radiant,%5BHyperX%5D%20Liquid%60Pegasus,0,134633,135,5.11337875781258e-05,Pro,jungle radiant
910100,65,39,radiant,%5BHyperX%5D%20Liquid%60Pegasus,0,135567,136,5.15125563750008e-05,Pro,jungle radiant
911300,67,37,radiant,%5BHyperX%5D%20Liquid%60Pegasus,0,136767,137,5.18913251718758e-05,Pro,jungle radiant
912433,68,35,radiant,%5BHyperX%5D%20Liquid%60Pegasus,0,137900,138,5.22700939687508e-05,Pro,jungle radiant
913433,70,33,radiant,%5BHyperX%5D%20Liquid%60Pegasus,0,138900,139,5.26488627656258e-05,Pro,jungle radiant
914366,71,31,radiant,%5BHyperX%5D%20Liquid%60Pegasus,0,139833,140,5.30276315625008e-05,Pro,jungle radiant
915366,72,29,radiant,%5BHyperX%5D%20Liquid%60Pegasus,0,140833,141,5.34064003593758e-05,Pro,jungle radiant
916366,74,28,radiant,%5BHyperX%5D%20Liquid%60Pegasus,0,141833,142,5.37851691562508e-05,Pro,jungle radiant
917300,76,27,radiant,%5BHyperX%5D%20Liquid%60Pegasus,0,142767,143,5.41639379531258e-05,Pro,jungle radiant
918500,78,26,radiant,%5BHyperX%5D%20Liquid%60Pegasus,0,143967,144,5.45427067500008e-05,Pro,jungle radiant
919300,79,24,radiant,%5BHyperX%5D%20Liquid%60Pegasus,0,144767,145,5.49214755468759e-05,Pro,jungle radiant
919566,79,23,radiant,%5BHyperX%5D%20Liquid%60Pegasus,0,145033,146,5.53002443437509e-05,Pro,jungle radiant
919566,79,23,radiant,%5BHyperX%5D%20Liquid%60Pegasus,0,145033,147,5.56790131406259e-05,Pro,jungle radiant
919566,79,23,radiant,%5BHyperX%5D%20Liquid%60Pegasus,0,145033,148,5.60577819375009e-05,Pro,jungle radiant
919566,79,23,radiant,%5BHyperX%5D%20Liquid%60Pegasus,0,145033,149,5.64365507343759e-05,Pro,jungle radiant
924500,79,22,radiant,%5BHyperX%5D%20Liquid%60Pegasus,0,149967,150,5.68153195312509e-05,Pro,jungle radiant
925233,80,22,radiant,%5BHyperX%5D%20Liquid%60Pegasus,0,150700,151,5.71940883281259e-05,Pro,jungle radiant
926233,82,21,radiant,%5BHyperX%5D%20Liquid%60Pegasus,0,151700,152,5.75728571250009e-05,Pro,jungle radiant
927500,85,21,radiant,%5BHyperX%5D%20Liquid%60Pegasus,0,152967,153,5.79516259218759e-05,Pro,jungle radiant
928433,87,20,radiant,%5BHyperX%5D%20Liquid%60Pegasus,0,153900,154,5.83303947187509e-05,Pro,jungle radiant
928566,86,20,radiant,%5BHyperX%5D%20Liquid%60Pegasus,0,154033,155,5.87091635156259e-05,Pro,jungle radiant
930233,84,20,radiant,%5BHyperX%5D%20Liquid%60Pegasus,0,155700,156,5.90879323125009e-05,Pro,jungle radiant
930233,84,20,radiant,%5BHyperX%5D%20Liquid%60Pegasus,0,155700,157,5.94667011093759e-05,Pro,jungle radiant
930233,84,20,radiant,%5BHyperX%5D%20Liquid%60Pegasus,0,155700,158,5.98454699062509e-05,Pro,jungle radiant
930233,84,20,radiant,%5BHyperX%5D%20Liquid%60Pegasus,0,155700,159,6.02242387031259e-05,Pro,jungle radiant
934500,85,20,radiant,%5BHyperX%5D%20Liquid%60Pegasus,0,159967,160,6.06030075000009e-05,Pro,jungle radiant
935033,86,19,radiant,%5BHyperX%5D%20Liquid%60Pegasus,0,160500,161,6.0981776296876e-05,Pro,jungle radiant
936433,89,19,radiant,%5BHyperX%5D%20Liquid%60Pegasus,0,161900,162,6.1360545093751e-05,Pro,jungle radiant
937366,91,18,radiant,%5BHyperX%5D%20Liquid%60Pegasus,0,162833,163,6.1739313890626e-05,Pro,jungle radiant
938166,91,16,radiant,%5BHyperX%5D%20Liquid%60Pegasus,0,163633,164,6.2118082687501e-05,Pro,jungle radiant
939500,93,14,radiant,%5BHyperX%5D%20Liquid%60Pegasus,0,164967,165,6.2496851484376e-05,Pro,bottomlane radiant
940500,95,13,radiant,%5BHyperX%5D%20Liquid%60Pegasus,0,165967,166,6.2875620281251e-05,Pro,bottomlane radiant
940900,96,13,radiant,%5BHyperX%5D%20Liquid%60Pegasus,0,166367,167,6.3254389078126e-05,Pro,bottomlane radiant
942366,98,13,radiant,%5BHyperX%5D%20Liquid%60Pegasus,0,167833,168,6.3633157875001e-05,Pro,bottomlane radiant
943233,96,13,radiant,%5BHyperX%5D%20Liquid%60Pegasus,0,168700,169,6.4011926671876e-05,Pro,bottomlane radiant
944300,95,12,radiant,%5BHyperX%5D%20Liquid%60Pegasus,0,169767,170,6.4390695468751e-05,Pro,bottomlane radiant
944700,94,12,radiant,%5BHyperX%5D%20Liquid%60Pegasus,0,170167,171,6.4769464265626e-05,Pro,bottomlane radiant
946366,96,12,radiant,%5BHyperX%5D%20Liquid%60Pegasus,0,171833,172,6.5148233062501e-05,Pro,bottomlane radiant
947233,98,13,radiant,%5BHyperX%5D%20Liquid%60Pegasus,0,172700,173,6.5527001859376e-05,Pro,bottomlane radiant
948366,100,14,radiant,%5BHyperX%5D%20Liquid%60Pegasus,0,173833,174,6.5905770656251e-05,Pro,bottomlane radiant
949233,102,15,radiant,%5BHyperX%5D%20Liquid%60Pegasus,0,174700,175,6.6284539453126e-05,Pro,bottomlane radiant
950366,104,17,radiant,%5BHyperX%5D%20Liquid%60Pegasus,0,175833,176,6.6663308250001e-05,Pro,bottomlane radiant
951300,106,17,radiant,%5BHyperX%5D%20Liquid%60Pegasus,0,176767,177,6.70420770468761e-05,Pro,bottomlane radiant
952233,108,16,radiant,%5BHyperX%5D%20Liquid%60Pegasus,0,177700,178,6.74208458437511e-05,Pro,bottomlane radiant
952233,108,16,radiant,%5BHyperX%5D%20Liquid%60Pegasus,0,177700,179,6.77996146406261e-05,Pro,bottomlane radiant
954433,108,16,radiant,%5BHyperX%5D%20Liquid%60Pegasus,0,179900,180,6.81783834375011e-05,Pro,bottomlane radiant
955300,108,14,radiant,%5BHyperX%5D%20Liquid%60Pegasus,0,180767,181,6.85571522343761e-05,Pro,bottomlane radiant
956233,107,12,radiant,%5BHyperX%5D%20Liquid%60Pegasus,0,181700,182,6.89359210312511e-05,Pro,bottomlane radiant
957366,105,10,radiant,%5BHyperX%5D%20Liquid%60Pegasus,0,182833,183,6.93146898281261e-05,Pro,bottomlane radiant
958166,105,9,radiant,%5BHyperX%5D%20Liquid%60Pegasus,0,183633,184,6.96934586250011e-05,Pro,bottomlane radiant
958166,105,9,radiant,%5BHyperX%5D%20Liquid%60Pegasus,0,183633,185,7.00722274218761e-05,Pro,bottomlane radiant
960233,106,8,radiant,%5BHyperX%5D%20Liquid%60Pegasus,0,185700,186,7.04509962187511e-05,Pro,bottomlane radiant
961166,105,9,radiant,%5BHyperX%5D%20Liquid%60Pegasus,0,186633,187,7.08297650156261e-05,Pro,bottomlane radiant
961166,105,9,radiant,%5BHyperX%5D%20Liquid%60Pegasus,0,186633,188,7.12085338125011e-05,Pro,bottomlane radiant
963033,105,8,radiant,%5BHyperX%5D%20Liquid%60Pegasus,0,188500,189,7.15873026093761e-05,Pro,bottomlane radiant
963033,105,8,radiant,%5BHyperX%5D%20Liquid%60Pegasus,0,188500,190,7.19660714062511e-05,Pro,bottomlane radiant
965166,104,8,radiant,%5BHyperX%5D%20Liquid%60Pegasus,0,190633,191,7.23448402031261e-05,Pro,void radiant
965166,104,8,radiant,%5BHyperX%5D%20Liquid%60Pegasus,0,190633,192,7.27236090000011e-05,Pro,void radiant
965166,104,8,radiant,%5BHyperX%5D%20Liquid%60Pegasus,0,190633,193,7.31023777968761e-05,Pro,void radiant
965166,104,8,radiant,%5BHyperX%5D%20Liquid%60Pegasus,0,190633,194,7.34811465937511e-05,Pro,void radiant
965166,104,8,radiant,%5BHyperX%5D%20Liquid%60Pegasus,0,190633,195,7.38599153906262e-05,Pro,void radiant
965166,104,8,radiant,%5BHyperX%5D%20Liquid%60Pegasus,0,190633,196,7.42386841875012e-05,Pro,void radiant
965166,104,8,radiant,%5BHyperX%5D%20Liquid%60Pegasus,0,190633,197,7.46174529843762e-05,Pro,void radiant
965166,104,8,radiant,%5BHyperX%5D%20Liquid%60Pegasus,0,190633,198,7.49962217812512e-05,Pro,void radiant
973433,105,8,radiant,%5BHyperX%5D%20Liquid%60Pegasus,0,198900,199,7.53749905781262e-05,Pro,bottomlane radiant
974433,105,10,radiant,%5BHyperX%5D%20Liquid%60Pegasus,0,199900,200,7.57537593750012e-05,Pro,bottomlane radiant
974966,106,11,radiant,%5BHyperX%5D%20Liquid%60Pegasus,0,200433,201,7.61325281718762e-05,Pro,bottomlane radiant
976100,105,10,radiant,%5BHyperX%5D%20Liquid%60Pegasus,0,201567,202,7.65112969687512e-05,Pro,bottomlane radiant
976566,105,9,radiant,%5BHyperX%5D%20Liquid%60Pegasus,0,202033,203,7.68900657656262e-05,Pro,bottomlane radiant
976566,105,9,radiant,%5BHyperX%5D%20Liquid%60Pegasus,0,202033,204,7.72688345625012e-05,Pro,bottomlane radiant
976566,105,9,radiant,%5BHyperX%5D%20Liquid%60Pegasus,0,202033,205,7.76476033593762e-05,Pro,bottomlane radiant
976566,105,9,radiant,%5BHyperX%5D%20Liquid%60Pegasus,0,202033,206,7.80263721562512e-05,Pro,bottomlane radiant
976566,105,9,radiant,%5BHyperX%5D%20Liquid%60Pegasus,0,202033,207,7.84051409531262e-05,Pro,bottomlane radiant
976566,105,9,radiant,%5BHyperX%5D%20Liquid%60Pegasus,0,202033,208,7.87839097500012e-05,Pro,bottomlane radiant
976566,105,9,radiant,%5BHyperX%5D%20Liquid%60Pegasus,0,202033,209,7.91626785468762e-05,Pro,bottomlane radiant
976566,105,9,radiant,%5BHyperX%5D%20Liquid%60Pegasus,0,202033,210,7.95414473437512e-05,Pro,bottomlane radiant
976566,105,9,radiant,%5BHyperX%5D%20Liquid%60Pegasus,0,202033,211,7.99202161406263e-05,Pro,bottomlane radiant
976566,105,9,radiant,%5BHyperX%5D%20Liquid%60Pegasus,0,202033,212,8.02989849375013e-05,Pro,bottomlane radiant
976566,105,9,radiant,%5BHyperX%5D%20Liquid%60Pegasus,0,202033,213,8.06777537343763e-05,Pro,bottomlane radiant
976566,105,9,radiant,%5BHyperX%5D%20Liquid%60Pegasus,0,202033,214,8.10565225312513e-05,Pro,bottomlane radiant
976566,105,9,radiant,%5BHyperX%5D%20Liquid%60Pegasus,0,202033,215,8.14352913281263e-05,Pro,bottomlane radiant
976566,105,9,radiant,%5BHyperX%5D%20Liquid%60Pegasus,0,202033,216,8.18140601250013e-05,Pro,bottomlane radiant
976566,105,9,radiant,%5BHyperX%5D%20Liquid%60Pegasus,0,202033,217,8.21928289218763e-05,Pro,bottomlane radiant
992100,105,8,radiant,%5BHyperX%5D%20Liquid%60Pegasus,0,217567,218,8.25715977187513e-05,Pro,bottomlane radiant
993233,103,7,radiant,%5BHyperX%5D%20Liquid%60Pegasus,0,218700,219,8.29503665156263e-05,Pro,bottomlane radiant
994100,101,7,radiant,%5BHyperX%5D%20Liquid%60Pegasus,0,219567,220,8.33291353125013e-05,Pro,bottomlane radiant
995166,99,8,radiant,%5BHyperX%5D%20Liquid%60Pegasus,0,220633,221,8.37079041093763e-05,Pro,bottomlane radiant
996166,99,10,radiant,%5BHyperX%5D%20Liquid%60Pegasus,0,221633,222,8.40866729062513e-05,Pro,bottomlane radiant
996166,99,10,radiant,%5BHyperX%5D%20Liquid%60Pegasus,0,221633,223,8.44654417031263e-05,Pro,bottomlane radiant
998300,98,12,radiant,%5BHyperX%5D%20Liquid%60Pegasus,0,223767,224,8.48442105000013e-05,Pro,bottomlane radiant
999300,97,14,radiant,%5BHyperX%5D%20Liquid%60Pegasus,0,224767,225,8.52229792968763e-05,Pro,bottomlane radiant
1000400,96,16,radiant,%5BHyperX%5D%20Liquid%60Pegasus,0,225867,226,8.56017480937513e-05,Pro,jungle radiant
1000400,96,16,radiant,%5BHyperX%5D%20Liquid%60Pegasus,0,225867,227,8.59805168906263e-05,Pro,jungle radiant
1002400,96,18,radiant,%5BHyperX%5D%20Liquid%60Pegasus,0,227867,228,8.63592856875013e-05,Pro,jungle radiant
1003333,98,19,radiant,%5BHyperX%5D%20Liquid%60Pegasus,0,228800,229,8.67380544843764e-05,Pro,jungle radiant
1004333,100,20,radiant,%5BHyperX%5D%20Liquid%60Pegasus,0,229800,230,8.71168232812514e-05,Pro,jungle radiant
1004333,100,20,radiant,%5BHyperX%5D%20Liquid%60Pegasus,0,229800,231,8.74955920781264e-05,Pro,jungle radiant
1006533,101,21,radiant,%5BHyperX%5D%20Liquid%60Pegasus,0,232000,232,8.78743608750014e-05,Pro,jungle radiant
1007266,100,20,radiant,%5BHyperX%5D%20Liquid%60Pegasus,0,232733,233,8.82531296718764e-05,Pro,jungle radiant
1008533,98,20,radiant,%5BHyperX%5D%20Liquid%60Pegasus,0,234000,234,8.86318984687514e-05,Pro,jungle radiant
1009400,97,19,radiant,%5BHyperX%5D%20Liquid%60Pegasus,0,234867,235,8.90106672656264e-05,Pro,jungle radiant
1010333,96,17,radiant,%5BHyperX%5D%20Liquid%60Pegasus,0,235800,236,8.93894360625014e-05,Pro,jungle radiant
1010733,97,17,radiant,%5BHyperX%5D%20Liquid%60Pegasus,0,236200,237,8.97682048593764e-05,Pro,jungle radiant
1010733,97,17,radiant,%5BHyperX%5D%20Liquid%60Pegasus,0,236200,238,9.01469736562514e-05,Pro,jungle radiant
1013533,98,17,radiant,%5BHyperX%5D%20Liquid%60Pegasus,0,239000,239,9.05257424531264e-05,Pro,jungle radiant
1013733,97,17,radiant,%5BHyperX%5D%20Liquid%60Pegasus,0,239200,240,9.09045112500014e-05,Pro,jungle radiant
1015533,97,17,radiant,%5BHyperX%5D%20Liquid%60Pegasus,0,241000,241,9.12832800468764e-05,Pro,jungle radiant
1015533,97,17,radiant,%5BHyperX%5D%20Liquid%60Pegasus,0,241000,242,9.16620488437514e-05,Pro,jungle radiant
1015533,97,17,radiant,%5BHyperX%5D%20Liquid%60Pegasus,0,241000,243,9.20408176406264e-05,Pro,jungle radiant
1015533,97,17,radiant,%5BHyperX%5D%20Liquid%60Pegasus,0,241000,244,9.24195864375014e-05,Pro,jungle radiant
1015533,97,17,radiant,%5BHyperX%5D%20Liquid%60Pegasus,0,241000,245,9.27983552343764e-05,Pro,jungle radiant
1020133,96,16,radiant,%5BHyperX%5D%20Liquid%60Pegasus,0,245600,246,9.31771240312515e-05,Pro,jungle radiant
1021000,97,15,radiant,%5BHyperX%5D%20Liquid%60Pegasus,0,246467,247,9.35558928281265e-05,Pro,void radiant
1022266,97,14,radiant,%5BHyperX%5D%20Liquid%60Pegasus,0,247733,248,9.39346616250015e-05,Pro,bottomlane radiant
1023200,99,14,radiant,%5BHyperX%5D%20Liquid%60Pegasus,0,248667,249,9.43134304218765e-05,Pro,bottomlane radiant
1024266,101,15,radiant,%5BHyperX%5D%20Liquid%60Pegasus,0,249733,250,9.46921992187515e-05,Pro,bottomlane radiant
1025533,104,16,radiant,%5BHyperX%5D%20Liquid%60Pegasus,0,251000,251,9.50709680156265e-05,Pro,bottomlane radiant
1026333,104,18,radiant,%5BHyperX%5D%20Liquid%60Pegasus,0,251800,252,9.54497368125015e-05,Pro,bottomlane radiant
1027266,105,20,radiant,%5BHyperX%5D%20Liquid%60Pegasus,0,252733,253,9.58285056093765e-05,Pro,bottomlane radiant
1028400,105,22,radiant,%5BHyperX%5D%20Liquid%60Pegasus,0,253867,254,9.62072744062515e-05,Pro,void radiant
1029533,107,23,radiant,%5BHyperX%5D%20Liquid%60Pegasus,0,255000,255,9.65860432031265e-05,Pro,bottomlane radiant
1030533,109,25,radiant,%5BHyperX%5D%20Liquid%60Pegasus,0,256000,256,9.69648120000015e-05,Pro,bottomlane radiant
1031400,111,25,radiant,%5BHyperX%5D%20Liquid%60Pegasus,0,256867,257,9.73435807968765e-05,Pro,bottomlane radiant
1032266,113,25,radiant,%5BHyperX%5D%20Liquid%60Pegasus,0,257733,258,9.77223495937515e-05,Pro,bottomlane radiant
1033133,115,26,radiant,%5BHyperX%5D%20Liquid%60Pegasus,0,258600,259,9.81011183906265e-05,Pro,bottomlane radiant
1034400,118,26,radiant,%5BHyperX%5D%20Liquid%60Pegasus,0,259867,260,9.84798871875015e-05,Pro,bottomlane radiant
1035266,120,26,radiant,%5BHyperX%5D%20Liquid%60Pegasus,0,260733,261,9.88586559843765e-05,Pro,laneshop radiant
1036066,120,27,radiant,%5BHyperX%5D%20Liquid%60Pegasus,0,261533,262,9.92374247812516e-05,Pro,laneshop radiant
1036066,120,27,radiant,%5BHyperX%5D%20Liquid%60Pegasus,0,261533,263,9.96161935781266e-05,Pro,laneshop radiant
1036066,120,27,radiant,%5BHyperX%5D%20Liquid%60Pegasus,0,261533,264,9.99949623750016e-05,Pro,laneshop radiant
1036066,120,27,radiant,%5BHyperX%5D%20Liquid%60Pegasus,0,261533,265,0.000100373731171877,Pro,laneshop radiant
1036066,120,27,radiant,%5BHyperX%5D%20Liquid%60Pegasus,0,261533,266,0.000100752499968752,Pro,laneshop radiant
1036066,120,27,radiant,%5BHyperX%5D%20Liquid%60Pegasus,0,261533,267,0.000101131268765627,Pro,laneshop radiant
1042533,119,25,radiant,%5BHyperX%5D%20Liquid%60Pegasus,0,268000,268,0.000101510037562502,Pro,bottomlane radiant
1043466,116,25,radiant,%5BHyperX%5D%20Liquid%60Pegasus,0,268933,269,0.000101888806359377,Pro,bottomlane radiant
1044266,114,24,radiant,%5BHyperX%5D%20Liquid%60Pegasus,0,269733,270,0.000102267575156252,Pro,bottomlane radiant
1045400,112,22,radiant,%5BHyperX%5D%20Liquid%60Pegasus,0,270867,271,0.000102646343953127,Pro,bottomlane radiant
1046133,111,20,radiant,%5BHyperX%5D%20Liquid%60Pegasus,0,271600,272,0.000103025112750002,Pro,bottomlane radiant
1047533,108,18,radiant,%5BHyperX%5D%20Liquid%60Pegasus,0,273000,273,0.000103403881546877,Pro,bottomlane radiant
1048466,106,16,radiant,%5BHyperX%5D%20Liquid%60Pegasus,0,273933,274,0.000103782650343752,Pro,bottomlane radiant
1049333,104,15,radiant,%5BHyperX%5D%20Liquid%60Pegasus,0,274800,275,0.000104161419140627,Pro,bottomlane radiant
1050400,103,12,radiant,%5BHyperX%5D%20Liquid%60Pegasus,0,275867,276,0.000104540187937502,Pro,bottomlane radiant
1051200,102,11,radiant,%5BHyperX%5D%20Liquid%60Pegasus,0,276667,277,0.000104918956734377,Pro,bottomlane radiant
1052333,99,10,radiant,%5BHyperX%5D%20Liquid%60Pegasus,0,277800,278,0.000105297725531252,Pro,bottomlane radiant
1052333,99,10,radiant,%5BHyperX%5D%20Liquid%60Pegasus,0,277800,279,0.000105676494328127,Pro,bottomlane radiant
1054400,98,12,radiant,%5BHyperX%5D%20Liquid%60Pegasus,0,279867,280,0.000106055263125002,Pro,bottomlane radiant
1055200,97,14,radiant,%5BHyperX%5D%20Liquid%60Pegasus,0,280667,281,0.000106434031921877,Pro,bottomlane radiant
1055200,97,14,radiant,%5BHyperX%5D%20Liquid%60Pegasus,0,280667,282,0.000106812800718752,Pro,bottomlane radiant
1057400,100,14,radiant,%5BHyperX%5D%20Liquid%60Pegasus,0,282867,283,0.000107191569515627,Pro,bottomlane radiant
1058133,102,15,radiant,%5BHyperX%5D%20Liquid%60Pegasus,0,283600,284,0.000107570338312502,Pro,bottomlane radiant
1059466,101,15,radiant,%5BHyperX%5D%20Liquid%60Pegasus,0,284933,285,0.000107949107109377,Pro,bottomlane radiant
1060133,102,15,radiant,%5BHyperX%5D%20Liquid%60Pegasus,0,285600,286,0.000108327875906252,Pro,bottomlane radiant
1061533,101,14,radiant,%5BHyperX%5D%20Liquid%60Pegasus,0,287000,287,0.000108706644703127,Pro,bottomlane radiant
1062400,98,14,radiant,%5BHyperX%5D%20Liquid%60Pegasus,0,287867,288,0.000109085413500002,Pro,bottomlane radiant
1063466,96,15,radiant,%5BHyperX%5D%20Liquid%60Pegasus,0,288933,289,0.000109464182296877,Pro,bottomlane radiant
1064400,96,18,radiant,%5BHyperX%5D%20Liquid%60Pegasus,0,289867,290,0.000109842951093752,Pro,jungle radiant
1064400,96,18,radiant,%5BHyperX%5D%20Liquid%60Pegasus,0,289867,291,0.000110221719890627,Pro,jungle radiant
1066400,96,16,radiant,%5BHyperX%5D%20Liquid%60Pegasus,0,291867,292,0.000110600488687502,Pro,jungle radiant
1066400,96,16,radiant,%5BHyperX%5D%20Liquid%60Pegasus,0,291867,293,0.000110979257484377,Pro,jungle radiant
1066400,96,16,radiant,%5BHyperX%5D%20Liquid%60Pegasus,0,291867,294,0.000111358026281252,Pro,jungle radiant
1069333,96,17,radiant,%5BHyperX%5D%20Liquid%60Pegasus,0,294800,295,0.000111736795078127,Pro,jungle radiant
1069333,96,17,radiant,%5BHyperX%5D%20Liquid%60Pegasus,0,294800,296,0.000112115563875002,Pro,jungle radiant
1069333,96,17,radiant,%5BHyperX%5D%20Liquid%60Pegasus,0,294800,297,0.000112494332671877,Pro,jungle radiant
1069333,96,17,radiant,%5BHyperX%5D%20Liquid%60Pegasus,0,294800,298,0.000112873101468752,Pro,jungle radiant
1073400,96,18,radiant,%5BHyperX%5D%20Liquid%60Pegasus,0,298867,299,0.000113251870265627,Pro,jungle radiant
1074333,94,18,radiant,%5BHyperX%5D%20Liquid%60Pegasus,0,299800,300,0.000113630639062502,Pro,jungle radiant
1075533,93,16,radiant,%5BHyperX%5D%20Liquid%60Pegasus,0,301000,301,0.000114009407859377,Pro,jungle radiant
1075533,93,16,radiant,%5BHyperX%5D%20Liquid%60Pegasus,0,301000,302,0.000114388176656252,Pro,jungle radiant
1077266,94,14,radiant,%5BHyperX%5D%20Liquid%60Pegasus,0,302733,303,0.000114766945453127,Pro,bottomlane radiant
1078400,97,14,radiant,%5BHyperX%5D%20Liquid%60Pegasus,0,303867,304,0.000115145714250002,Pro,bottomlane radiant
1079533,100,14,radiant,%5BHyperX%5D%20Liquid%60Pegasus,0,305000,305,0.000115524483046877,Pro,bottomlane radiant
1080533,101,15,radiant,%5BHyperX%5D%20Liquid%60Pegasus,0,306000,306,0.000115903251843752,Pro,bottomlane radiant
1081533,104,13,radiant,%5BHyperX%5D%20Liquid%60Pegasus,0,307000,307,0.000116282020640627,Pro,bottomlane radiant
1082400,105,12,radiant,%5BHyperX%5D%20Liquid%60Pegasus,0,307867,308,0.000116660789437502,Pro,bottomlane radiant
1083266,104,11,radiant,%5BHyperX%5D%20Liquid%60Pegasus,0,308733,309,0.000117039558234377,Pro,bottomlane radiant
1083666,103,11,radiant,%5BHyperX%5D%20Liquid%60Pegasus,0,309133,310,0.000117418327031252,Pro,bottomlane radiant
1085400,105,12,radiant,%5BHyperX%5D%20Liquid%60Pegasus,0,310867,311,0.000117797095828127,Pro,bottomlane radiant
1085400,105,12,radiant,%5BHyperX%5D%20Liquid%60Pegasus,0,310867,312,0.000118175864625002,Pro,bottomlane radiant
1087400,107,13,radiant,%5BHyperX%5D%20Liquid%60Pegasus,0,312867,313,0.000118554633421877,Pro,bottomlane radiant
1088333,109,14,radiant,%5BHyperX%5D%20Liquid%60Pegasus,0,313800,314,0.000118933402218752,Pro,bottomlane radiant
1089466,111,16,radiant,%5BHyperX%5D%20Liquid%60Pegasus,0,314933,315,0.000119312171015627,Pro,bottomlane radiant
1090400,111,19,radiant,%5BHyperX%5D%20Liquid%60Pegasus,0,315867,316,0.000119690939812502,Pro,bottomlane radiant
1091533,111,17,radiant,%5BHyperX%5D%20Liquid%60Pegasus,0,317000,317,0.000120069708609377,Pro,bottomlane radiant
1092066,111,18,radiant,%5BHyperX%5D%20Liquid%60Pegasus,0,317533,318,0.000120448477406252,Pro,bottomlane radiant
1092066,111,18,radiant,%5BHyperX%5D%20Liquid%60Pegasus,0,317533,319,0.000120827246203127,Pro,bottomlane radiant
1092066,111,18,radiant,%5BHyperX%5D%20Liquid%60Pegasus,0,317533,320,0.000121206015000002,Pro,bottomlane radiant
1095266,113,17,radiant,%5BHyperX%5D%20Liquid%60Pegasus,0,320733,321,0.000121584783796877,Pro,void radiant
1095266,113,17,radiant,%5BHyperX%5D%20Liquid%60Pegasus,0,320733,322,0.000121963552593752,Pro,void radiant
1095266,113,17,radiant,%5BHyperX%5D%20Liquid%60Pegasus,0,320733,323,0.000122342321390627,Pro,void radiant
1095266,113,17,radiant,%5BHyperX%5D%20Liquid%60Pegasus,0,320733,324,0.000122721090187502,Pro,void radiant
1095266,113,17,radiant,%5BHyperX%5D%20Liquid%60Pegasus,0,320733,325,0.000123099858984377,Pro,void radiant
1095266,113,17,radiant,%5BHyperX%5D%20Liquid%60Pegasus,0,320733,326,0.000123478627781252,Pro,void radiant
1095266,113,17,radiant,%5BHyperX%5D%20Liquid%60Pegasus,0,320733,327,0.000123857396578127,Pro,void radiant
1095266,113,17,radiant,%5BHyperX%5D%20Liquid%60Pegasus,0,320733,328,0.000124236165375002,Pro,void radiant
1095266,113,17,radiant,%5BHyperX%5D%20Liquid%60Pegasus,0,320733,329,0.000124614934171877,Pro,void radiant
1095266,113,17,radiant,%5BHyperX%5D%20Liquid%60Pegasus,0,320733,330,0.000124993702968752,Pro,void radiant
1095266,113,17,radiant,%5BHyperX%5D%20Liquid%60Pegasus,0,320733,331,0.000125372471765627,Pro,void radiant
1095266,113,17,radiant,%5BHyperX%5D%20Liquid%60Pegasus,0,320733,332,0.000125751240562502,Pro,void radiant
1095266,113,17,radiant,%5BHyperX%5D%20Liquid%60Pegasus,0,320733,333,0.000126130009359377,Pro,void radiant
1108466,112,17,radiant,%5BHyperX%5D%20Liquid%60Pegasus,0,333933,334,0.000126508778156252,Pro,bottomlane radiant
1108466,112,17,radiant,%5BHyperX%5D%20Liquid%60Pegasus,0,333933,335,0.000126887546953127,Pro,bottomlane radiant
1108466,112,17,radiant,%5BHyperX%5D%20Liquid%60Pegasus,0,333933,336,0.000127266315750002,Pro,bottomlane radiant
1108466,112,17,radiant,%5BHyperX%5D%20Liquid%60Pegasus,0,333933,337,0.000127645084546877,Pro,bottomlane radiant
1112333,112,19,radiant,%5BHyperX%5D%20Liquid%60Pegasus,0,337800,338,0.000128023853343752,Pro,bottomlane radiant
1113533,112,20,radiant,%5BHyperX%5D%20Liquid%60Pegasus,0,339000,339,0.000128402622140627,Pro,bottomlane radiant
1114533,113,22,radiant,%5BHyperX%5D%20Liquid%60Pegasus,0,340000,340,0.000128781390937502,Pro,bottomlane radiant
1115400,114,24,radiant,%5BHyperX%5D%20Liquid%60Pegasus,0,340867,341,0.000129160159734377,Pro,bottomlane radiant
1116266,116,25,radiant,%5BHyperX%5D%20Liquid%60Pegasus,0,341733,342,0.000129538928531252,Pro,bottomlane radiant
1117000,118,26,radiant,%5BHyperX%5D%20Liquid%60Pegasus,0,342467,343,0.000129917697328127,Pro,bottomlane radiant
1118333,116,25,radiant,%5BHyperX%5D%20Liquid%60Pegasus,0,343800,344,0.000130296466125002,Pro,bottomlane radiant
1119200,114,24,radiant,%5BHyperX%5D%20Liquid%60Pegasus,0,344667,345,0.000130675234921877,Pro,bottomlane radiant
1120400,113,21,radiant,%5BHyperX%5D%20Liquid%60Pegasus,0,345867,346,0.000131054003718752,Pro,bottomlane radiant
1121533,113,23,radiant,%5BHyperX%5D%20Liquid%60Pegasus,0,347000,347,0.000131432772515627,Pro,bottomlane radiant
1122400,115,24,radiant,%5BHyperX%5D%20Liquid%60Pegasus,0,347867,348,0.000131811541312502,Pro,bottomlane radiant
1123533,117,26,radiant,%5BHyperX%5D%20Liquid%60Pegasus,0,349000,349,0.000132190310109377,Pro,bottomlane radiant
1124533,120,27,radiant,%5BHyperX%5D%20Liquid%60Pegasus,0,350000,350,0.000132569078906252,Pro,laneshop radiant
1125466,119,29,radiant,%5BHyperX%5D%20Liquid%60Pegasus,0,350933,351,0.000132947847703127,Pro,bottomlane radiant
1126333,118,31,radiant,%5BHyperX%5D%20Liquid%60Pegasus,0,351800,352,0.000133326616500002,Pro,void radiant
1126333,118,31,radiant,%5BHyperX%5D%20Liquid%60Pegasus,0,351800,353,0.000133705385296877,Pro,void radiant
1126333,118,31,radiant,%5BHyperX%5D%20Liquid%60Pegasus,0,351800,354,0.000134084154093752,Pro,void radiant
1126333,118,31,radiant,%5BHyperX%5D%20Liquid%60Pegasus,0,351800,355,0.000134462922890627,Pro,void radiant
1126333,118,31,radiant,%5BHyperX%5D%20Liquid%60Pegasus,0,351800,356,0.000134841691687502,Pro,void radiant
1126333,118,31,radiant,%5BHyperX%5D%20Liquid%60Pegasus,0,351800,357,0.000135220460484377,Pro,void radiant
1126333,118,31,radiant,%5BHyperX%5D%20Liquid%60Pegasus,0,351800,358,0.000135599229281252,Pro,void radiant
1133200,118,30,radiant,%5BHyperX%5D%20Liquid%60Pegasus,0,358667,359,0.000135977998078127,Pro,bottomlane radiant
1134000,117,30,radiant,%5BHyperX%5D%20Liquid%60Pegasus,0,359467,360,0.000136356766875002,Pro,bottomlane radiant
1135266,115,31,radiant,%5BHyperX%5D%20Liquid%60Pegasus,0,360733,361,0.000136735535671877,Pro,bottomlane radiant
1136200,114,33,radiant,%5BHyperX%5D%20Liquid%60Pegasus,0,361667,362,0.000137114304468752,Pro,bottomlane radiant
1137133,112,35,radiant,%5BHyperX%5D%20Liquid%60Pegasus,0,362600,363,0.000137493073265627,Pro,bottomlane radiant
1138133,111,37,radiant,%5BHyperX%5D%20Liquid%60Pegasus,0,363600,364,0.000137871842062502,Pro,bottomlane radiant
1138866,110,37,radiant,%5BHyperX%5D%20Liquid%60Pegasus,0,364333,365,0.000138250610859377,Pro,bottomlane radiant
1140133,110,36,radiant,%5BHyperX%5D%20Liquid%60Pegasus,0,365600,366,0.000138629379656252,Pro,bottomlane radiant
1141466,108,35,radiant,%5BHyperX%5D%20Liquid%60Pegasus,0,366933,367,0.000139008148453127,Pro,bottomlane radiant
1141466,108,35,radiant,%5BHyperX%5D%20Liquid%60Pegasus,0,366933,368,0.000139386917250002,Pro,bottomlane radiant
1143133,109,33,radiant,%5BHyperX%5D%20Liquid%60Pegasus,0,368600,369,0.000139765686046877,Pro,bottomlane radiant
1144466,110,34,radiant,%5BHyperX%5D%20Liquid%60Pegasus,0,369933,370,0.000140144454843752,Pro,bottomlane radiant
1145333,111,35,radiant,%5BHyperX%5D%20Liquid%60Pegasus,0,370800,371,0.000140523223640627,Pro,bottomlane radiant
1146400,112,37,radiant,%5BHyperX%5D%20Liquid%60Pegasus,0,371867,372,0.000140901992437502,Pro,bottomlane radiant
1147466,114,37,radiant,%5BHyperX%5D%20Liquid%60Pegasus,0,372933,373,0.000141280761234377,Pro,bottomlane radiant
1148533,113,34,radiant,%5BHyperX%5D%20Liquid%60Pegasus,0,374000,374,0.000141659530031252,Pro,bottomlane radiant
1149400,112,32,radiant,%5BHyperX%5D%20Liquid%60Pegasus,0,374867,375,0.000142038298828127,Pro,bottomlane radiant
1150200,111,30,radiant,%5BHyperX%5D%20Liquid%60Pegasus,0,375667,376,0.000142417067625002,Pro,bottomlane radiant
1151400,110,27,radiant,%5BHyperX%5D%20Liquid%60Pegasus,0,376867,377,0.000142795836421877,Pro,bottomlane radiant
1152466,109,26,radiant,%5BHyperX%5D%20Liquid%60Pegasus,0,377933,378,0.000143174605218752,Pro,bottomlane radiant
1153400,107,24,radiant,%5BHyperX%5D%20Liquid%60Pegasus,0,378867,379,0.000143553374015627,Pro,bottomlane radiant
1154400,105,23,radiant,%5BHyperX%5D%20Liquid%60Pegasus,0,379867,380,0.000143932142812502,Pro,jungle radiant
1155333,102,23,radiant,%5BHyperX%5D%20Liquid%60Pegasus,0,380800,381,0.000144310911609377,Pro,jungle radiant
1156333,100,22,radiant,%5BHyperX%5D%20Liquid%60Pegasus,0,381800,382,0.000144689680406252,Pro,jungle radiant
1157533,97,21,radiant,%5BHyperX%5D%20Liquid%60Pegasus,0,383000,383,0.000145068449203127,Pro,jungle radiant
1158266,95,20,radiant,%5BHyperX%5D%20Liquid%60Pegasus,0,383733,384,0.000145447218000002,Pro,jungle radiant
1159333,93,18,radiant,%5BHyperX%5D%20Liquid%60Pegasus,0,384800,385,0.000145825986796877,Pro,jungle radiant
1160533,91,17,radiant,%5BHyperX%5D%20Liquid%60Pegasus,0,386000,386,0.000146204755593752,Pro,jungle radiant
1161333,92,15,radiant,%5BHyperX%5D%20Liquid%60Pegasus,0,386800,387,0.000146583524390627,Pro,void radiant
1162200,94,14,radiant,%5BHyperX%5D%20Liquid%60Pegasus,0,387667,388,0.000146962293187502,Pro,bottomlane radiant
1162200,94,14,radiant,%5BHyperX%5D%20Liquid%60Pegasus,0,387667,389,0.000147341061984377,Pro,bottomlane radiant
1162200,94,14,radiant,%5BHyperX%5D%20Liquid%60Pegasus,0,387667,390,0.000147719830781252,Pro,bottomlane radiant
1162200,94,14,radiant,%5BHyperX%5D%20Liquid%60Pegasus,0,387667,391,0.000148098599578127,Pro,bottomlane radiant
1166333,14,53,radiant,%5BHyperX%5D%20Liquid%60Pegasus,0,391800,392,0.000148477368375002,Pro,toplane radiant
1167466,14,56,radiant,%5BHyperX%5D%20Liquid%60Pegasus,0,392933,393,0.000148856137171877,Pro,toplane radiant
1168533,14,59,radiant,%5BHyperX%5D%20Liquid%60Pegasus,0,394000,394,0.000149234905968752,Pro,toplane radiant
1168800,13,59,radiant,%5BHyperX%5D%20Liquid%60Pegasus,0,394267,395,0.000149613674765627,Pro,toplane radiant
1170400,13,62,radiant,%5BHyperX%5D%20Liquid%60Pegasus,0,395867,396,0.000149992443562502,Pro,toplane radiant
1171333,11,64,radiant,%5BHyperX%5D%20Liquid%60Pegasus,0,396800,397,0.000150371212359377,Pro,void radiant
1171333,11,64,radiant,%5BHyperX%5D%20Liquid%60Pegasus,0,396800,398,0.000150749981156252,Pro,void radiant
1171333,11,64,radiant,%5BHyperX%5D%20Liquid%60Pegasus,0,396800,399,0.000151128749953127,Pro,void radiant
1171333,11,64,radiant,%5BHyperX%5D%20Liquid%60Pegasus,0,396800,400,0.000151507518750002,Pro,void radiant
1171333,11,64,radiant,%5BHyperX%5D%20Liquid%60Pegasus,0,396800,401,0.000151886287546877,Pro,void radiant
1171333,11,64,radiant,%5BHyperX%5D%20Liquid%60Pegasus,0,396800,402,0.000152265056343752,Pro,void radiant
1171333,11,64,radiant,%5BHyperX%5D%20Liquid%60Pegasus,0,396800,403,0.000152643825140627,Pro,void radiant
1178533,12,65,radiant,%5BHyperX%5D%20Liquid%60Pegasus,0,404000,404,0.000153022593937502,Pro,toplane radiant
1179266,12,67,radiant,%5BHyperX%5D%20Liquid%60Pegasus,0,404733,405,0.000153401362734377,Pro,toplane radiant
1180400,12,70,radiant,%5BHyperX%5D%20Liquid%60Pegasus,0,405867,406,0.000153780131531252,Pro,toplane radiant
1181466,12,73,radiant,%5BHyperX%5D%20Liquid%60Pegasus,0,406933,407,0.000154158900328127,Pro,toplane radiant
1181466,12,73,radiant,%5BHyperX%5D%20Liquid%60Pegasus,0,406933,408,0.000154537669125002,Pro,toplane radiant
1183400,12,75,radiant,%5BHyperX%5D%20Liquid%60Pegasus,0,408867,409,0.000154916437921877,Pro,toplane radiant
1183800,12,76,radiant,%5BHyperX%5D%20Liquid%60Pegasus,0,409267,410,0.000155295206718752,Pro,toplane radiant
1183800,12,76,radiant,%5BHyperX%5D%20Liquid%60Pegasus,0,409267,411,0.000155673975515627,Pro,toplane radiant
1183800,12,76,radiant,%5BHyperX%5D%20Liquid%60Pegasus,0,409267,412,0.000156052744312502,Pro,toplane radiant
1183800,12,76,radiant,%5BHyperX%5D%20Liquid%60Pegasus,0,409267,413,0.000156431513109377,Pro,toplane radiant
1183800,12,76,radiant,%5BHyperX%5D%20Liquid%60Pegasus,0,409267,414,0.000156810281906252,Pro,toplane radiant
1183800,12,76,radiant,%5BHyperX%5D%20Liquid%60Pegasus,0,409267,415,0.000157189050703127,Pro,toplane radiant
1183800,12,76,radiant,%5BHyperX%5D%20Liquid%60Pegasus,0,409267,416,0.000157567819500002,Pro,toplane radiant
1183800,12,76,radiant,%5BHyperX%5D%20Liquid%60Pegasus,0,409267,417,0.000157946588296877,Pro,toplane radiant
1183800,12,76,radiant,%5BHyperX%5D%20Liquid%60Pegasus,0,409267,418,0.000158325357093752,Pro,toplane radiant
1183800,12,76,radiant,%5BHyperX%5D%20Liquid%60Pegasus,0,409267,419,0.000158704125890627,Pro,toplane radiant
1183800,12,76,radiant,%5BHyperX%5D%20Liquid%60Pegasus,0,409267,420,0.000159082894687502,Pro,toplane radiant
1195000,11,75,radiant,%5BHyperX%5D%20Liquid%60Pegasus,0,420467,421,0.000159461663484378,Pro,toplane radiant
1195000,11,75,radiant,%5BHyperX%5D%20Liquid%60Pegasus,0,420467,422,0.000159840432281253,Pro,toplane radiant
1195000,11,75,radiant,%5BHyperX%5D%20Liquid%60Pegasus,0,420467,423,0.000160219201078128,Pro,toplane radiant
1195000,11,75,radiant,%5BHyperX%5D%20Liquid%60Pegasus,0,420467,424,0.000160597969875003,Pro,toplane radiant
1195000,11,75,radiant,%5BHyperX%5D%20Liquid%60Pegasus,0,420467,425,0.000160976738671878,Pro,toplane radiant
1200533,11,74,radiant,%5BHyperX%5D%20Liquid%60Pegasus,0,426000,426,0.000161355507468753,Pro,toplane radiant
1201000,9,74,radiant,%5BHyperX%5D%20Liquid%60Pegasus,0,426467,427,0.000161734276265628,Pro,toplane radiant
1201000,9,74,radiant,%5BHyperX%5D%20Liquid%60Pegasus,0,426467,428,0.000162113045062503,Pro,toplane radiant
1201000,9,74,radiant,%5BHyperX%5D%20Liquid%60Pegasus,0,426467,429,0.000162491813859378,Pro,toplane radiant
1204466,9,75,radiant,%5BHyperX%5D%20Liquid%60Pegasus,0,429933,430,0.000162870582656253,Pro,toplane radiant
1204466,9,75,radiant,%5BHyperX%5D%20Liquid%60Pegasus,0,429933,431,0.000163249351453128,Pro,toplane radiant
1204466,9,75,radiant,%5BHyperX%5D%20Liquid%60Pegasus,0,429933,432,0.000163628120250003,Pro,toplane radiant
1204466,9,75,radiant,%5BHyperX%5D%20Liquid%60Pegasus,0,429933,433,0.000164006889046878,Pro,toplane radiant
1204466,9,75,radiant,%5BHyperX%5D%20Liquid%60Pegasus,0,429933,434,0.000164385657843753,Pro,toplane radiant
1204466,9,75,radiant,%5BHyperX%5D%20Liquid%60Pegasus,0,429933,435,0.000164764426640628,Pro,toplane radiant
1204466,9,75,radiant,%5BHyperX%5D%20Liquid%60Pegasus,0,429933,436,0.000165143195437503,Pro,toplane radiant
1211400,10,74,radiant,%5BHyperX%5D%20Liquid%60Pegasus,0,436867,437,0.000165521964234378,Pro,toplane radiant
1211400,10,74,radiant,%5BHyperX%5D%20Liquid%60Pegasus,0,436867,438,0.000165900733031253,Pro,toplane radiant
1211400,10,74,radiant,%5BHyperX%5D%20Liquid%60Pegasus,0,436867,439,0.000166279501828128,Pro,toplane radiant
1211400,10,74,radiant,%5BHyperX%5D%20Liquid%60Pegasus,0,436867,440,0.000166658270625003,Pro,toplane radiant
1211400,10,74,radiant,%5BHyperX%5D%20Liquid%60Pegasus,0,436867,441,0.000167037039421878,Pro,toplane radiant
1211400,10,74,radiant,%5BHyperX%5D%20Liquid%60Pegasus,0,436867,442,0.000167415808218753,Pro,toplane radiant
1217133,11,75,radiant,%5BHyperX%5D%20Liquid%60Pegasus,0,442600,443,0.000167794577015628,Pro,toplane radiant
1218466,13,78,radiant,%5BHyperX%5D%20Liquid%60Pegasus,0,443933,444,0.000168173345812503,Pro,toplane radiant
1219533,14,81,radiant,%5BHyperX%5D%20Liquid%60Pegasus,0,445000,445,0.000168552114609378,Pro,toplane dire
1220400,16,83,radiant,%5BHyperX%5D%20Liquid%60Pegasus,0,445867,446,0.000168930883406253,Pro,toplane dire
1221266,17,86,radiant,%5BHyperX%5D%20Liquid%60Pegasus,0,446733,447,0.000169309652203128,Pro,toplane dire
1222533,20,88,radiant,%5BHyperX%5D%20Liquid%60Pegasus,0,448000,448,0.000169688421000003,Pro,jungle dire
1223333,22,89,radiant,%5BHyperX%5D%20Liquid%60Pegasus,0,448800,449,0.000170067189796878,Pro,jungle dire
1224533,24,92,radiant,%5BHyperX%5D%20Liquid%60Pegasus,0,450000,450,0.000170445958593753,Pro,jungle dire
1225466,22,94,radiant,%5BHyperX%5D%20Liquid%60Pegasus,0,450933,451,0.000170824727390628,Pro,toplane dire
1226400,21,97,radiant,%5BHyperX%5D%20Liquid%60Pegasus,0,451867,452,0.000171203496187503,Pro,toplane dire
1227466,22,100,radiant,%5BHyperX%5D%20Liquid%60Pegasus,0,452933,453,0.000171582264984378,Pro,void dire
1228400,24,103,radiant,%5BHyperX%5D%20Liquid%60Pegasus,0,453867,454,0.000171961033781253,Pro,toplane dire
1229400,25,107,radiant,%5BHyperX%5D%20Liquid%60Pegasus,0,454867,455,0.000172339802578128,Pro,toplane dire
1230133,27,110,radiant,%5BHyperX%5D%20Liquid%60Pegasus,0,455600,456,0.000172718571375003,Pro,toplane dire
1231200,26,110,radiant,%5BHyperX%5D%20Liquid%60Pegasus,0,456667,457,0.000173097340171878,Pro,toplane dire
1231200,26,110,radiant,%5BHyperX%5D%20Liquid%60Pegasus,0,456667,458,0.000173476108968753,Pro,toplane dire
1232600,27,110,radiant,%5BHyperX%5D%20Liquid%60Pegasus,0,458067,459,0.000173854877765628,Pro,toplane dire
1234466,28,109,radiant,%5BHyperX%5D%20Liquid%60Pegasus,0,459933,460,0.000174233646562503,Pro,toplane dire
1235200,30,109,radiant,%5BHyperX%5D%20Liquid%60Pegasus,0,460667,461,0.000174612415359378,Pro,toplane dire
1236400,33,108,radiant,%5BHyperX%5D%20Liquid%60Pegasus,0,461867,462,0.000174991184156253,Pro,toplane dire
1237333,35,107,radiant,%5BHyperX%5D%20Liquid%60Pegasus,0,462800,463,0.000175369952953128,Pro,toplane dire
1238266,36,105,radiant,%5BHyperX%5D%20Liquid%60Pegasus,0,463733,464,0.000175748721750003,Pro,toplane dire
1239533,36,102,radiant,%5BHyperX%5D%20Liquid%60Pegasus,0,465000,465,0.000176127490546878,Pro,jungle dire
1240266,36,100,radiant,%5BHyperX%5D%20Liquid%60Pegasus,0,465733,466,0.000176506259343753,Pro,jungle dire
1241466,34,97,radiant,%5BHyperX%5D%20Liquid%60Pegasus,0,466933,467,0.000176885028140628,Pro,jungle dire
1242333,33,95,radiant,%5BHyperX%5D%20Liquid%60Pegasus,0,467800,468,0.000177263796937503,Pro,jungle dire
1243266,33,93,radiant,%5BHyperX%5D%20Liquid%60Pegasus,0,468733,469,0.000177642565734378,Pro,jungle dire
1244333,33,91,radiant,%5BHyperX%5D%20Liquid%60Pegasus,0,469800,470,0.000178021334531253,Pro,jungle dire
1245533,36,90,radiant,%5BHyperX%5D%20Liquid%60Pegasus,0,471000,471,0.000178400103328128,Pro,jungle dire
1246266,38,90,radiant,%5BHyperX%5D%20Liquid%60Pegasus,0,471733,472,0.000178778872125003,Pro,jungle dire
1247400,41,89,radiant,%5BHyperX%5D%20Liquid%60Pegasus,0,472867,473,0.000179157640921878,Pro,jungle dire
1248466,44,89,radiant,%5BHyperX%5D%20Liquid%60Pegasus,0,473933,474,0.000179536409718753,Pro,jungle dire
1249333,46,88,radiant,%5BHyperX%5D%20Liquid%60Pegasus,0,474800,475,0.000179915178515628,Pro,jungle dire
1250400,46,85,radiant,%5BHyperX%5D%20Liquid%60Pegasus,0,475867,476,0.000180293947312503,Pro,jungle dire
1251266,45,83,radiant,%5BHyperX%5D%20Liquid%60Pegasus,0,476733,477,0.000180672716109378,Pro,jungle dire
1252466,44,80,radiant,%5BHyperX%5D%20Liquid%60Pegasus,0,477933,478,0.000181051484906253,Pro,void dire
1253200,44,78,radiant,%5BHyperX%5D%20Liquid%60Pegasus,0,478667,479,0.000181430253703128,Pro,river
1254400,45,75,radiant,%5BHyperX%5D%20Liquid%60Pegasus,0,479867,480,0.000181809022500003,Pro,river
1255266,46,73,radiant,%5BHyperX%5D%20Liquid%60Pegasus,0,480733,481,0.000182187791296878,Pro,river
1256400,47,70,radiant,%5BHyperX%5D%20Liquid%60Pegasus,0,481867,482,0.000182566560093753,Pro,river
1257533,47,67,radiant,%5BHyperX%5D%20Liquid%60Pegasus,0,483000,483,0.000182945328890628,Pro,jungle radiant
1258333,46,65,radiant,%5BHyperX%5D%20Liquid%60Pegasus,0,483800,484,0.000183324097687503,Pro,jungle radiant
1259466,47,65,radiant,%5BHyperX%5D%20Liquid%60Pegasus,0,484933,485,0.000183702866484378,Pro,jungle radiant
1260466,49,67,radiant,%5BHyperX%5D%20Liquid%60Pegasus,0,485933,486,0.000184081635281253,Pro,void radiant
1261333,49,65,radiant,%5BHyperX%5D%20Liquid%60Pegasus,0,486800,487,0.000184460404078128,Pro,jungle radiant
1262200,50,63,radiant,%5BHyperX%5D%20Liquid%60Pegasus,0,487667,488,0.000184839172875003,Pro,jungle radiant
1262200,50,63,radiant,%5BHyperX%5D%20Liquid%60Pegasus,0,487667,489,0.000185217941671878,Pro,jungle radiant
1264333,49,65,radiant,%5BHyperX%5D%20Liquid%60Pegasus,0,489800,490,0.000185596710468753,Pro,jungle radiant
1265133,49,67,radiant,%5BHyperX%5D%20Liquid%60Pegasus,0,490600,491,0.000185975479265628,Pro,void radiant
1266466,52,69,radiant,%5BHyperX%5D%20Liquid%60Pegasus,0,491933,492,0.000186354248062503,Pro,river
1267333,54,70,radiant,%5BHyperX%5D%20Liquid%60Pegasus,0,492800,493,0.000186733016859378,Pro,void dire
1268466,57,71,radiant,%5BHyperX%5D%20Liquid%60Pegasus,0,493933,494,0.000187111785656253,Pro,jungle dire
1269466,59,71,radiant,%5BHyperX%5D%20Liquid%60Pegasus,0,494933,495,0.000187490554453128,Pro,jungle dire
1270200,61,71,radiant,%5BHyperX%5D%20Liquid%60Pegasus,0,495667,496,0.000187869323250003,Pro,jungle dire
1271266,63,73,radiant,%5BHyperX%5D%20Liquid%60Pegasus,0,496733,497,0.000188248092046878,Pro,midlane dire
1272333,65,75,radiant,%5BHyperX%5D%20Liquid%60Pegasus,0,497800,498,0.000188626860843753,Pro,midlane dire
1273466,67,76,radiant,%5BHyperX%5D%20Liquid%60Pegasus,0,498933,499,0.000189005629640628,Pro,midlane dire
1274266,66,78,radiant,%5BHyperX%5D%20Liquid%60Pegasus,0,499733,500,0.000189384398437503,Pro,jungle dire
1275133,66,80,radiant,%5BHyperX%5D%20Liquid%60Pegasus,0,500600,501,0.000189763167234378,Pro,jungle dire
1275600,66,83,radiant,%5BHyperX%5D%20Liquid%60Pegasus,0,501067,502,0.000190141936031253,Pro,jungle dire
1276733,67,83,radiant,%5BHyperX%5D%20Liquid%60Pegasus,0,502200,503,0.000190520704828128,Pro,jungle dire
1278400,68,84,radiant,%5BHyperX%5D%20Liquid%60Pegasus,0,503867,504,0.000190899473625003,Pro,jungle dire
1279400,69,85,radiant,%5BHyperX%5D%20Liquid%60Pegasus,0,504867,505,0.000191278242421878,Pro,jungle dire
1280000,70,86,radiant,%5BHyperX%5D%20Liquid%60Pegasus,0,505467,506,0.000191657011218753,Pro,jungle dire
1281466,71,88,radiant,%5BHyperX%5D%20Liquid%60Pegasus,0,506933,507,0.000192035780015628,Pro,jungle dire
1282333,73,89,radiant,%5BHyperX%5D%20Liquid%60Pegasus,0,507800,508,0.000192414548812503,Pro,jungle dire
1283333,75,90,radiant,%5BHyperX%5D%20Liquid%60Pegasus,0,508800,509,0.000192793317609378,Pro,jungle dire
1284466,78,90,radiant,%5BHyperX%5D%20Liquid%60Pegasus,0,509933,510,0.000193172086406253,Pro,jungle dire
1285400,80,89,radiant,%5BHyperX%5D%20Liquid%60Pegasus,0,510867,511,0.000193550855203128,Pro,jungle dire
1286400,81,86,radiant,%5BHyperX%5D%20Liquid%60Pegasus,0,511867,512,0.000193929624000003,Pro,midlane dire
1287533,83,84,radiant,%5BHyperX%5D%20Liquid%60Pegasus,0,513000,513,0.000194308392796878,Pro,midlane dire
1288400,85,83,radiant,%5BHyperX%5D%20Liquid%60Pegasus,0,513867,514,0.000194687161593753,Pro,midlane dire
1289400,87,81,radiant,%5BHyperX%5D%20Liquid%60Pegasus,0,514867,515,0.000195065930390628,Pro,midlane dire
1290533,89,79,radiant,%5BHyperX%5D%20Liquid%60Pegasus,0,516000,516,0.000195444699187503,Pro,midlane dire
1291266,91,78,radiant,%5BHyperX%5D%20Liquid%60Pegasus,0,516733,517,0.000195823467984378,Pro,midlane dire
1292200,92,76,radiant,%5BHyperX%5D%20Liquid%60Pegasus,0,517667,518,0.000196202236781253,Pro,jungle dire
1293333,92,73,radiant,%5BHyperX%5D%20Liquid%60Pegasus,0,518800,519,0.000196581005578128,Pro,jungle dire
1294400,92,70,radiant,%5BHyperX%5D%20Liquid%60Pegasus,0,519867,520,0.000196959774375003,Pro,jungle dire
1295533,93,67,radiant,%5BHyperX%5D%20Liquid%60Pegasus,0,521000,521,0.000197338543171878,Pro,jungle dire
1296266,93,65,radiant,%5BHyperX%5D%20Liquid%60Pegasus,0,521733,522,0.000197717311968753,Pro,jungle dire
1297400,94,62,radiant,%5BHyperX%5D%20Liquid%60Pegasus,0,522867,523,0.000198096080765628,Pro,jungle dire
1298533,94,59,radiant,%5BHyperX%5D%20Liquid%60Pegasus,0,524000,524,0.000198474849562503,Pro,jungle dire
1299266,95,57,radiant,%5BHyperX%5D%20Liquid%60Pegasus,0,524733,525,0.000198853618359378,Pro,jungle dire
1300533,96,54,radiant,%5BHyperX%5D%20Liquid%60Pegasus,0,526000,526,0.000199232387156253,Pro,jungle dire
1301333,95,52,radiant,%5BHyperX%5D%20Liquid%60Pegasus,0,526800,527,0.000199611155953128,Pro,jungle dire
1302333,93,50,radiant,%5BHyperX%5D%20Liquid%60Pegasus,0,527800,528,0.000199989924750003,Pro,jungle dire
1303533,90,49,radiant,%5BHyperX%5D%20Liquid%60Pegasus,0,529000,529,0.000200368693546878,Pro,jungle dire
1303933,91,49,radiant,%5BHyperX%5D%20Liquid%60Pegasus,0,529400,530,0.000200747462343753,Pro,jungle dire
1303933,91,49,radiant,%5BHyperX%5D%20Liquid%60Pegasus,0,529400,531,0.000201126231140628,Pro,jungle dire
1303933,91,49,radiant,%5BHyperX%5D%20Liquid%60Pegasus,0,529400,532,0.000201504999937503,Pro,jungle dire
1303933,91,49,radiant,%5BHyperX%5D%20Liquid%60Pegasus,0,529400,533,0.000201883768734378,Pro,jungle dire
1308466,92,49,radiant,%5BHyperX%5D%20Liquid%60Pegasus,0,533933,534,0.000202262537531253,Pro,jungle dire
1308866,93,50,radiant,%5BHyperX%5D%20Liquid%60Pegasus,0,534333,535,0.000202641306328128,Pro,jungle dire
1308866,93,50,radiant,%5BHyperX%5D%20Liquid%60Pegasus,0,534333,536,0.000203020075125003,Pro,jungle dire
1308866,93,50,radiant,%5BHyperX%5D%20Liquid%60Pegasus,0,534333,537,0.000203398843921878,Pro,jungle dire
1308866,93,50,radiant,%5BHyperX%5D%20Liquid%60Pegasus,0,534333,538,0.000203777612718753,Pro,jungle dire
1308866,93,50,radiant,%5BHyperX%5D%20Liquid%60Pegasus,0,534333,539,0.000204156381515628,Pro,jungle dire
1308866,93,50,radiant,%5BHyperX%5D%20Liquid%60Pegasus,0,534333,540,0.000204535150312503,Pro,jungle dire
1308866,93,50,radiant,%5BHyperX%5D%20Liquid%60Pegasus,0,534333,541,0.000204913919109378,Pro,jungle dire
1308866,93,50,radiant,%5BHyperX%5D%20Liquid%60Pegasus,0,534333,542,0.000205292687906253,Pro,jungle dire
1308866,93,50,radiant,%5BHyperX%5D%20Liquid%60Pegasus,0,534333,543,0.000205671456703128,Pro,jungle dire
1308866,93,50,radiant,%5BHyperX%5D%20Liquid%60Pegasus,0,534333,544,0.000206050225500003,Pro,jungle dire
1308866,93,50,radiant,%5BHyperX%5D%20Liquid%60Pegasus,0,534333,545,0.000206428994296878,Pro,jungle dire
1320133,93,50,radiant,%5BHyperX%5D%20Liquid%60Pegasus,0,545600,546,0.000206807763093753,Pro,jungle dire
1320133,93,50,radiant,%5BHyperX%5D%20Liquid%60Pegasus,0,545600,547,0.000207186531890628,Pro,jungle dire
1320133,93,50,radiant,%5BHyperX%5D%20Liquid%60Pegasus,0,545600,548,0.000207565300687503,Pro,jungle dire
1320133,93,50,radiant,%5BHyperX%5D%20Liquid%60Pegasus,0,545600,549,0.000207944069484378,Pro,jungle dire
1324066,8,6,radiant,%5BHyperX%5D%20Liquid%60Pegasus,0,549533,550,0.000208322838281253,Pro,base1 radiant
1325333,10,7,radiant,%5BHyperX%5D%20Liquid%60Pegasus,0,550800,551,0.000208701607078128,Pro,base1 radiant
1326533,12,10,radiant,%5BHyperX%5D%20Liquid%60Pegasus,0,552000,552,0.000209080375875003,Pro,base1 radiant
1327533,14,11,radiant,%5BHyperX%5D%20Liquid%60Pegasus,0,553000,553,0.000209459144671878,Pro,base1 radiant
1328400,16,13,radiant,%5BHyperX%5D%20Liquid%60Pegasus,0,553867,554,0.000209837913468753,Pro,base1 radiant
1329466,18,15,radiant,%5BHyperX%5D%20Liquid%60Pegasus,0,554933,555,0.000210216682265628,Pro,base1 radiant
1330200,20,16,radiant,%5BHyperX%5D%20Liquid%60Pegasus,0,555667,556,0.000210595451062503,Pro,base1 radiant
1331266,21,18,radiant,%5BHyperX%5D%20Liquid%60Pegasus,0,556733,557,0.000210974219859378,Pro,base1 radiant
1332266,20,20,radiant,%5BHyperX%5D%20Liquid%60Pegasus,0,557733,558,0.000211352988656253,Pro,base1 radiant
1333533,20,23,radiant,%5BHyperX%5D%20Liquid%60Pegasus,0,559000,559,0.000211731757453128,Pro,base1 radiant
1334333,19,25,radiant,%5BHyperX%5D%20Liquid%60Pegasus,0,559800,560,0.000212110526250003,Pro,base1 radiant
1335533,18,28,radiant,%5BHyperX%5D%20Liquid%60Pegasus,0,561000,561,0.000212489295046878,Pro,base1 radiant
1336333,17,30,radiant,%5BHyperX%5D%20Liquid%60Pegasus,0,561800,562,0.000212868063843753,Pro,base1 radiant
1337466,16,33,radiant,%5BHyperX%5D%20Liquid%60Pegasus,0,562933,563,0.000213246832640628,Pro,base1 radiant
1338266,15,35,radiant,%5BHyperX%5D%20Liquid%60Pegasus,0,563733,564,0.000213625601437503,Pro,base1 radiant
1339533,14,38,radiant,%5BHyperX%5D%20Liquid%60Pegasus,0,565000,565,0.000214004370234378,Pro,toplane radiant
1340533,14,41,radiant,%5BHyperX%5D%20Liquid%60Pegasus,0,566000,566,0.000214383139031253,Pro,toplane radiant
1341266,14,43,radiant,%5BHyperX%5D%20Liquid%60Pegasus,0,566733,567,0.000214761907828128,Pro,toplane radiant
1342333,14,46,radiant,%5BHyperX%5D%20Liquid%60Pegasus,0,567800,568,0.000215140676625003,Pro,toplane radiant
1343466,14,49,radiant,%5BHyperX%5D%20Liquid%60Pegasus,0,568933,569,0.000215519445421878,Pro,toplane radiant
1344533,14,52,radiant,%5BHyperX%5D%20Liquid%60Pegasus,0,570000,570,0.000215898214218753,Pro,toplane radiant
1345533,15,54,radiant,%5BHyperX%5D%20Liquid%60Pegasus,0,571000,571,0.000216276983015628,Pro,toplane radiant
1346533,16,57,radiant,%5BHyperX%5D%20Liquid%60Pegasus,0,572000,572,0.000216655751812503,Pro,toplane radiant
1347533,17,59,radiant,%5BHyperX%5D%20Liquid%60Pegasus,0,573000,573,0.000217034520609378,Pro,toplane radiant
1348466,17,62,radiant,%5BHyperX%5D%20Liquid%60Pegasus,0,573933,574,0.000217413289406253,Pro,toplane radiant
1349533,17,65,radiant,%5BHyperX%5D%20Liquid%60Pegasus,0,575000,575,0.000217792058203128,Pro,toplane radiant
1350266,17,67,radiant,%5BHyperX%5D%20Liquid%60Pegasus,0,575733,576,0.000218170827000003,Pro,toplane radiant
1351400,17,70,radiant,%5BHyperX%5D%20Liquid%60Pegasus,0,576867,577,0.000218549595796878,Pro,toplane radiant
1352466,17,73,radiant,%5BHyperX%5D%20Liquid%60Pegasus,0,577933,578,0.000218928364593753,Pro,toplane radiant
1353200,17,75,radiant,%5BHyperX%5D%20Liquid%60Pegasus,0,578667,579,0.000219307133390628,Pro,toplane radiant
1353200,17,75,radiant,%5BHyperX%5D%20Liquid%60Pegasus,0,578667,580,0.000219685902187503,Pro,toplane radiant
1353200,17,75,radiant,%5BHyperX%5D%20Liquid%60Pegasus,0,578667,581,0.000220064670984378,Pro,toplane radiant
1356400,18,75,radiant,%5BHyperX%5D%20Liquid%60Pegasus,0,581867,582,0.000220443439781253,Pro,toplane radiant
1356400,18,75,radiant,%5BHyperX%5D%20Liquid%60Pegasus,0,581867,583,0.000220822208578128,Pro,toplane radiant
1356400,18,75,radiant,%5BHyperX%5D%20Liquid%60Pegasus,0,581867,584,0.000221200977375003,Pro,toplane radiant
1356400,18,75,radiant,%5BHyperX%5D%20Liquid%60Pegasus,0,581867,585,0.000221579746171878,Pro,toplane radiant
1356400,18,75,radiant,%5BHyperX%5D%20Liquid%60Pegasus,0,581867,586,0.000221958514968753,Pro,toplane radiant
1356400,18,75,radiant,%5BHyperX%5D%20Liquid%60Pegasus,0,581867,587,0.000222337283765628,Pro,toplane radiant
1356400,18,75,radiant,%5BHyperX%5D%20Liquid%60Pegasus,0,581867,588,0.000222716052562503,Pro,toplane radiant
1356400,18,75,radiant,%5BHyperX%5D%20Liquid%60Pegasus,0,581867,589,0.000223094821359378,Pro,toplane radiant
1356400,18,75,radiant,%5BHyperX%5D%20Liquid%60Pegasus,0,581867,590,0.000223473590156254,Pro,toplane radiant
1356400,18,75,radiant,%5BHyperX%5D%20Liquid%60Pegasus,0,581867,591,0.000223852358953129,Pro,toplane radiant
1356400,18,75,radiant,%5BHyperX%5D%20Liquid%60Pegasus,0,581867,592,0.000224231127750004,Pro,toplane radiant
1356400,18,75,radiant,%5BHyperX%5D%20Liquid%60Pegasus,0,581867,593,0.000224609896546879,Pro,toplane radiant
1356400,18,75,radiant,%5BHyperX%5D%20Liquid%60Pegasus,0,581867,594,0.000224988665343754,Pro,toplane radiant
1356400,18,75,radiant,%5BHyperX%5D%20Liquid%60Pegasus,0,581867,595,0.000225367434140629,Pro,toplane radiant
1356400,18,75,radiant,%5BHyperX%5D%20Liquid%60Pegasus,0,581867,596,0.000225746202937504,Pro,toplane radiant
1356400,18,75,radiant,%5BHyperX%5D%20Liquid%60Pegasus,0,581867,597,0.000226124971734379,Pro,toplane radiant
1356400,18,75,radiant,%5BHyperX%5D%20Liquid%60Pegasus,0,581867,598,0.000226503740531254,Pro,toplane radiant
1356400,18,75,radiant,%5BHyperX%5D%20Liquid%60Pegasus,0,581867,599,0.000226882509328129,Pro,toplane radiant
1356400,18,75,radiant,%5BHyperX%5D%20Liquid%60Pegasus,0,581867,600,0.000227261278125004,Pro,toplane radiant
1356400,18,75,radiant,%5BHyperX%5D%20Liquid%60Pegasus,0,581867,601,0.000227640046921879,Pro,toplane radiant
1356400,18,75,radiant,%5BHyperX%5D%20Liquid%60Pegasus,0,581867,602,0.000228018815718754,Pro,toplane radiant
1356400,18,75,radiant,%5BHyperX%5D%20Liquid%60Pegasus,0,581867,603,0.000228397584515629,Pro,toplane radiant
1356400,18,75,radiant,%5BHyperX%5D%20Liquid%60Pegasus,0,581867,604,0.000228776353312504,Pro,toplane radiant
1356400,18,75,radiant,%5BHyperX%5D%20Liquid%60Pegasus,0,581867,605,0.000229155122109379,Pro,toplane radiant
1380133,18,75,radiant,%5BHyperX%5D%20Liquid%60Pegasus,0,605600,606,0.000229533890906254,Pro,toplane radiant
1380133,18,75,radiant,%5BHyperX%5D%20Liquid%60Pegasus,0,605600,607,0.000229912659703129,Pro,toplane radiant
1380133,18,75,radiant,%5BHyperX%5D%20Liquid%60Pegasus,0,605600,608,0.000230291428500004,Pro,toplane radiant
1383266,18,76,radiant,%5BHyperX%5D%20Liquid%60Pegasus,0,608733,609,0.000230670197296879,Pro,toplane radiant
1383266,18,76,radiant,%5BHyperX%5D%20Liquid%60Pegasus,0,608733,610,0.000231048966093754,Pro,toplane radiant
1385200,17,75,radiant,%5BHyperX%5D%20Liquid%60Pegasus,0,610667,611,0.000231427734890629,Pro,toplane radiant
1386466,17,72,radiant,%5BHyperX%5D%20Liquid%60Pegasus,0,611933,612,0.000231806503687504,Pro,toplane radiant
1387533,15,71,radiant,%5BHyperX%5D%20Liquid%60Pegasus,0,613000,613,0.000232185272484379,Pro,toplane radiant
1388533,15,72,radiant,%5BHyperX%5D%20Liquid%60Pegasus,0,614000,614,0.000232564041281254,Pro,toplane radiant
1388933,16,71,radiant,%5BHyperX%5D%20Liquid%60Pegasus,0,614400,615,0.000232942810078129,Pro,toplane radiant
1390466,18,70,radiant,%5BHyperX%5D%20Liquid%60Pegasus,0,615933,616,0.000233321578875004,Pro,toplane radiant
1391400,19,72,radiant,%5BHyperX%5D%20Liquid%60Pegasus,0,616867,617,0.000233700347671879,Pro,toplane radiant
1392266,17,74,radiant,%5BHyperX%5D%20Liquid%60Pegasus,0,617733,618,0.000234079116468754,Pro,toplane radiant
1393000,18,75,radiant,%5BHyperX%5D%20Liquid%60Pegasus,0,618467,619,0.000234457885265629,Pro,toplane radiant
1393000,18,75,radiant,%5BHyperX%5D%20Liquid%60Pegasus,0,618467,620,0.000234836654062504,Pro,toplane radiant
1393000,18,75,radiant,%5BHyperX%5D%20Liquid%60Pegasus,0,618467,621,0.000235215422859379,Pro,toplane radiant
1395933,17,75,radiant,%5BHyperX%5D%20Liquid%60Pegasus,0,621400,622,0.000235594191656254,Pro,toplane radiant
1395933,17,75,radiant,%5BHyperX%5D%20Liquid%60Pegasus,0,621400,623,0.000235972960453129,Pro,toplane radiant
1395933,17,75,radiant,%5BHyperX%5D%20Liquid%60Pegasus,0,621400,624,0.000236351729250004,Pro,toplane radiant
1399266,16,76,radiant,%5BHyperX%5D%20Liquid%60Pegasus,0,624733,625,0.000236730498046879,Pro,toplane radiant
1400333,16,79,radiant,%5BHyperX%5D%20Liquid%60Pegasus,0,625800,626,0.000237109266843754,Pro,toplane radiant
1401533,15,82,radiant,%5BHyperX%5D%20Liquid%60Pegasus,0,627000,627,0.000237488035640629,Pro,toplane dire
1402333,14,84,radiant,%5BHyperX%5D%20Liquid%60Pegasus,0,627800,628,0.000237866804437504,Pro,toplane dire
1403400,16,86,radiant,%5BHyperX%5D%20Liquid%60Pegasus,0,628867,629,0.000238245573234379,Pro,toplane dire
1404266,18,87,radiant,%5BHyperX%5D%20Liquid%60Pegasus,0,629733,630,0.000238624342031254,Pro,toplane dire
1405466,21,88,radiant,%5BHyperX%5D%20Liquid%60Pegasus,0,630933,631,0.000239003110828129,Pro,jungle dire
1406466,23,90,radiant,%5BHyperX%5D%20Liquid%60Pegasus,0,631933,632,0.000239381879625004,Pro,jungle dire
1407133,25,91,radiant,%5BHyperX%5D%20Liquid%60Pegasus,0,632600,633,0.000239760648421879,Pro,jungle dire
1408333,28,92,radiant,%5BHyperX%5D%20Liquid%60Pegasus,0,633800,634,0.000240139417218754,Pro,jungle dire
1409466,31,92,radiant,%5BHyperX%5D%20Liquid%60Pegasus,0,634933,635,0.000240518186015629,Pro,jungle dire
1410200,33,92,radiant,%5BHyperX%5D%20Liquid%60Pegasus,0,635667,636,0.000240896954812504,Pro,jungle dire
1411533,35,95,radiant,%5BHyperX%5D%20Liquid%60Pegasus,0,637000,637,0.000241275723609379,Pro,jungle dire
1412400,36,97,radiant,%5BHyperX%5D%20Liquid%60Pegasus,0,637867,638,0.000241654492406254,Pro,jungle dire
1413466,39,98,radiant,%5BHyperX%5D%20Liquid%60Pegasus,0,638933,639,0.000242033261203129,Pro,jungle dire
1414200,38,97,radiant,%5BHyperX%5D%20Liquid%60Pegasus,0,639667,640,0.000242412030000004,Pro,jungle dire
1415400,35,96,radiant,%5BHyperX%5D%20Liquid%60Pegasus,0,640867,641,0.000242790798796879,Pro,jungle dire
1416466,35,93,radiant,%5BHyperX%5D%20Liquid%60Pegasus,0,641933,642,0.000243169567593754,Pro,jungle dire
1417533,35,90,radiant,%5BHyperX%5D%20Liquid%60Pegasus,0,643000,643,0.000243548336390629,Pro,jungle dire
1418133,37,90,radiant,%5BHyperX%5D%20Liquid%60Pegasus,0,643600,644,0.000243927105187504,Pro,jungle dire
1419466,36,91,radiant,%5BHyperX%5D%20Liquid%60Pegasus,0,644933,645,0.000244305873984379,Pro,jungle dire
1420333,33,91,radiant,%5BHyperX%5D%20Liquid%60Pegasus,0,645800,646,0.000244684642781254,Pro,jungle dire
1421466,30,91,radiant,%5BHyperX%5D%20Liquid%60Pegasus,0,646933,647,0.000245063411578129,Pro,jungle dire
1422333,29,91,radiant,%5BHyperX%5D%20Liquid%60Pegasus,0,647800,648,0.000245442180375004,Pro,jungle dire
1423200,27,92,radiant,%5BHyperX%5D%20Liquid%60Pegasus,0,648667,649,0.000245820949171879,Pro,jungle dire
1424400,24,91,radiant,%5BHyperX%5D%20Liquid%60Pegasus,0,649867,650,0.000246199717968754,Pro,jungle dire
1425466,22,89,radiant,%5BHyperX%5D%20Liquid%60Pegasus,0,650933,651,0.000246578486765629,Pro,jungle dire
1426266,20,88,radiant,%5BHyperX%5D%20Liquid%60Pegasus,0,651733,652,0.000246957255562504,Pro,jungle dire
1427466,17,87,radiant,%5BHyperX%5D%20Liquid%60Pegasus,0,652933,653,0.000247336024359379,Pro,toplane dire
1428466,17,84,radiant,%5BHyperX%5D%20Liquid%60Pegasus,0,653933,654,0.000247714793156254,Pro,toplane dire
1429533,17,81,radiant,%5BHyperX%5D%20Liquid%60Pegasus,0,655000,655,0.000248093561953129,Pro,toplane dire
1430466,16,79,radiant,%5BHyperX%5D%20Liquid%60Pegasus,0,655933,656,0.000248472330750004,Pro,toplane radiant
1431400,16,76,radiant,%5BHyperX%5D%20Liquid%60Pegasus,0,656867,657,0.000248851099546879,Pro,toplane radiant
1432266,17,74,radiant,%5BHyperX%5D%20Liquid%60Pegasus,0,657733,658,0.000249229868343754,Pro,toplane radiant
1433333,18,71,radiant,%5BHyperX%5D%20Liquid%60Pegasus,0,658800,659,0.000249608637140629,Pro,toplane radiant
1434266,19,68,radiant,%5BHyperX%5D%20Liquid%60Pegasus,0,659733,660,0.000249987405937504,Pro,toplane radiant
1435533,21,65,radiant,%5BHyperX%5D%20Liquid%60Pegasus,0,661000,661,0.000250366174734379,Pro,jungle radiant
1436266,23,64,radiant,%5BHyperX%5D%20Liquid%60Pegasus,0,661733,662,0.000250744943531254,Pro,jungle radiant
1437333,26,63,radiant,%5BHyperX%5D%20Liquid%60Pegasus,0,662800,663,0.000251123712328129,Pro,jungle radiant
1438266,29,63,radiant,%5BHyperX%5D%20Liquid%60Pegasus,0,663733,664,0.000251502481125004,Pro,jungle radiant
1439533,31,66,radiant,%5BHyperX%5D%20Liquid%60Pegasus,0,665000,665,0.000251881249921879,Pro,jungle radiant
1440466,33,68,radiant,%5BHyperX%5D%20Liquid%60Pegasus,0,665933,666,0.000252260018718754,Pro,jungle radiant
1441400,35,70,radiant,%5BHyperX%5D%20Liquid%60Pegasus,0,666867,667,0.000252638787515629,Pro,jungle radiant
1442400,38,70,radiant,%5BHyperX%5D%20Liquid%60Pegasus,0,667867,668,0.000253017556312504,Pro,jungle radiant
1443400,41,70,radiant,%5BHyperX%5D%20Liquid%60Pegasus,0,668867,669,0.000253396325109379,Pro,jungle radiant
1444533,44,68,radiant,%5BHyperX%5D%20Liquid%60Pegasus,0,670000,670,0.000253775093906254,Pro,jungle radiant
1445266,46,67,radiant,%5BHyperX%5D%20Liquid%60Pegasus,0,670733,671,0.000254153862703129,Pro,jungle radiant
1446266,49,68,radiant,%5BHyperX%5D%20Liquid%60Pegasus,0,671733,672,0.000254532631500004,Pro,river
1447533,52,68,radiant,%5BHyperX%5D%20Liquid%60Pegasus,0,673000,673,0.000254911400296879,Pro,river
1448533,54,70,radiant,%5BHyperX%5D%20Liquid%60Pegasus,0,674000,674,0.000255290169093754,Pro,void dire
1448600,55,70,radiant,%5BHyperX%5D%20Liquid%60Pegasus,0,674067,675,0.000255668937890629,Pro,jungle dire
1450266,58,70,radiant,%5BHyperX%5D%20Liquid%60Pegasus,0,675733,676,0.000256047706687504,Pro,jungle dire
1451266,61,71,radiant,%5BHyperX%5D%20Liquid%60Pegasus,0,676733,677,0.000256426475484379,Pro,jungle dire
1452266,62,74,radiant,%5BHyperX%5D%20Liquid%60Pegasus,0,677733,678,0.000256805244281254,Pro,jungle dire
1453400,61,77,radiant,%5BHyperX%5D%20Liquid%60Pegasus,0,678867,679,0.000257184013078129,Pro,jungle dire
1454333,61,80,radiant,%5BHyperX%5D%20Liquid%60Pegasus,0,679800,680,0.000257562781875004,Pro,jungle dire
1455466,63,82,radiant,%5BHyperX%5D%20Liquid%60Pegasus,0,680933,681,0.000257941550671879,Pro,jungle dire
1456066,65,82,radiant,%5BHyperX%5D%20Liquid%60Pegasus,0,681533,682,0.000258320319468754,Pro,jungle dire
1457533,66,82,radiant,%5BHyperX%5D%20Liquid%60Pegasus,0,683000,683,0.000258699088265629,Pro,jungle dire
1458266,66,79,radiant,%5BHyperX%5D%20Liquid%60Pegasus,0,683733,684,0.000259077857062504,Pro,jungle dire
1459266,68,77,radiant,%5BHyperX%5D%20Liquid%60Pegasus,0,684733,685,0.000259456625859379,Pro,midlane dire
1460400,70,76,radiant,%5BHyperX%5D%20Liquid%60Pegasus,0,685867,686,0.000259835394656254,Pro,midlane dire
1461466,72,75,radiant,%5BHyperX%5D%20Liquid%60Pegasus,0,686933,687,0.000260214163453129,Pro,midlane dire
1461466,72,75,radiant,%5BHyperX%5D%20Liquid%60Pegasus,0,686933,688,0.000260592932250004,Pro,midlane dire
1463400,73,75,radiant,%5BHyperX%5D%20Liquid%60Pegasus,0,688867,689,0.000260971701046879,Pro,midlane dire
1464400,74,74,radiant,%5BHyperX%5D%20Liquid%60Pegasus,0,689867,690,0.000261350469843754,Pro,midlane dire
1465533,75,70,radiant,%5BHyperX%5D%20Liquid%60Pegasus,0,691000,691,0.000261729238640629,Pro,midlane dire
1466533,75,66,radiant,%5BHyperX%5D%20Liquid%60Pegasus,0,692000,692,0.000262108007437504,Pro,midlane dire
1466533,75,66,radiant,%5BHyperX%5D%20Liquid%60Pegasus,0,692000,693,0.000262486776234379,Pro,midlane dire
1466533,75,66,radiant,%5BHyperX%5D%20Liquid%60Pegasus,0,692000,694,0.000262865545031254,Pro,midlane dire
1469066,75,64,radiant,%5BHyperX%5D%20Liquid%60Pegasus,0,694533,695,0.000263244313828129,Pro,midlane dire
1469600,75,63,radiant,%5BHyperX%5D%20Liquid%60Pegasus,0,695067,696,0.000263623082625004,Pro,midlane dire
1471466,77,62,radiant,%5BHyperX%5D%20Liquid%60Pegasus,0,696933,697,0.000264001851421879,Pro,jungle dire
1471466,77,62,radiant,%5BHyperX%5D%20Liquid%60Pegasus,0,696933,698,0.000264380620218754,Pro,jungle dire
1471466,77,62,radiant,%5BHyperX%5D%20Liquid%60Pegasus,0,696933,699,0.000264759389015629,Pro,jungle dire
1474133,78,61,radiant,%5BHyperX%5D%20Liquid%60Pegasus,0,699600,700,0.000265138157812504,Pro,jungle dire
1474600,79,61,radiant,%5BHyperX%5D%20Liquid%60Pegasus,0,700067,701,0.000265516926609379,Pro,jungle dire
1474600,79,61,radiant,%5BHyperX%5D%20Liquid%60Pegasus,0,700067,702,0.000265895695406254,Pro,jungle dire
1474600,79,61,radiant,%5BHyperX%5D%20Liquid%60Pegasus,0,700067,703,0.000266274464203129,Pro,jungle dire
1474600,79,61,radiant,%5BHyperX%5D%20Liquid%60Pegasus,0,700067,704,0.000266653233000004,Pro,jungle dire
1474600,79,61,radiant,%5BHyperX%5D%20Liquid%60Pegasus,0,700067,705,0.000267032001796879,Pro,jungle dire
1474600,79,61,radiant,%5BHyperX%5D%20Liquid%60Pegasus,0,700067,706,0.000267410770593754,Pro,jungle dire
1474600,79,61,radiant,%5BHyperX%5D%20Liquid%60Pegasus,0,700067,707,0.000267789539390629,Pro,jungle dire
1474600,79,61,radiant,%5BHyperX%5D%20Liquid%60Pegasus,0,700067,708,0.000268168308187504,Pro,jungle dire
1474600,79,61,radiant,%5BHyperX%5D%20Liquid%60Pegasus,0,700067,709,0.000268547076984379,Pro,jungle dire
1474600,79,61,radiant,%5BHyperX%5D%20Liquid%60Pegasus,0,700067,710,0.000268925845781254,Pro,jungle dire
1474600,79,61,radiant,%5BHyperX%5D%20Liquid%60Pegasus,0,700067,711,0.000269304614578129,Pro,jungle dire
1474600,79,61,radiant,%5BHyperX%5D%20Liquid%60Pegasus,0,700067,712,0.000269683383375004,Pro,jungle dire
1474600,79,61,radiant,%5BHyperX%5D%20Liquid%60Pegasus,0,700067,713,0.000270062152171879,Pro,jungle dire
1474600,79,61,radiant,%5BHyperX%5D%20Liquid%60Pegasus,0,700067,714,0.000270440920968754,Pro,jungle dire
1474600,79,61,radiant,%5BHyperX%5D%20Liquid%60Pegasus,0,700067,715,0.000270819689765629,Pro,jungle dire
1474600,79,61,radiant,%5BHyperX%5D%20Liquid%60Pegasus,0,700067,716,0.000271198458562504,Pro,jungle dire
1474600,79,61,radiant,%5BHyperX%5D%20Liquid%60Pegasus,0,700067,717,0.000271577227359379,Pro,jungle dire
1474600,79,61,radiant,%5BHyperX%5D%20Liquid%60Pegasus,0,700067,718,0.000271955996156254,Pro,jungle dire
1474600,79,61,radiant,%5BHyperX%5D%20Liquid%60Pegasus,0,700067,719,0.000272334764953129,Pro,jungle dire
1474600,79,61,radiant,%5BHyperX%5D%20Liquid%60Pegasus,0,700067,720,0.000272713533750004,Pro,jungle dire
1495133,10,7,radiant,%5BHyperX%5D%20Liquid%60Pegasus,0,720600,721,0.000273092302546879,Pro,base1 radiant
1495133,10,7,radiant,%5BHyperX%5D%20Liquid%60Pegasus,0,720600,722,0.000273471071343754,Pro,base1 radiant
1495133,10,7,radiant,%5BHyperX%5D%20Liquid%60Pegasus,0,720600,723,0.000273849840140629,Pro,base1 radiant
1495133,10,7,radiant,%5BHyperX%5D%20Liquid%60Pegasus,0,720600,724,0.000274228608937504,Pro,base1 radiant
1499466,40,35,radiant,%5BHyperX%5D%20Liquid%60Pegasus,0,724933,725,0.000274607377734379,Pro,midlane radiant
1500200,42,34,radiant,%5BHyperX%5D%20Liquid%60Pegasus,0,725667,726,0.000274986146531254,Pro,midlane radiant
1501466,45,33,radiant,%5BHyperX%5D%20Liquid%60Pegasus,0,726933,727,0.000275364915328129,Pro,midlane radiant
1502266,47,32,radiant,%5BHyperX%5D%20Liquid%60Pegasus,0,727733,728,0.000275743684125004,Pro,jungle radiant
1503400,50,31,radiant,%5BHyperX%5D%20Liquid%60Pegasus,0,728867,729,0.000276122452921879,Pro,jungle radiant
1504533,53,30,radiant,%5BHyperX%5D%20Liquid%60Pegasus,0,730000,730,0.000276501221718754,Pro,jungle radiant
1505333,53,29,radiant,%5BHyperX%5D%20Liquid%60Pegasus,0,730800,731,0.000276879990515629,Pro,jungle radiant
1506533,54,28,radiant,%5BHyperX%5D%20Liquid%60Pegasus,0,732000,732,0.000277258759312504,Pro,jungle radiant
1507333,52,29,radiant,%5BHyperX%5D%20Liquid%60Pegasus,0,732800,733,0.000277637528109379,Pro,jungle radiant
1508533,49,30,radiant,%5BHyperX%5D%20Liquid%60Pegasus,0,734000,734,0.000278016296906254,Pro,jungle radiant
1509333,47,31,radiant,%5BHyperX%5D%20Liquid%60Pegasus,0,734800,735,0.000278395065703129,Pro,jungle radiant
1510466,45,33,radiant,%5BHyperX%5D%20Liquid%60Pegasus,0,735933,736,0.000278773834500004,Pro,midlane radiant
1511400,42,34,radiant,%5BHyperX%5D%20Liquid%60Pegasus,0,736867,737,0.000279152603296879,Pro,midlane radiant
1512533,43,34,radiant,%5BHyperX%5D%20Liquid%60Pegasus,0,738000,738,0.000279531372093754,Pro,midlane radiant
1513400,45,32,radiant,%5BHyperX%5D%20Liquid%60Pegasus,0,738867,739,0.000279910140890629,Pro,jungle radiant
1514466,47,31,radiant,%5BHyperX%5D%20Liquid%60Pegasus,0,739933,740,0.000280288909687504,Pro,jungle radiant
1515400,50,30,radiant,%5BHyperX%5D%20Liquid%60Pegasus,0,740867,741,0.000280667678484379,Pro,jungle radiant
1516400,52,29,radiant,%5BHyperX%5D%20Liquid%60Pegasus,0,741867,742,0.000281046447281254,Pro,jungle radiant
1517333,54,29,radiant,%5BHyperX%5D%20Liquid%60Pegasus,0,742800,743,0.000281425216078129,Pro,jungle radiant
1517333,54,29,radiant,%5BHyperX%5D%20Liquid%60Pegasus,0,742800,744,0.000281803984875004,Pro,jungle radiant
1517333,54,29,radiant,%5BHyperX%5D%20Liquid%60Pegasus,0,742800,745,0.000282182753671879,Pro,jungle radiant
1517333,54,29,radiant,%5BHyperX%5D%20Liquid%60Pegasus,0,742800,746,0.000282561522468754,Pro,jungle radiant
1517333,54,29,radiant,%5BHyperX%5D%20Liquid%60Pegasus,0,742800,747,0.000282940291265629,Pro,jungle radiant
1517333,54,29,radiant,%5BHyperX%5D%20Liquid%60Pegasus,0,742800,748,0.000283319060062504,Pro,jungle radiant
1517333,54,29,radiant,%5BHyperX%5D%20Liquid%60Pegasus,0,742800,749,0.000283697828859379,Pro,jungle radiant
1517333,54,29,radiant,%5BHyperX%5D%20Liquid%60Pegasus,0,742800,750,0.000284076597656254,Pro,jungle radiant
1517333,54,29,radiant,%5BHyperX%5D%20Liquid%60Pegasus,0,742800,751,0.000284455366453129,Pro,jungle radiant
1517333,54,29,radiant,%5BHyperX%5D%20Liquid%60Pegasus,0,742800,752,0.000284834135250004,Pro,jungle radiant
1517333,54,29,radiant,%5BHyperX%5D%20Liquid%60Pegasus,0,742800,753,0.000285212904046879,Pro,jungle radiant
1517333,54,29,radiant,%5BHyperX%5D%20Liquid%60Pegasus,0,742800,754,0.000285591672843754,Pro,jungle radiant
1517333,54,29,radiant,%5BHyperX%5D%20Liquid%60Pegasus,0,742800,755,0.000285970441640629,Pro,jungle radiant
1517333,54,29,radiant,%5BHyperX%5D%20Liquid%60Pegasus,0,742800,756,0.000286349210437504,Pro,jungle radiant
1517333,54,29,radiant,%5BHyperX%5D%20Liquid%60Pegasus,0,742800,757,0.000286727979234379,Pro,jungle radiant
1517333,54,29,radiant,%5BHyperX%5D%20Liquid%60Pegasus,0,742800,758,0.000287106748031254,Pro,jungle radiant
1517333,54,29,radiant,%5BHyperX%5D%20Liquid%60Pegasus,0,742800,759,0.000287485516828129,Pro,jungle radiant
1517333,54,29,radiant,%5BHyperX%5D%20Liquid%60Pegasus,0,742800,760,0.000287864285625004,Pro,jungle radiant
1517333,54,29,radiant,%5BHyperX%5D%20Liquid%60Pegasus,0,742800,761,0.00028824305442188,Pro,jungle radiant
1517333,54,29,radiant,%5BHyperX%5D%20Liquid%60Pegasus,0,742800,762,0.000288621823218755,Pro,jungle radiant
1517333,54,29,radiant,%5BHyperX%5D%20Liquid%60Pegasus,0,742800,763,0.00028900059201563,Pro,jungle radiant
1517333,54,29,radiant,%5BHyperX%5D%20Liquid%60Pegasus,0,742800,764,0.000289379360812505,Pro,jungle radiant
1517333,54,29,radiant,%5BHyperX%5D%20Liquid%60Pegasus,0,742800,765,0.00028975812960938,Pro,jungle radiant
1517333,54,29,radiant,%5BHyperX%5D%20Liquid%60Pegasus,0,742800,766,0.000290136898406255,Pro,jungle radiant
1517333,54,29,radiant,%5BHyperX%5D%20Liquid%60Pegasus,0,742800,767,0.00029051566720313,Pro,jungle radiant
1517333,54,29,radiant,%5BHyperX%5D%20Liquid%60Pegasus,0,742800,768,0.000290894436000005,Pro,jungle radiant
1517333,54,29,radiant,%5BHyperX%5D%20Liquid%60Pegasus,0,742800,769,0.00029127320479688,Pro,jungle radiant
1517333,54,29,radiant,%5BHyperX%5D%20Liquid%60Pegasus,0,742800,770,0.000291651973593755,Pro,jungle radiant
1517333,54,29,radiant,%5BHyperX%5D%20Liquid%60Pegasus,0,742800,771,0.00029203074239063,Pro,jungle radiant
1517333,54,29,radiant,%5BHyperX%5D%20Liquid%60Pegasus,0,742800,772,0.000292409511187505,Pro,jungle radiant
1517333,54,29,radiant,%5BHyperX%5D%20Liquid%60Pegasus,0,742800,773,0.00029278827998438,Pro,jungle radiant
1517333,54,29,radiant,%5BHyperX%5D%20Liquid%60Pegasus,0,742800,774,0.000293167048781255,Pro,jungle radiant
1517333,54,29,radiant,%5BHyperX%5D%20Liquid%60Pegasus,0,742800,775,0.00029354581757813,Pro,jungle radiant
1517333,54,29,radiant,%5BHyperX%5D%20Liquid%60Pegasus,0,742800,776,0.000293924586375005,Pro,jungle radiant
1517333,54,29,radiant,%5BHyperX%5D%20Liquid%60Pegasus,0,742800,777,0.00029430335517188,Pro,jungle radiant
1552333,53,32,radiant,%5BHyperX%5D%20Liquid%60Pegasus,0,777800,778,0.000294682123968755,Pro,jungle radiant
1553466,54,35,radiant,%5BHyperX%5D%20Liquid%60Pegasus,0,778933,779,0.00029506089276563,Pro,jungle radiant
1554200,54,37,radiant,%5BHyperX%5D%20Liquid%60Pegasus,0,779667,780,0.000295439661562505,Pro,jungle radiant
1555466,55,40,radiant,%5BHyperX%5D%20Liquid%60Pegasus,0,780933,781,0.00029581843035938,Pro,jungle radiant
1556400,56,42,radiant,%5BHyperX%5D%20Liquid%60Pegasus,0,781867,782,0.000296197199156255,Pro,jungle radiant
1557333,58,45,radiant,%5BHyperX%5D%20Liquid%60Pegasus,0,782800,783,0.00029657596795313,Pro,jungle radiant
1558466,58,49,radiant,%5BHyperX%5D%20Liquid%60Pegasus,0,783933,784,0.000296954736750005,Pro,void radiant
1559466,57,53,radiant,%5BHyperX%5D%20Liquid%60Pegasus,0,784933,785,0.00029733350554688,Pro,midlane radiant
1560466,62,57,radiant,%5BHyperX%5D%20Liquid%60Pegasus,0,785933,786,0.000297712274343755,Pro,midlane radiant
1560466,62,57,radiant,%5BHyperX%5D%20Liquid%60Pegasus,0,785933,787,0.00029809104314063,Pro,midlane radiant
1562466,61,57,radiant,%5BHyperX%5D%20Liquid%60Pegasus,0,787933,788,0.000298469811937505,Pro,midlane radiant
1562466,61,57,radiant,%5BHyperX%5D%20Liquid%60Pegasus,0,787933,789,0.00029884858073438,Pro,midlane radiant
1562466,61,57,radiant,%5BHyperX%5D%20Liquid%60Pegasus,0,787933,790,0.000299227349531255,Pro,midlane radiant
1562466,61,57,radiant,%5BHyperX%5D%20Liquid%60Pegasus,0,787933,791,0.00029960611832813,Pro,midlane radiant
1562466,61,57,radiant,%5BHyperX%5D%20Liquid%60Pegasus,0,787933,792,0.000299984887125005,Pro,midlane radiant
1562466,61,57,radiant,%5BHyperX%5D%20Liquid%60Pegasus,0,787933,793,0.00030036365592188,Pro,midlane radiant
1562466,61,57,radiant,%5BHyperX%5D%20Liquid%60Pegasus,0,787933,794,0.000300742424718755,Pro,midlane radiant
1562466,61,57,radiant,%5BHyperX%5D%20Liquid%60Pegasus,0,787933,795,0.00030112119351563,Pro,midlane radiant
1562466,61,57,radiant,%5BHyperX%5D%20Liquid%60Pegasus,0,787933,796,0.000301499962312505,Pro,midlane radiant
1562466,61,57,radiant,%5BHyperX%5D%20Liquid%60Pegasus,0,787933,797,0.00030187873110938,Pro,midlane radiant
1562466,61,57,radiant,%5BHyperX%5D%20Liquid%60Pegasus,0,787933,798,0.000302257499906255,Pro,midlane radiant
1562466,61,57,radiant,%5BHyperX%5D%20Liquid%60Pegasus,0,787933,799,0.00030263626870313,Pro,midlane radiant
1562466,61,57,radiant,%5BHyperX%5D%20Liquid%60Pegasus,0,787933,800,0.000303015037500005,Pro,midlane radiant
1562466,61,57,radiant,%5BHyperX%5D%20Liquid%60Pegasus,0,787933,801,0.00030339380629688,Pro,midlane radiant
1562466,61,57,radiant,%5BHyperX%5D%20Liquid%60Pegasus,0,787933,802,0.000303772575093755,Pro,midlane radiant
1562466,61,57,radiant,%5BHyperX%5D%20Liquid%60Pegasus,0,787933,803,0.00030415134389063,Pro,midlane radiant
1562466,61,57,radiant,%5BHyperX%5D%20Liquid%60Pegasus,0,787933,804,0.000304530112687505,Pro,midlane radiant
1562466,61,57,radiant,%5BHyperX%5D%20Liquid%60Pegasus,0,787933,805,0.00030490888148438,Pro,midlane radiant
1562466,61,57,radiant,%5BHyperX%5D%20Liquid%60Pegasus,0,787933,806,0.000305287650281255,Pro,midlane radiant
1562466,61,57,radiant,%5BHyperX%5D%20Liquid%60Pegasus,0,787933,807,0.00030566641907813,Pro,midlane radiant
1562466,61,57,radiant,%5BHyperX%5D%20Liquid%60Pegasus,0,787933,808,0.000306045187875005,Pro,midlane radiant
1562466,61,57,radiant,%5BHyperX%5D%20Liquid%60Pegasus,0,787933,809,0.00030642395667188,Pro,midlane radiant
1562466,61,57,radiant,%5BHyperX%5D%20Liquid%60Pegasus,0,787933,810,0.000306802725468755,Pro,midlane radiant
1562466,61,57,radiant,%5BHyperX%5D%20Liquid%60Pegasus,0,787933,811,0.00030718149426563,Pro,midlane radiant
1586533,10,8,radiant,%5BHyperX%5D%20Liquid%60Pegasus,0,812000,812,0.000307560263062505,Pro,base1 radiant
1587333,11,10,radiant,%5BHyperX%5D%20Liquid%60Pegasus,0,812800,813,0.00030793903185938,Pro,base1 radiant
1587933,12,11,radiant,%5BHyperX%5D%20Liquid%60Pegasus,0,813400,814,0.000308317800656255,Pro,base1 radiant
1587933,12,11,radiant,%5BHyperX%5D%20Liquid%60Pegasus,0,813400,815,0.00030869656945313,Pro,base1 radiant
1587933,12,11,radiant,%5BHyperX%5D%20Liquid%60Pegasus,0,813400,816,0.000309075338250005,Pro,base1 radiant
1591466,63,10,radiant,%5BHyperX%5D%20Liquid%60Pegasus,0,816933,817,0.00030945410704688,Pro,bottomlane radiant
1592466,66,9,radiant,%5BHyperX%5D%20Liquid%60Pegasus,0,817933,818,0.000309832875843755,Pro,bottomlane radiant
1593400,67,10,radiant,%5BHyperX%5D%20Liquid%60Pegasus,0,818867,819,0.00031021164464063,Pro,bottomlane radiant
1593400,67,10,radiant,%5BHyperX%5D%20Liquid%60Pegasus,0,818867,820,0.000310590413437505,Pro,bottomlane radiant
1593400,67,10,radiant,%5BHyperX%5D%20Liquid%60Pegasus,0,818867,821,0.00031096918223438,Pro,bottomlane radiant
1593400,67,10,radiant,%5BHyperX%5D%20Liquid%60Pegasus,0,818867,822,0.000311347951031255,Pro,bottomlane radiant
1593400,67,10,radiant,%5BHyperX%5D%20Liquid%60Pegasus,0,818867,823,0.00031172671982813,Pro,bottomlane radiant
1593400,67,10,radiant,%5BHyperX%5D%20Liquid%60Pegasus,0,818867,824,0.000312105488625005,Pro,bottomlane radiant
1593400,67,10,radiant,%5BHyperX%5D%20Liquid%60Pegasus,0,818867,825,0.00031248425742188,Pro,bottomlane radiant
1593400,67,10,radiant,%5BHyperX%5D%20Liquid%60Pegasus,0,818867,826,0.000312863026218755,Pro,bottomlane radiant
1593400,67,10,radiant,%5BHyperX%5D%20Liquid%60Pegasus,0,818867,827,0.00031324179501563,Pro,bottomlane radiant
1593400,67,10,radiant,%5BHyperX%5D%20Liquid%60Pegasus,0,818867,828,0.000313620563812505,Pro,bottomlane radiant
1603200,66,10,radiant,%5BHyperX%5D%20Liquid%60Pegasus,0,828667,829,0.00031399933260938,Pro,bottomlane radiant
1604066,65,10,radiant,%5BHyperX%5D%20Liquid%60Pegasus,0,829533,830,0.000314378101406255,Pro,bottomlane radiant
1605466,63,10,radiant,%5BHyperX%5D%20Liquid%60Pegasus,0,830933,831,0.00031475687020313,Pro,bottomlane radiant
1606200,61,10,radiant,%5BHyperX%5D%20Liquid%60Pegasus,0,831667,832,0.000315135639000005,Pro,bottomlane radiant
1607333,58,11,radiant,%5BHyperX%5D%20Liquid%60Pegasus,0,832800,833,0.00031551440779688,Pro,bottomlane radiant
1608266,58,11,radiant,%5BHyperX%5D%20Liquid%60Pegasus,0,833733,834,0.000315893176593755,Pro,bottomlane radiant
1609466,61,10,radiant,%5BHyperX%5D%20Liquid%60Pegasus,0,834933,835,0.00031627194539063,Pro,bottomlane radiant
1610533,64,10,radiant,%5BHyperX%5D%20Liquid%60Pegasus,0,836000,836,0.000316650714187505,Pro,bottomlane radiant
1611400,66,9,radiant,%5BHyperX%5D%20Liquid%60Pegasus,0,836867,837,0.00031702948298438,Pro,bottomlane radiant
1612333,69,9,radiant,%5BHyperX%5D%20Liquid%60Pegasus,0,837800,838,0.000317408251781255,Pro,bottomlane radiant
1612733,70,9,radiant,%5BHyperX%5D%20Liquid%60Pegasus,0,838200,839,0.00031778702057813,Pro,bottomlane radiant
1614466,70,11,radiant,%5BHyperX%5D%20Liquid%60Pegasus,0,839933,840,0.000318165789375005,Pro,bottomlane radiant
1615533,70,14,radiant,%5BHyperX%5D%20Liquid%60Pegasus,0,841000,841,0.00031854455817188,Pro,bottomlane radiant
1616266,70,16,radiant,%5BHyperX%5D%20Liquid%60Pegasus,0,841733,842,0.000318923326968755,Pro,bottomlane radiant
1617000,70,18,radiant,%5BHyperX%5D%20Liquid%60Pegasus,0,842467,843,0.00031930209576563,Pro,jungle radiant
1618400,69,15,radiant,%5BHyperX%5D%20Liquid%60Pegasus,0,843867,844,0.000319680864562505,Pro,bottomlane radiant
1619266,70,13,radiant,%5BHyperX%5D%20Liquid%60Pegasus,0,844733,845,0.00032005963335938,Pro,bottomlane radiant
1620133,70,11,radiant,%5BHyperX%5D%20Liquid%60Pegasus,0,845600,846,0.000320438402156255,Pro,bottomlane radiant
1620133,70,11,radiant,%5BHyperX%5D%20Liquid%60Pegasus,0,845600,847,0.00032081717095313,Pro,bottomlane radiant
1622400,69,10,radiant,%5BHyperX%5D%20Liquid%60Pegasus,0,847867,848,0.000321195939750005,Pro,bottomlane radiant
1623066,69,10,radiant,%5BHyperX%5D%20Liquid%60Pegasus,0,848533,849,0.00032157470854688,Pro,bottomlane radiant
1623066,69,10,radiant,%5BHyperX%5D%20Liquid%60Pegasus,0,848533,850,0.000321953477343755,Pro,bottomlane radiant
1625400,69,9,radiant,%5BHyperX%5D%20Liquid%60Pegasus,0,850867,851,0.00032233224614063,Pro,bottomlane radiant
1626400,70,8,radiant,%5BHyperX%5D%20Liquid%60Pegasus,0,851867,852,0.000322711014937505,Pro,bottomlane radiant
1626400,70,8,radiant,%5BHyperX%5D%20Liquid%60Pegasus,0,851867,853,0.00032308978373438,Pro,bottomlane radiant
1628400,72,7,radiant,%5BHyperX%5D%20Liquid%60Pegasus,0,853867,854,0.000323468552531255,Pro,void radiant
1629333,72,8,radiant,%5BHyperX%5D%20Liquid%60Pegasus,0,854800,855,0.00032384732132813,Pro,bottomlane radiant
1629333,72,8,radiant,%5BHyperX%5D%20Liquid%60Pegasus,0,854800,856,0.000324226090125005,Pro,bottomlane radiant
1631466,72,9,radiant,%5BHyperX%5D%20Liquid%60Pegasus,0,856933,857,0.00032460485892188,Pro,bottomlane radiant
1632333,71,8,radiant,%5BHyperX%5D%20Liquid%60Pegasus,0,857800,858,0.000324983627718755,Pro,bottomlane radiant
1632666,71,9,radiant,%5BHyperX%5D%20Liquid%60Pegasus,0,858133,859,0.00032536239651563,Pro,bottomlane radiant
1633733,72,9,radiant,%5BHyperX%5D%20Liquid%60Pegasus,0,859200,860,0.000325741165312505,Pro,bottomlane radiant
1633733,72,9,radiant,%5BHyperX%5D%20Liquid%60Pegasus,0,859200,861,0.00032611993410938,Pro,bottomlane radiant
1636266,72,10,radiant,%5BHyperX%5D%20Liquid%60Pegasus,0,861733,862,0.000326498702906255,Pro,bottomlane radiant
1636666,72,11,radiant,%5BHyperX%5D%20Liquid%60Pegasus,0,862133,863,0.00032687747170313,Pro,bottomlane radiant
1638333,73,13,radiant,%5BHyperX%5D%20Liquid%60Pegasus,0,863800,864,0.000327256240500005,Pro,bottomlane radiant
1639533,75,13,radiant,%5BHyperX%5D%20Liquid%60Pegasus,0,865000,865,0.00032763500929688,Pro,bottomlane radiant
1640266,77,12,radiant,%5BHyperX%5D%20Liquid%60Pegasus,0,865733,866,0.000328013778093755,Pro,bottomlane radiant
1641333,79,10,radiant,%5BHyperX%5D%20Liquid%60Pegasus,0,866800,867,0.00032839254689063,Pro,bottomlane radiant
1642266,81,9,radiant,%5BHyperX%5D%20Liquid%60Pegasus,0,867733,868,0.000328771315687505,Pro,bottomlane radiant
1643000,81,7,radiant,%5BHyperX%5D%20Liquid%60Pegasus,0,868467,869,0.00032915008448438,Pro,void radiant
1643000,81,7,radiant,%5BHyperX%5D%20Liquid%60Pegasus,0,868467,870,0.000329528853281255,Pro,void radiant
1643000,81,7,radiant,%5BHyperX%5D%20Liquid%60Pegasus,0,868467,871,0.00032990762207813,Pro,void radiant
1643000,81,7,radiant,%5BHyperX%5D%20Liquid%60Pegasus,0,868467,872,0.000330286390875005,Pro,void radiant
1643000,81,7,radiant,%5BHyperX%5D%20Liquid%60Pegasus,0,868467,873,0.00033066515967188,Pro,void radiant
1643000,81,7,radiant,%5BHyperX%5D%20Liquid%60Pegasus,0,868467,874,0.000331043928468755,Pro,void radiant
1643000,81,7,radiant,%5BHyperX%5D%20Liquid%60Pegasus,0,868467,875,0.00033142269726563,Pro,void radiant
1643000,81,7,radiant,%5BHyperX%5D%20Liquid%60Pegasus,0,868467,876,0.000331801466062505,Pro,void radiant
1643000,81,7,radiant,%5BHyperX%5D%20Liquid%60Pegasus,0,868467,877,0.00033218023485938,Pro,void radiant
1643000,81,7,radiant,%5BHyperX%5D%20Liquid%60Pegasus,0,868467,878,0.000332559003656255,Pro,void radiant
1653133,81,10,radiant,%5BHyperX%5D%20Liquid%60Pegasus,0,878600,879,0.00033293777245313,Pro,bottomlane radiant
1653133,81,10,radiant,%5BHyperX%5D%20Liquid%60Pegasus,0,878600,880,0.000333316541250005,Pro,bottomlane radiant
1653133,81,10,radiant,%5BHyperX%5D%20Liquid%60Pegasus,0,878600,881,0.00033369531004688,Pro,bottomlane radiant
1656466,80,9,radiant,%5BHyperX%5D%20Liquid%60Pegasus,0,881933,882,0.000334074078843755,Pro,bottomlane radiant
1656933,80,10,radiant,%5BHyperX%5D%20Liquid%60Pegasus,0,882400,883,0.00033445284764063,Pro,bottomlane radiant
1658533,79,10,radiant,%5BHyperX%5D%20Liquid%60Pegasus,0,884000,884,0.000334831616437505,Pro,bottomlane radiant
1658533,79,10,radiant,%5BHyperX%5D%20Liquid%60Pegasus,0,884000,885,0.00033521038523438,Pro,bottomlane radiant
1658533,79,10,radiant,%5BHyperX%5D%20Liquid%60Pegasus,0,884000,886,0.000335589154031255,Pro,bottomlane radiant
1661533,79,10,radiant,%5BHyperX%5D%20Liquid%60Pegasus,0,887000,887,0.00033596792282813,Pro,bottomlane radiant
1662533,80,11,radiant,%5BHyperX%5D%20Liquid%60Pegasus,0,888000,888,0.000336346691625005,Pro,bottomlane radiant
1663533,79,12,radiant,%5BHyperX%5D%20Liquid%60Pegasus,0,889000,889,0.00033672546042188,Pro,bottomlane radiant
1664466,78,14,radiant,%5BHyperX%5D%20Liquid%60Pegasus,0,889933,890,0.000337104229218755,Pro,bottomlane radiant
1665333,80,13,radiant,%5BHyperX%5D%20Liquid%60Pegasus,0,890800,891,0.00033748299801563,Pro,bottomlane radiant
1666400,81,13,radiant,%5BHyperX%5D%20Liquid%60Pegasus,0,891867,892,0.000337861766812505,Pro,bottomlane radiant
1667066,83,13,radiant,%5BHyperX%5D%20Liquid%60Pegasus,0,892533,893,0.00033824053560938,Pro,bottomlane radiant
1668466,84,13,radiant,%5BHyperX%5D%20Liquid%60Pegasus,0,893933,894,0.000338619304406255,Pro,bottomlane radiant
1669533,87,13,radiant,%5BHyperX%5D%20Liquid%60Pegasus,0,895000,895,0.00033899807320313,Pro,bottomlane radiant
1669933,88,13,radiant,%5BHyperX%5D%20Liquid%60Pegasus,0,895400,896,0.000339376842000005,Pro,bottomlane radiant
1671533,89,11,radiant,%5BHyperX%5D%20Liquid%60Pegasus,0,897000,897,0.00033975561079688,Pro,bottomlane radiant
1672533,90,11,radiant,%5BHyperX%5D%20Liquid%60Pegasus,0,898000,898,0.000340134379593755,Pro,bottomlane radiant
1672800,90,12,radiant,%5BHyperX%5D%20Liquid%60Pegasus,0,898267,899,0.00034051314839063,Pro,bottomlane radiant
1674066,90,12,radiant,%5BHyperX%5D%20Liquid%60Pegasus,0,899533,900,0.000340891917187505,Pro,bottomlane radiant
1675533,91,12,radiant,%5BHyperX%5D%20Liquid%60Pegasus,0,901000,901,0.00034127068598438,Pro,bottomlane radiant
1676466,90,12,radiant,%5BHyperX%5D%20Liquid%60Pegasus,0,901933,902,0.000341649454781255,Pro,bottomlane radiant
1676666,91,12,radiant,%5BHyperX%5D%20Liquid%60Pegasus,0,902133,903,0.00034202822357813,Pro,bottomlane radiant
1676666,91,12,radiant,%5BHyperX%5D%20Liquid%60Pegasus,0,902133,904,0.000342406992375005,Pro,bottomlane radiant
1676666,91,12,radiant,%5BHyperX%5D%20Liquid%60Pegasus,0,902133,905,0.00034278576117188,Pro,bottomlane radiant
1680466,91,13,radiant,%5BHyperX%5D%20Liquid%60Pegasus,0,905933,906,0.000343164529968755,Pro,bottomlane radiant
1680466,91,13,radiant,%5BHyperX%5D%20Liquid%60Pegasus,0,905933,907,0.00034354329876563,Pro,bottomlane radiant
1682000,90,13,radiant,%5BHyperX%5D%20Liquid%60Pegasus,0,907467,908,0.000343922067562505,Pro,bottomlane radiant
1682000,90,13,radiant,%5BHyperX%5D%20Liquid%60Pegasus,0,907467,909,0.00034430083635938,Pro,bottomlane radiant
1682000,90,13,radiant,%5BHyperX%5D%20Liquid%60Pegasus,0,907467,910,0.000344679605156255,Pro,bottomlane radiant
1682000,90,13,radiant,%5BHyperX%5D%20Liquid%60Pegasus,0,907467,911,0.00034505837395313,Pro,bottomlane radiant
1682000,90,13,radiant,%5BHyperX%5D%20Liquid%60Pegasus,0,907467,912,0.000345437142750005,Pro,bottomlane radiant
1682000,90,13,radiant,%5BHyperX%5D%20Liquid%60Pegasus,0,907467,913,0.00034581591154688,Pro,bottomlane radiant
1688400,92,13,radiant,%5BHyperX%5D%20Liquid%60Pegasus,0,913867,914,0.000346194680343755,Pro,bottomlane radiant
1689133,93,13,radiant,%5BHyperX%5D%20Liquid%60Pegasus,0,914600,915,0.00034657344914063,Pro,bottomlane radiant
1689666,94,12,radiant,%5BHyperX%5D%20Liquid%60Pegasus,0,915133,916,0.000346952217937505,Pro,bottomlane radiant
1691533,94,12,radiant,%5BHyperX%5D%20Liquid%60Pegasus,0,917000,917,0.00034733098673438,Pro,bottomlane radiant
1692466,97,12,radiant,%5BHyperX%5D%20Liquid%60Pegasus,0,917933,918,0.000347709755531255,Pro,bottomlane radiant
1693400,99,13,radiant,%5BHyperX%5D%20Liquid%60Pegasus,0,918867,919,0.00034808852432813,Pro,bottomlane radiant
1694466,102,13,radiant,%5BHyperX%5D%20Liquid%60Pegasus,0,919933,920,0.000348467293125005,Pro,bottomlane radiant
1695333,104,14,radiant,%5BHyperX%5D%20Liquid%60Pegasus,0,920800,921,0.00034884606192188,Pro,bottomlane radiant
1696000,105,15,radiant,%5BHyperX%5D%20Liquid%60Pegasus,0,921467,922,0.000349224830718755,Pro,bottomlane radiant
1697333,106,15,radiant,%5BHyperX%5D%20Liquid%60Pegasus,0,922800,923,0.00034960359951563,Pro,bottomlane radiant
1697666,106,16,radiant,%5BHyperX%5D%20Liquid%60Pegasus,0,923133,924,0.000349982368312505,Pro,bottomlane radiant
1697666,106,16,radiant,%5BHyperX%5D%20Liquid%60Pegasus,0,923133,925,0.00035036113710938,Pro,bottomlane radiant
1700266,106,15,radiant,%5BHyperX%5D%20Liquid%60Pegasus,0,925733,926,0.000350739905906255,Pro,bottomlane radiant
1701200,106,14,radiant,%5BHyperX%5D%20Liquid%60Pegasus,0,926667,927,0.00035111867470313,Pro,bottomlane radiant
1702400,106,15,radiant,%5BHyperX%5D%20Liquid%60Pegasus,0,927867,928,0.000351497443500005,Pro,bottomlane radiant
1702400,106,15,radiant,%5BHyperX%5D%20Liquid%60Pegasus,0,927867,929,0.00035187621229688,Pro,bottomlane radiant
1704133,105,14,radiant,%5BHyperX%5D%20Liquid%60Pegasus,0,929600,930,0.000352254981093755,Pro,bottomlane radiant
1705200,106,16,radiant,%5BHyperX%5D%20Liquid%60Pegasus,0,930667,931,0.000352633749890631,Pro,bottomlane radiant
1706466,107,16,radiant,%5BHyperX%5D%20Liquid%60Pegasus,0,931933,932,0.000353012518687506,Pro,bottomlane radiant
1707133,108,17,radiant,%5BHyperX%5D%20Liquid%60Pegasus,0,932600,933,0.000353391287484381,Pro,bottomlane radiant
1708133,109,17,radiant,%5BHyperX%5D%20Liquid%60Pegasus,0,933600,934,0.000353770056281256,Pro,bottomlane radiant
1708733,109,18,radiant,%5BHyperX%5D%20Liquid%60Pegasus,0,934200,935,0.000354148825078131,Pro,bottomlane radiant
1710133,109,17,radiant,%5BHyperX%5D%20Liquid%60Pegasus,0,935600,936,0.000354527593875006,Pro,bottomlane radiant
1710133,109,17,radiant,%5BHyperX%5D%20Liquid%60Pegasus,0,935600,937,0.000354906362671881,Pro,bottomlane radiant
1710133,109,17,radiant,%5BHyperX%5D%20Liquid%60Pegasus,0,935600,938,0.000355285131468756,Pro,bottomlane radiant
1713533,109,16,radiant,%5BHyperX%5D%20Liquid%60Pegasus,0,939000,939,0.000355663900265631,Pro,bottomlane radiant
1714000,108,15,radiant,%5BHyperX%5D%20Liquid%60Pegasus,0,939467,940,0.000356042669062506,Pro,bottomlane radiant
1714733,108,16,radiant,%5BHyperX%5D%20Liquid%60Pegasus,0,940200,941,0.000356421437859381,Pro,bottomlane radiant
1716400,110,18,radiant,%5BHyperX%5D%20Liquid%60Pegasus,0,941867,942,0.000356800206656256,Pro,bottomlane radiant
1717533,111,21,radiant,%5BHyperX%5D%20Liquid%60Pegasus,0,943000,943,0.000357178975453131,Pro,bottomlane radiant
1718333,112,23,radiant,%5BHyperX%5D%20Liquid%60Pegasus,0,943800,944,0.000357557744250006,Pro,bottomlane radiant
1719133,111,25,radiant,%5BHyperX%5D%20Liquid%60Pegasus,0,944600,945,0.000357936513046881,Pro,bottomlane radiant
1720133,112,25,radiant,%5BHyperX%5D%20Liquid%60Pegasus,0,945600,946,0.000358315281843756,Pro,bottomlane radiant
1721400,112,25,radiant,%5BHyperX%5D%20Liquid%60Pegasus,0,946867,947,0.000358694050640631,Pro,bottomlane radiant
1721400,112,25,radiant,%5BHyperX%5D%20Liquid%60Pegasus,0,946867,948,0.000359072819437506,Pro,bottomlane radiant
1723133,111,26,radiant,%5BHyperX%5D%20Liquid%60Pegasus,0,948600,949,0.000359451588234381,Pro,bottomlane radiant
1724000,111,25,radiant,%5BHyperX%5D%20Liquid%60Pegasus,0,949467,950,0.000359830357031256,Pro,bottomlane radiant
1725133,111,24,radiant,%5BHyperX%5D%20Liquid%60Pegasus,0,950600,951,0.000360209125828131,Pro,bottomlane radiant
1725733,111,25,radiant,%5BHyperX%5D%20Liquid%60Pegasus,0,951200,952,0.000360587894625006,Pro,bottomlane radiant
1725733,111,25,radiant,%5BHyperX%5D%20Liquid%60Pegasus,0,951200,953,0.000360966663421881,Pro,bottomlane radiant
1728466,112,26,radiant,%5BHyperX%5D%20Liquid%60Pegasus,0,953933,954,0.000361345432218756,Pro,bottomlane radiant
1729466,111,26,radiant,%5BHyperX%5D%20Liquid%60Pegasus,0,954933,955,0.000361724201015631,Pro,bottomlane radiant
1730266,112,26,radiant,%5BHyperX%5D%20Liquid%60Pegasus,0,955733,956,0.000362102969812506,Pro,bottomlane radiant
1730866,112,27,radiant,%5BHyperX%5D%20Liquid%60Pegasus,0,956333,957,0.000362481738609381,Pro,bottomlane radiant
1732466,114,27,radiant,%5BHyperX%5D%20Liquid%60Pegasus,0,957933,958,0.000362860507406256,Pro,bottomlane radiant
1733266,116,26,radiant,%5BHyperX%5D%20Liquid%60Pegasus,0,958733,959,0.000363239276203131,Pro,bottomlane radiant
1734400,116,26,radiant,%5BHyperX%5D%20Liquid%60Pegasus,0,959867,960,0.000363618045000006,Pro,bottomlane radiant
1735400,115,28,radiant,%5BHyperX%5D%20Liquid%60Pegasus,0,960867,961,0.000363996813796881,Pro,bottomlane radiant
1736333,114,28,radiant,%5BHyperX%5D%20Liquid%60Pegasus,0,961800,962,0.000364375582593756,Pro,bottomlane radiant
1737466,111,27,radiant,%5BHyperX%5D%20Liquid%60Pegasus,0,962933,963,0.000364754351390631,Pro,bottomlane radiant
1738466,109,25,radiant,%5BHyperX%5D%20Liquid%60Pegasus,0,963933,964,0.000365133120187506,Pro,bottomlane radiant
1739200,107,24,radiant,%5BHyperX%5D%20Liquid%60Pegasus,0,964667,965,0.000365511888984381,Pro,bottomlane radiant
1740400,104,24,radiant,%5BHyperX%5D%20Liquid%60Pegasus,0,965867,966,0.000365890657781256,Pro,jungle radiant
1741466,102,26,radiant,%5BHyperX%5D%20Liquid%60Pegasus,0,966933,967,0.000366269426578131,Pro,jungle radiant
1742533,99,27,radiant,%5BHyperX%5D%20Liquid%60Pegasus,0,968000,968,0.000366648195375006,Pro,jungle radiant
1743333,97,28,radiant,%5BHyperX%5D%20Liquid%60Pegasus,0,968800,969,0.000367026964171881,Pro,jungle radiant
1744466,87,29,radiant,%5BHyperX%5D%20Liquid%60Pegasus,0,969933,970,0.000367405732968756,Pro,jungle radiant
1745466,87,31,radiant,%5BHyperX%5D%20Liquid%60Pegasus,0,970933,971,0.000367784501765631,Pro,jungle radiant
1746200,87,33,radiant,%5BHyperX%5D%20Liquid%60Pegasus,0,971667,972,0.000368163270562506,Pro,jungle radiant
1747533,87,33,radiant,%5BHyperX%5D%20Liquid%60Pegasus,0,973000,973,0.000368542039359381,Pro,jungle radiant
1748400,87,31,radiant,%5BHyperX%5D%20Liquid%60Pegasus,0,973867,974,0.000368920808156256,Pro,jungle radiant
1749400,85,29,radiant,%5BHyperX%5D%20Liquid%60Pegasus,0,974867,975,0.000369299576953131,Pro,jungle radiant
1750400,82,29,radiant,%5BHyperX%5D%20Liquid%60Pegasus,0,975867,976,0.000369678345750006,Pro,jungle radiant
1751533,79,28,radiant,%5BHyperX%5D%20Liquid%60Pegasus,0,977000,977,0.000370057114546881,Pro,jungle radiant
1752266,77,28,radiant,%5BHyperX%5D%20Liquid%60Pegasus,0,977733,978,0.000370435883343756,Pro,jungle radiant
1753400,74,29,radiant,%5BHyperX%5D%20Liquid%60Pegasus,0,978867,979,0.000370814652140631,Pro,jungle radiant
1754466,71,29,radiant,%5BHyperX%5D%20Liquid%60Pegasus,0,979933,980,0.000371193420937506,Pro,jungle radiant
1754866,70,29,radiant,%5BHyperX%5D%20Liquid%60Pegasus,0,980333,981,0.000371572189734381,Pro,jungle radiant
1756466,73,29,radiant,%5BHyperX%5D%20Liquid%60Pegasus,0,981933,982,0.000371950958531256,Pro,jungle radiant
1757200,75,28,radiant,%5BHyperX%5D%20Liquid%60Pegasus,0,982667,983,0.000372329727328131,Pro,jungle radiant
1758266,77,26,radiant,%5BHyperX%5D%20Liquid%60Pegasus,0,983733,984,0.000372708496125006,Pro,jungle radiant
1759266,79,24,radiant,%5BHyperX%5D%20Liquid%60Pegasus,0,984733,985,0.000373087264921881,Pro,jungle radiant
1760466,80,22,radiant,%5BHyperX%5D%20Liquid%60Pegasus,0,985933,986,0.000373466033718756,Pro,jungle radiant
1761400,82,21,radiant,%5BHyperX%5D%20Liquid%60Pegasus,0,986867,987,0.000373844802515631,Pro,jungle radiant
1762533,85,21,radiant,%5BHyperX%5D%20Liquid%60Pegasus,0,988000,988,0.000374223571312506,Pro,jungle radiant
1763266,87,21,radiant,%5BHyperX%5D%20Liquid%60Pegasus,0,988733,989,0.000374602340109381,Pro,jungle radiant
1764400,90,21,radiant,%5BHyperX%5D%20Liquid%60Pegasus,0,989867,990,0.000374981108906256,Pro,jungle radiant
1765466,93,21,radiant,%5BHyperX%5D%20Liquid%60Pegasus,0,990933,991,0.000375359877703131,Pro,jungle radiant
1766200,95,21,radiant,%5BHyperX%5D%20Liquid%60Pegasus,0,991667,992,0.000375738646500006,Pro,jungle radiant
1767333,98,21,radiant,%5BHyperX%5D%20Liquid%60Pegasus,0,992800,993,0.000376117415296881,Pro,jungle radiant
1768466,100,23,radiant,%5BHyperX%5D%20Liquid%60Pegasus,0,993933,994,0.000376496184093756,Pro,jungle radiant
1769533,102,25,radiant,%5BHyperX%5D%20Liquid%60Pegasus,0,995000,995,0.000376874952890631,Pro,jungle radiant
1770133,104,26,radiant,%5BHyperX%5D%20Liquid%60Pegasus,0,995600,996,0.000377253721687506,Pro,jungle radiant
1770133,104,26,radiant,%5BHyperX%5D%20Liquid%60Pegasus,0,995600,997,0.000377632490484381,Pro,jungle radiant
1770133,104,26,radiant,%5BHyperX%5D%20Liquid%60Pegasus,0,995600,998,0.000378011259281256,Pro,jungle radiant
1770133,104,26,radiant,%5BHyperX%5D%20Liquid%60Pegasus,0,995600,999,0.000378390028078131,Pro,jungle radiant
1770133,104,26,radiant,%5BHyperX%5D%20Liquid%60Pegasus,0,995600,1000,0.000378768796875006,Pro,jungle radiant
1770133,104,26,radiant,%5BHyperX%5D%20Liquid%60Pegasus,0,995600,1001,0.000379147565671881,Pro,jungle radiant
1776533,103,27,radiant,%5BHyperX%5D%20Liquid%60Pegasus,0,1002000,1002,0.000379526334468756,Pro,jungle radiant
1776533,103,27,radiant,%5BHyperX%5D%20Liquid%60Pegasus,0,1002000,1003,0.000379905103265631,Pro,jungle radiant
1776533,103,27,radiant,%5BHyperX%5D%20Liquid%60Pegasus,0,1002000,1004,0.000380283872062506,Pro,jungle radiant
1776533,103,27,radiant,%5BHyperX%5D%20Liquid%60Pegasus,0,1002000,1005,0.000380662640859381,Pro,jungle radiant
1776533,103,27,radiant,%5BHyperX%5D%20Liquid%60Pegasus,0,1002000,1006,0.000381041409656256,Pro,jungle radiant
1781533,104,26,radiant,%5BHyperX%5D%20Liquid%60Pegasus,0,1007000,1007,0.000381420178453131,Pro,jungle radiant
1781866,105,26,radiant,%5BHyperX%5D%20Liquid%60Pegasus,0,1007333,1008,0.000381798947250006,Pro,jungle radiant
1781866,105,26,radiant,%5BHyperX%5D%20Liquid%60Pegasus,0,1007333,1009,0.000382177716046881,Pro,jungle radiant
1781866,105,26,radiant,%5BHyperX%5D%20Liquid%60Pegasus,0,1007333,1010,0.000382556484843756,Pro,jungle radiant
1781866,105,26,radiant,%5BHyperX%5D%20Liquid%60Pegasus,0,1007333,1011,0.000382935253640631,Pro,jungle radiant
1786533,103,28,radiant,%5BHyperX%5D%20Liquid%60Pegasus,0,1012000,1012,0.000383314022437506,Pro,jungle radiant
1787333,101,29,radiant,%5BHyperX%5D%20Liquid%60Pegasus,0,1012800,1013,0.000383692791234381,Pro,jungle radiant
1788333,100,29,radiant,%5BHyperX%5D%20Liquid%60Pegasus,0,1013800,1014,0.000384071560031256,Pro,jungle radiant
1789466,98,27,radiant,%5BHyperX%5D%20Liquid%60Pegasus,0,1014933,1015,0.000384450328828131,Pro,jungle radiant
1790466,97,24,radiant,%5BHyperX%5D%20Liquid%60Pegasus,0,1015933,1016,0.000384829097625006,Pro,jungle radiant
1791266,97,22,radiant,%5BHyperX%5D%20Liquid%60Pegasus,0,1016733,1017,0.000385207866421881,Pro,jungle radiant
1792466,95,20,radiant,%5BHyperX%5D%20Liquid%60Pegasus,0,1017933,1018,0.000385586635218756,Pro,jungle radiant
1793466,98,20,radiant,%5BHyperX%5D%20Liquid%60Pegasus,0,1018933,1019,0.000385965404015631,Pro,jungle radiant
1794466,100,21,radiant,%5BHyperX%5D%20Liquid%60Pegasus,0,1019933,1020,0.000386344172812506,Pro,jungle radiant
1795333,103,21,radiant,%5BHyperX%5D%20Liquid%60Pegasus,0,1020800,1021,0.000386722941609381,Pro,jungle radiant
1796466,106,21,radiant,%5BHyperX%5D%20Liquid%60Pegasus,0,1021933,1022,0.000387101710406256,Pro,bottomlane radiant
1797466,108,19,radiant,%5BHyperX%5D%20Liquid%60Pegasus,0,1022933,1023,0.000387480479203131,Pro,bottomlane radiant
1797466,108,19,radiant,%5BHyperX%5D%20Liquid%60Pegasus,0,1022933,1024,0.000387859248000006,Pro,bottomlane radiant
1798933,109,18,radiant,%5BHyperX%5D%20Liquid%60Pegasus,0,1024400,1025,0.000388238016796881,Pro,bottomlane radiant
1800266,107,18,radiant,%5BHyperX%5D%20Liquid%60Pegasus,0,1025733,1026,0.000388616785593756,Pro,bottomlane radiant
1801066,105,17,radiant,%5BHyperX%5D%20Liquid%60Pegasus,0,1026533,1027,0.000388995554390631,Pro,bottomlane radiant
1801866,106,18,radiant,%5BHyperX%5D%20Liquid%60Pegasus,0,1027333,1028,0.000389374323187506,Pro,bottomlane radiant
1802933,107,18,radiant,%5BHyperX%5D%20Liquid%60Pegasus,0,1028400,1029,0.000389753091984381,Pro,bottomlane radiant
1804066,106,18,radiant,%5BHyperX%5D%20Liquid%60Pegasus,0,1029533,1030,0.000390131860781256,Pro,bottomlane radiant
1805533,105,16,radiant,%5BHyperX%5D%20Liquid%60Pegasus,0,1031000,1031,0.000390510629578131,Pro,bottomlane radiant
1806266,103,15,radiant,%5BHyperX%5D%20Liquid%60Pegasus,0,1031733,1032,0.000390889398375006,Pro,bottomlane radiant
1807200,101,13,radiant,%5BHyperX%5D%20Liquid%60Pegasus,0,1032667,1033,0.000391268167171881,Pro,bottomlane radiant
1808466,98,12,radiant,%5BHyperX%5D%20Liquid%60Pegasus,0,1033933,1034,0.000391646935968756,Pro,bottomlane radiant
1809466,97,11,radiant,%5BHyperX%5D%20Liquid%60Pegasus,0,1034933,1035,0.000392025704765631,Pro,bottomlane radiant
1810533,100,12,radiant,%5BHyperX%5D%20Liquid%60Pegasus,0,1036000,1036,0.000392404473562506,Pro,bottomlane radiant
1810533,100,12,radiant,%5BHyperX%5D%20Liquid%60Pegasus,0,1036000,1037,0.000392783242359381,Pro,bottomlane radiant
1812000,101,13,radiant,%5BHyperX%5D%20Liquid%60Pegasus,0,1037467,1038,0.000393162011156256,Pro,bottomlane radiant
1813333,100,14,radiant,%5BHyperX%5D%20Liquid%60Pegasus,0,1038800,1039,0.000393540779953131,Pro,bottomlane radiant
1813933,101,14,radiant,%5BHyperX%5D%20Liquid%60Pegasus,0,1039400,1040,0.000393919548750006,Pro,bottomlane radiant
1815400,102,14,radiant,%5BHyperX%5D%20Liquid%60Pegasus,0,1040867,1041,0.000394298317546881,Pro,bottomlane radiant
1816266,101,14,radiant,%5BHyperX%5D%20Liquid%60Pegasus,0,1041733,1042,0.000394677086343756,Pro,bottomlane radiant
1817400,102,14,radiant,%5BHyperX%5D%20Liquid%60Pegasus,0,1042867,1043,0.000395055855140631,Pro,bottomlane radiant
1818333,103,13,radiant,%5BHyperX%5D%20Liquid%60Pegasus,0,1043800,1044,0.000395434623937506,Pro,bottomlane radiant
1819266,105,14,radiant,%5BHyperX%5D%20Liquid%60Pegasus,0,1044733,1045,0.000395813392734381,Pro,bottomlane radiant
1819266,105,14,radiant,%5BHyperX%5D%20Liquid%60Pegasus,0,1044733,1046,0.000396192161531256,Pro,bottomlane radiant
1819266,105,14,radiant,%5BHyperX%5D%20Liquid%60Pegasus,0,1044733,1047,0.000396570930328131,Pro,bottomlane radiant
1819266,105,14,radiant,%5BHyperX%5D%20Liquid%60Pegasus,0,1044733,1048,0.000396949699125006,Pro,bottomlane radiant
1819266,105,14,radiant,%5BHyperX%5D%20Liquid%60Pegasus,0,1044733,1049,0.000397328467921881,Pro,bottomlane radiant
1819266,105,14,radiant,%5BHyperX%5D%20Liquid%60Pegasus,0,1044733,1050,0.000397707236718756,Pro,bottomlane radiant
1825533,106,15,radiant,%5BHyperX%5D%20Liquid%60Pegasus,0,1051000,1051,0.000398086005515631,Pro,bottomlane radiant
1826333,114,22,radiant,%5BHyperX%5D%20Liquid%60Pegasus,0,1051800,1052,0.000398464774312506,Pro,bottomlane radiant
1827400,114,24,radiant,%5BHyperX%5D%20Liquid%60Pegasus,0,1052867,1053,0.000398843543109381,Pro,bottomlane radiant
1828266,116,25,radiant,%5BHyperX%5D%20Liquid%60Pegasus,0,1053733,1054,0.000399222311906256,Pro,bottomlane radiant
1829200,116,25,radiant,%5BHyperX%5D%20Liquid%60Pegasus,0,1054667,1055,0.000399601080703131,Pro,bottomlane radiant
1830333,113,24,radiant,%5BHyperX%5D%20Liquid%60Pegasus,0,1055800,1056,0.000399979849500006,Pro,bottomlane radiant
1831466,110,24,radiant,%5BHyperX%5D%20Liquid%60Pegasus,0,1056933,1057,0.000400358618296881,Pro,bottomlane radiant
1832533,107,24,radiant,%5BHyperX%5D%20Liquid%60Pegasus,0,1058000,1058,0.000400737387093756,Pro,bottomlane radiant
1833266,105,24,radiant,%5BHyperX%5D%20Liquid%60Pegasus,0,1058733,1059,0.000401116155890631,Pro,jungle radiant
1834533,102,24,radiant,%5BHyperX%5D%20Liquid%60Pegasus,0,1060000,1060,0.000401494924687506,Pro,jungle radiant
1835533,99,24,radiant,%5BHyperX%5D%20Liquid%60Pegasus,0,1061000,1061,0.000401873693484381,Pro,jungle radiant
1836333,97,23,radiant,%5BHyperX%5D%20Liquid%60Pegasus,0,1061800,1062,0.000402252462281256,Pro,jungle radiant
1837533,94,22,radiant,%5BHyperX%5D%20Liquid%60Pegasus,0,1063000,1063,0.000402631231078131,Pro,jungle radiant
1838533,92,21,radiant,%5BHyperX%5D%20Liquid%60Pegasus,0,1064000,1064,0.000403009999875006,Pro,jungle radiant
1839400,89,21,radiant,%5BHyperX%5D%20Liquid%60Pegasus,0,1064867,1065,0.000403388768671881,Pro,jungle radiant
1840133,87,21,radiant,%5BHyperX%5D%20Liquid%60Pegasus,0,1065600,1066,0.000403767537468756,Pro,jungle radiant
1840133,87,21,radiant,%5BHyperX%5D%20Liquid%60Pegasus,0,1065600,1067,0.000404146306265631,Pro,jungle radiant
1840133,87,21,radiant,%5BHyperX%5D%20Liquid%60Pegasus,0,1065600,1068,0.000404525075062506,Pro,jungle radiant
1840133,87,21,radiant,%5BHyperX%5D%20Liquid%60Pegasus,0,1065600,1069,0.000404903843859381,Pro,jungle radiant
1840133,87,21,radiant,%5BHyperX%5D%20Liquid%60Pegasus,0,1065600,1070,0.000405282612656256,Pro,jungle radiant
1840133,87,21,radiant,%5BHyperX%5D%20Liquid%60Pegasus,0,1065600,1071,0.000405661381453131,Pro,jungle radiant
1840133,87,21,radiant,%5BHyperX%5D%20Liquid%60Pegasus,0,1065600,1072,0.000406040150250006,Pro,jungle radiant
1840133,87,21,radiant,%5BHyperX%5D%20Liquid%60Pegasus,0,1065600,1073,0.000406418919046881,Pro,jungle radiant
1848533,86,20,radiant,%5BHyperX%5D%20Liquid%60Pegasus,0,1074000,1074,0.000406797687843756,Pro,jungle radiant
1849533,83,20,radiant,%5BHyperX%5D%20Liquid%60Pegasus,0,1075000,1075,0.000407176456640631,Pro,jungle radiant
1850266,81,20,radiant,%5BHyperX%5D%20Liquid%60Pegasus,0,1075733,1076,0.000407555225437506,Pro,jungle radiant
1851333,78,21,radiant,%5BHyperX%5D%20Liquid%60Pegasus,0,1076800,1077,0.000407933994234381,Pro,jungle radiant
1852466,76,23,radiant,%5BHyperX%5D%20Liquid%60Pegasus,0,1077933,1078,0.000408312763031256,Pro,jungle radiant
1853266,74,24,radiant,%5BHyperX%5D%20Liquid%60Pegasus,0,1078733,1079,0.000408691531828131,Pro,jungle radiant
1854533,72,27,radiant,%5BHyperX%5D%20Liquid%60Pegasus,0,1080000,1080,0.000409070300625006,Pro,jungle radiant
1855466,71,29,radiant,%5BHyperX%5D%20Liquid%60Pegasus,0,1080933,1081,0.000409449069421881,Pro,jungle radiant
1855866,71,30,radiant,%5BHyperX%5D%20Liquid%60Pegasus,0,1081333,1082,0.000409827838218756,Pro,jungle radiant
1857400,73,28,radiant,%5BHyperX%5D%20Liquid%60Pegasus,0,1082867,1083,0.000410206607015631,Pro,jungle radiant
1858200,74,26,radiant,%5BHyperX%5D%20Liquid%60Pegasus,0,1083667,1084,0.000410585375812506,Pro,jungle radiant
1859466,75,24,radiant,%5BHyperX%5D%20Liquid%60Pegasus,0,1084933,1085,0.000410964144609381,Pro,jungle radiant
1860266,76,22,radiant,%5BHyperX%5D%20Liquid%60Pegasus,0,1085733,1086,0.000411342913406256,Pro,jungle radiant
1861466,75,22,radiant,%5BHyperX%5D%20Liquid%60Pegasus,0,1086933,1087,0.000411721682203131,Pro,jungle radiant
1862400,74,24,radiant,%5BHyperX%5D%20Liquid%60Pegasus,0,1087867,1088,0.000412100451000006,Pro,jungle radiant
1863533,73,27,radiant,%5BHyperX%5D%20Liquid%60Pegasus,0,1089000,1089,0.000412479219796881,Pro,jungle radiant
1864400,71,29,radiant,%5BHyperX%5D%20Liquid%60Pegasus,0,1089867,1090,0.000412857988593756,Pro,jungle radiant
1865533,70,32,radiant,%5BHyperX%5D%20Liquid%60Pegasus,0,1091000,1091,0.000413236757390631,Pro,jungle radiant
1866266,69,34,radiant,%5BHyperX%5D%20Liquid%60Pegasus,0,1091733,1092,0.000413615526187506,Pro,jungle radiant
1867466,68,37,radiant,%5BHyperX%5D%20Liquid%60Pegasus,0,1092933,1093,0.000413994294984381,Pro,jungle radiant
1868533,65,39,radiant,%5BHyperX%5D%20Liquid%60Pegasus,0,1094000,1094,0.000414373063781256,Pro,jungle radiant
1869533,63,40,radiant,%5BHyperX%5D%20Liquid%60Pegasus,0,1095000,1095,0.000414751832578131,Pro,jungle radiant
1870400,60,40,radiant,%5BHyperX%5D%20Liquid%60Pegasus,0,1095867,1096,0.000415130601375006,Pro,jungle radiant
1871466,58,42,radiant,%5BHyperX%5D%20Liquid%60Pegasus,0,1096933,1097,0.000415509370171881,Pro,jungle radiant
1872466,55,41,radiant,%5BHyperX%5D%20Liquid%60Pegasus,0,1097933,1098,0.000415888138968756,Pro,jungle radiant
1873200,54,39,radiant,%5BHyperX%5D%20Liquid%60Pegasus,0,1098667,1099,0.000416266907765631,Pro,jungle radiant
1874133,54,28,radiant,%5BHyperX%5D%20Liquid%60Pegasus,0,1099600,1100,0.000416645676562507,Pro,jungle radiant
1874133,54,28,radiant,%5BHyperX%5D%20Liquid%60Pegasus,0,1099600,1101,0.000417024445359382,Pro,jungle radiant
1874133,54,28,radiant,%5BHyperX%5D%20Liquid%60Pegasus,0,1099600,1102,0.000417403214156257,Pro,jungle radiant
1874133,54,28,radiant,%5BHyperX%5D%20Liquid%60Pegasus,0,1099600,1103,0.000417781982953132,Pro,jungle radiant
1874133,54,28,radiant,%5BHyperX%5D%20Liquid%60Pegasus,0,1099600,1104,0.000418160751750007,Pro,jungle radiant
1874133,54,28,radiant,%5BHyperX%5D%20Liquid%60Pegasus,0,1099600,1105,0.000418539520546882,Pro,jungle radiant
1874133,54,28,radiant,%5BHyperX%5D%20Liquid%60Pegasus,0,1099600,1106,0.000418918289343757,Pro,jungle radiant
1874133,54,28,radiant,%5BHyperX%5D%20Liquid%60Pegasus,0,1099600,1107,0.000419297058140632,Pro,jungle radiant
1874133,54,28,radiant,%5BHyperX%5D%20Liquid%60Pegasus,0,1099600,1108,0.000419675826937507,Pro,jungle radiant
1874133,54,28,radiant,%5BHyperX%5D%20Liquid%60Pegasus,0,1099600,1109,0.000420054595734382,Pro,jungle radiant
1874133,54,28,radiant,%5BHyperX%5D%20Liquid%60Pegasus,0,1099600,1110,0.000420433364531257,Pro,jungle radiant
1874133,54,28,radiant,%5BHyperX%5D%20Liquid%60Pegasus,0,1099600,1111,0.000420812133328132,Pro,jungle radiant
1874133,54,28,radiant,%5BHyperX%5D%20Liquid%60Pegasus,0,1099600,1112,0.000421190902125007,Pro,jungle radiant
1874133,54,28,radiant,%5BHyperX%5D%20Liquid%60Pegasus,0,1099600,1113,0.000421569670921882,Pro,jungle radiant
1874133,54,28,radiant,%5BHyperX%5D%20Liquid%60Pegasus,0,1099600,1114,0.000421948439718757,Pro,jungle radiant
1889266,54,30,radiant,%5BHyperX%5D%20Liquid%60Pegasus,0,1114733,1115,0.000422327208515632,Pro,jungle radiant
1890333,54,33,radiant,%5BHyperX%5D%20Liquid%60Pegasus,0,1115800,1116,0.000422705977312507,Pro,jungle radiant
1891400,54,36,radiant,%5BHyperX%5D%20Liquid%60Pegasus,0,1116867,1117,0.000423084746109382,Pro,jungle radiant
1891400,54,36,radiant,%5BHyperX%5D%20Liquid%60Pegasus,0,1116867,1118,0.000423463514906257,Pro,jungle radiant
1893533,51,36,radiant,%5BHyperX%5D%20Liquid%60Pegasus,0,1119000,1119,0.000423842283703132,Pro,jungle radiant
1894200,49,36,radiant,%5BHyperX%5D%20Liquid%60Pegasus,0,1119667,1120,0.000424221052500007,Pro,jungle radiant
1895466,47,33,radiant,%5BHyperX%5D%20Liquid%60Pegasus,0,1120933,1121,0.000424599821296882,Pro,jungle radiant
1896400,45,32,radiant,%5BHyperX%5D%20Liquid%60Pegasus,0,1121867,1122,0.000424978590093757,Pro,jungle radiant
1896666,45,33,radiant,%5BHyperX%5D%20Liquid%60Pegasus,0,1122133,1123,0.000425357358890632,Pro,midlane radiant
1896666,45,33,radiant,%5BHyperX%5D%20Liquid%60Pegasus,0,1122133,1124,0.000425736127687507,Pro,midlane radiant
1896666,45,33,radiant,%5BHyperX%5D%20Liquid%60Pegasus,0,1122133,1125,0.000426114896484382,Pro,midlane radiant
1896666,45,33,radiant,%5BHyperX%5D%20Liquid%60Pegasus,0,1122133,1126,0.000426493665281257,Pro,midlane radiant
1901266,44,33,radiant,%5BHyperX%5D%20Liquid%60Pegasus,0,1126733,1127,0.000426872434078132,Pro,midlane radiant
1902266,42,35,radiant,%5BHyperX%5D%20Liquid%60Pegasus,0,1127733,1128,0.000427251202875007,Pro,midlane radiant
1903333,41,38,radiant,%5BHyperX%5D%20Liquid%60Pegasus,0,1128800,1129,0.000427629971671882,Pro,midlane radiant
1904200,39,39,radiant,%5BHyperX%5D%20Liquid%60Pegasus,0,1129667,1130,0.000428008740468757,Pro,midlane radiant
1905400,38,42,radiant,%5BHyperX%5D%20Liquid%60Pegasus,0,1130867,1131,0.000428387509265632,Pro,midlane radiant
1906200,37,44,radiant,%5BHyperX%5D%20Liquid%60Pegasus,0,1131667,1132,0.000428766278062507,Pro,midlane radiant
1907333,34,45,radiant,%5BHyperX%5D%20Liquid%60Pegasus,0,1132800,1133,0.000429145046859382,Pro,jungle radiant
1908066,32,45,radiant,%5BHyperX%5D%20Liquid%60Pegasus,0,1133533,1134,0.000429523815656257,Pro,jungle radiant
1908066,32,45,radiant,%5BHyperX%5D%20Liquid%60Pegasus,0,1133533,1135,0.000429902584453132,Pro,jungle radiant
1908066,32,45,radiant,%5BHyperX%5D%20Liquid%60Pegasus,0,1133533,1136,0.000430281353250007,Pro,jungle radiant
1908066,32,45,radiant,%5BHyperX%5D%20Liquid%60Pegasus,0,1133533,1137,0.000430660122046882,Pro,jungle radiant
1908066,32,45,radiant,%5BHyperX%5D%20Liquid%60Pegasus,0,1133533,1138,0.000431038890843757,Pro,jungle radiant
1908066,32,45,radiant,%5BHyperX%5D%20Liquid%60Pegasus,0,1133533,1139,0.000431417659640632,Pro,jungle radiant
1914533,33,45,radiant,%5BHyperX%5D%20Liquid%60Pegasus,0,1140000,1140,0.000431796428437507,Pro,jungle radiant
1915266,35,46,radiant,%5BHyperX%5D%20Liquid%60Pegasus,0,1140733,1141,0.000432175197234382,Pro,jungle radiant
1916333,37,48,radiant,%5BHyperX%5D%20Liquid%60Pegasus,0,1141800,1142,0.000432553966031257,Pro,jungle radiant
1917066,37,50,radiant,%5BHyperX%5D%20Liquid%60Pegasus,0,1142533,1143,0.000432932734828132,Pro,jungle radiant
1918400,37,51,radiant,%5BHyperX%5D%20Liquid%60Pegasus,0,1143867,1144,0.000433311503625007,Pro,jungle radiant
1919266,35,52,radiant,%5BHyperX%5D%20Liquid%60Pegasus,0,1144733,1145,0.000433690272421882,Pro,jungle radiant
1920133,35,53,radiant,%5BHyperX%5D%20Liquid%60Pegasus,0,1145600,1146,0.000434069041218757,Pro,jungle radiant
1920133,35,53,radiant,%5BHyperX%5D%20Liquid%60Pegasus,0,1145600,1147,0.000434447810015632,Pro,jungle radiant
1922400,33,55,radiant,%5BHyperX%5D%20Liquid%60Pegasus,0,1147867,1148,0.000434826578812507,Pro,jungle radiant
1923266,32,57,radiant,%5BHyperX%5D%20Liquid%60Pegasus,0,1148733,1149,0.000435205347609382,Pro,jungle radiant
1924533,30,60,radiant,%5BHyperX%5D%20Liquid%60Pegasus,0,1150000,1150,0.000435584116406257,Pro,jungle radiant
1925400,28,61,radiant,%5BHyperX%5D%20Liquid%60Pegasus,0,1150867,1151,0.000435962885203132,Pro,jungle radiant
1926266,26,62,radiant,%5BHyperX%5D%20Liquid%60Pegasus,0,1151733,1152,0.000436341654000007,Pro,jungle radiant
1927533,23,64,radiant,%5BHyperX%5D%20Liquid%60Pegasus,0,1153000,1153,0.000436720422796882,Pro,jungle radiant
1928400,21,65,radiant,%5BHyperX%5D%20Liquid%60Pegasus,0,1153867,1154,0.000437099191593757,Pro,jungle radiant
1929466,19,67,radiant,%5BHyperX%5D%20Liquid%60Pegasus,0,1154933,1155,0.000437477960390632,Pro,toplane radiant
1930266,18,69,radiant,%5BHyperX%5D%20Liquid%60Pegasus,0,1155733,1156,0.000437856729187507,Pro,toplane radiant
1931400,17,72,radiant,%5BHyperX%5D%20Liquid%60Pegasus,0,1156867,1157,0.000438235497984382,Pro,toplane radiant
1932533,16,75,radiant,%5BHyperX%5D%20Liquid%60Pegasus,0,1158000,1158,0.000438614266781257,Pro,toplane radiant
1933333,16,77,radiant,%5BHyperX%5D%20Liquid%60Pegasus,0,1158800,1159,0.000438993035578132,Pro,toplane radiant
1934400,16,80,radiant,%5BHyperX%5D%20Liquid%60Pegasus,0,1159867,1160,0.000439371804375007,Pro,toplane dire
1935533,17,83,radiant,%5BHyperX%5D%20Liquid%60Pegasus,0,1161000,1161,0.000439750573171882,Pro,toplane dire
1936266,17,85,radiant,%5BHyperX%5D%20Liquid%60Pegasus,0,1161733,1162,0.000440129341968757,Pro,toplane dire
1937333,16,88,radiant,%5BHyperX%5D%20Liquid%60Pegasus,0,1162800,1163,0.000440508110765632,Pro,toplane dire
1938333,17,97,radiant,%5BHyperX%5D%20Liquid%60Pegasus,0,1163800,1164,0.000440886879562507,Pro,toplane dire
1938333,17,97,radiant,%5BHyperX%5D%20Liquid%60Pegasus,0,1163800,1165,0.000441265648359382,Pro,toplane dire
1938333,17,97,radiant,%5BHyperX%5D%20Liquid%60Pegasus,0,1163800,1166,0.000441644417156257,Pro,toplane dire
1941533,18,99,radiant,%5BHyperX%5D%20Liquid%60Pegasus,0,1167000,1167,0.000442023185953132,Pro,toplane dire
1942533,20,101,radiant,%5BHyperX%5D%20Liquid%60Pegasus,0,1168000,1168,0.000442401954750007,Pro,toplane dire
1943066,21,102,radiant,%5BHyperX%5D%20Liquid%60Pegasus,0,1168533,1169,0.000442780723546882,Pro,toplane dire
1944200,23,102,radiant,%5BHyperX%5D%20Liquid%60Pegasus,0,1169667,1170,0.000443159492343757,Pro,toplane dire
1945333,25,104,radiant,%5BHyperX%5D%20Liquid%60Pegasus,0,1170800,1171,0.000443538261140632,Pro,toplane dire
1946000,25,105,radiant,%5BHyperX%5D%20Liquid%60Pegasus,0,1171467,1172,0.000443917029937507,Pro,toplane dire
1946000,25,105,radiant,%5BHyperX%5D%20Liquid%60Pegasus,0,1171467,1173,0.000444295798734382,Pro,toplane dire
1946000,25,105,radiant,%5BHyperX%5D%20Liquid%60Pegasus,0,1171467,1174,0.000444674567531257,Pro,toplane dire
1949466,25,103,radiant,%5BHyperX%5D%20Liquid%60Pegasus,0,1174933,1175,0.000445053336328132,Pro,toplane dire
1950533,26,104,radiant,%5BHyperX%5D%20Liquid%60Pegasus,0,1176000,1176,0.000445432105125007,Pro,toplane dire
1951466,25,103,radiant,%5BHyperX%5D%20Liquid%60Pegasus,0,1176933,1177,0.000445810873921882,Pro,toplane dire
1952466,24,105,radiant,%5BHyperX%5D%20Liquid%60Pegasus,0,1177933,1178,0.000446189642718757,Pro,toplane dire
1953066,24,106,radiant,%5BHyperX%5D%20Liquid%60Pegasus,0,1178533,1179,0.000446568411515632,Pro,toplane dire
1953066,24,106,radiant,%5BHyperX%5D%20Liquid%60Pegasus,0,1178533,1180,0.000446947180312507,Pro,toplane dire
1955466,23,106,radiant,%5BHyperX%5D%20Liquid%60Pegasus,0,1180933,1181,0.000447325949109382,Pro,toplane dire
1955666,24,106,radiant,%5BHyperX%5D%20Liquid%60Pegasus,0,1181133,1182,0.000447704717906257,Pro,toplane dire
1957533,21,106,radiant,%5BHyperX%5D%20Liquid%60Pegasus,0,1183000,1183,0.000448083486703132,Pro,toplane dire
1958533,19,106,radiant,%5BHyperX%5D%20Liquid%60Pegasus,0,1184000,1184,0.000448462255500007,Pro,toplane dire
1959333,17,107,radiant,%5BHyperX%5D%20Liquid%60Pegasus,0,1184800,1185,0.000448841024296882,Pro,toplane dire
1960133,15,106,radiant,%5BHyperX%5D%20Liquid%60Pegasus,0,1185600,1186,0.000449219793093757,Pro,toplane dire
1961333,14,103,radiant,%5BHyperX%5D%20Liquid%60Pegasus,0,1186800,1187,0.000449598561890632,Pro,toplane dire
1961733,13,102,radiant,%5BHyperX%5D%20Liquid%60Pegasus,0,1187200,1188,0.000449977330687507,Pro,toplane dire
1961733,13,102,radiant,%5BHyperX%5D%20Liquid%60Pegasus,0,1187200,1189,0.000450356099484382,Pro,toplane dire
1961733,13,102,radiant,%5BHyperX%5D%20Liquid%60Pegasus,0,1187200,1190,0.000450734868281257,Pro,toplane dire
1961733,13,102,radiant,%5BHyperX%5D%20Liquid%60Pegasus,0,1187200,1191,0.000451113637078132,Pro,toplane dire
1961733,13,102,radiant,%5BHyperX%5D%20Liquid%60Pegasus,0,1187200,1192,0.000451492405875007,Pro,toplane dire
1967533,11,100,radiant,%5BHyperX%5D%20Liquid%60Pegasus,0,1193000,1193,0.000451871174671882,Pro,void dire
1967800,10,100,radiant,%5BHyperX%5D%20Liquid%60Pegasus,0,1193267,1194,0.000452249943468757,Pro,void dire
1967800,10,100,radiant,%5BHyperX%5D%20Liquid%60Pegasus,0,1193267,1195,0.000452628712265632,Pro,void dire
1970400,17,102,radiant,%5BHyperX%5D%20Liquid%60Pegasus,0,1195867,1196,0.000453007481062507,Pro,toplane dire
1971466,20,102,radiant,%5BHyperX%5D%20Liquid%60Pegasus,0,1196933,1197,0.000453386249859382,Pro,toplane dire
1972400,18,101,radiant,%5BHyperX%5D%20Liquid%60Pegasus,0,1197867,1198,0.000453765018656257,Pro,toplane dire
1972400,18,101,radiant,%5BHyperX%5D%20Liquid%60Pegasus,0,1197867,1199,0.000454143787453132,Pro,toplane dire
1972400,18,101,radiant,%5BHyperX%5D%20Liquid%60Pegasus,0,1197867,1200,0.000454522556250007,Pro,toplane dire
1972400,18,101,radiant,%5BHyperX%5D%20Liquid%60Pegasus,0,1197867,1201,0.000454901325046882,Pro,toplane dire
1972400,18,101,radiant,%5BHyperX%5D%20Liquid%60Pegasus,0,1197867,1202,0.000455280093843757,Pro,toplane dire
1972400,18,101,radiant,%5BHyperX%5D%20Liquid%60Pegasus,0,1197867,1203,0.000455658862640632,Pro,toplane dire
1972400,18,101,radiant,%5BHyperX%5D%20Liquid%60Pegasus,0,1197867,1204,0.000456037631437507,Pro,toplane dire
1972400,18,101,radiant,%5BHyperX%5D%20Liquid%60Pegasus,0,1197867,1205,0.000456416400234382,Pro,toplane dire
1980133,18,101,radiant,%5BHyperX%5D%20Liquid%60Pegasus,0,1205600,1206,0.000456795169031257,Pro,toplane dire
1980133,18,101,radiant,%5BHyperX%5D%20Liquid%60Pegasus,0,1205600,1207,0.000457173937828132,Pro,toplane dire
1980133,18,101,radiant,%5BHyperX%5D%20Liquid%60Pegasus,0,1205600,1208,0.000457552706625007,Pro,toplane dire
1980133,18,101,radiant,%5BHyperX%5D%20Liquid%60Pegasus,0,1205600,1209,0.000457931475421882,Pro,toplane dire
1980133,18,101,radiant,%5BHyperX%5D%20Liquid%60Pegasus,0,1205600,1210,0.000458310244218757,Pro,toplane dire
1980133,18,101,radiant,%5BHyperX%5D%20Liquid%60Pegasus,0,1205600,1211,0.000458689013015632,Pro,toplane dire
1980133,18,101,radiant,%5BHyperX%5D%20Liquid%60Pegasus,0,1205600,1212,0.000459067781812507,Pro,toplane dire
1980133,18,101,radiant,%5BHyperX%5D%20Liquid%60Pegasus,0,1205600,1213,0.000459446550609382,Pro,toplane dire
1980133,18,101,radiant,%5BHyperX%5D%20Liquid%60Pegasus,0,1205600,1214,0.000459825319406257,Pro,toplane dire
1980133,18,101,radiant,%5BHyperX%5D%20Liquid%60Pegasus,0,1205600,1215,0.000460204088203132,Pro,toplane dire
1980133,18,101,radiant,%5BHyperX%5D%20Liquid%60Pegasus,0,1205600,1216,0.000460582857000007,Pro,toplane dire
1980133,18,101,radiant,%5BHyperX%5D%20Liquid%60Pegasus,0,1205600,1217,0.000460961625796882,Pro,toplane dire
1980133,18,101,radiant,%5BHyperX%5D%20Liquid%60Pegasus,0,1205600,1218,0.000461340394593757,Pro,toplane dire
1980133,18,101,radiant,%5BHyperX%5D%20Liquid%60Pegasus,0,1205600,1219,0.000461719163390632,Pro,toplane dire
1980133,18,101,radiant,%5BHyperX%5D%20Liquid%60Pegasus,0,1205600,1220,0.000462097932187507,Pro,toplane dire
1980133,18,101,radiant,%5BHyperX%5D%20Liquid%60Pegasus,0,1205600,1221,0.000462476700984382,Pro,toplane dire
1980133,18,101,radiant,%5BHyperX%5D%20Liquid%60Pegasus,0,1205600,1222,0.000462855469781257,Pro,toplane dire
1980133,18,101,radiant,%5BHyperX%5D%20Liquid%60Pegasus,0,1205600,1223,0.000463234238578132,Pro,toplane dire
1980133,18,101,radiant,%5BHyperX%5D%20Liquid%60Pegasus,0,1205600,1224,0.000463613007375007,Pro,toplane dire
1980133,18,101,radiant,%5BHyperX%5D%20Liquid%60Pegasus,0,1205600,1225,0.000463991776171882,Pro,toplane dire
1980133,18,101,radiant,%5BHyperX%5D%20Liquid%60Pegasus,0,1205600,1226,0.000464370544968757,Pro,toplane dire
1980133,18,101,radiant,%5BHyperX%5D%20Liquid%60Pegasus,0,1205600,1227,0.000464749313765632,Pro,toplane dire
1980133,18,101,radiant,%5BHyperX%5D%20Liquid%60Pegasus,0,1205600,1228,0.000465128082562507,Pro,toplane dire
1980133,18,101,radiant,%5BHyperX%5D%20Liquid%60Pegasus,0,1205600,1229,0.000465506851359382,Pro,toplane dire
1980133,18,101,radiant,%5BHyperX%5D%20Liquid%60Pegasus,0,1205600,1230,0.000465885620156257,Pro,toplane dire
1980133,18,101,radiant,%5BHyperX%5D%20Liquid%60Pegasus,0,1205600,1231,0.000466264388953132,Pro,toplane dire
1980133,18,101,radiant,%5BHyperX%5D%20Liquid%60Pegasus,0,1205600,1232,0.000466643157750007,Pro,toplane dire
1980133,18,101,radiant,%5BHyperX%5D%20Liquid%60Pegasus,0,1205600,1233,0.000467021926546882,Pro,toplane dire
1980133,18,101,radiant,%5BHyperX%5D%20Liquid%60Pegasus,0,1205600,1234,0.000467400695343757,Pro,toplane dire
1980133,18,101,radiant,%5BHyperX%5D%20Liquid%60Pegasus,0,1205600,1235,0.000467779464140632,Pro,toplane dire
1980133,18,101,radiant,%5BHyperX%5D%20Liquid%60Pegasus,0,1205600,1236,0.000468158232937507,Pro,toplane dire
2011133,8,7,radiant,%5BHyperX%5D%20Liquid%60Pegasus,0,1236600,1237,0.000468537001734382,Pro,base1 radiant
2012333,10,9,radiant,%5BHyperX%5D%20Liquid%60Pegasus,0,1237800,1238,0.000468915770531257,Pro,base1 radiant
2013400,12,11,radiant,%5BHyperX%5D%20Liquid%60Pegasus,0,1238867,1239,0.000469294539328132,Pro,base1 radiant
2014466,14,12,radiant,%5BHyperX%5D%20Liquid%60Pegasus,0,1239933,1240,0.000469673308125007,Pro,base1 radiant
2015400,17,13,radiant,%5BHyperX%5D%20Liquid%60Pegasus,0,1240867,1241,0.000470052076921882,Pro,base1 radiant
2016466,19,15,radiant,%5BHyperX%5D%20Liquid%60Pegasus,0,1241933,1242,0.000470430845718757,Pro,base1 radiant
2017400,20,17,radiant,%5BHyperX%5D%20Liquid%60Pegasus,0,1242867,1243,0.000470809614515632,Pro,base1 radiant
2018533,20,20,radiant,%5BHyperX%5D%20Liquid%60Pegasus,0,1244000,1244,0.000471188383312507,Pro,base1 radiant
2019400,18,21,radiant,%5BHyperX%5D%20Liquid%60Pegasus,0,1244867,1245,0.000471567152109382,Pro,base1 radiant
2020200,17,23,radiant,%5BHyperX%5D%20Liquid%60Pegasus,0,1245667,1246,0.000471945920906257,Pro,base1 radiant
2021333,17,26,radiant,%5BHyperX%5D%20Liquid%60Pegasus,0,1246800,1247,0.000472324689703132,Pro,base1 radiant
2022466,16,29,radiant,%5BHyperX%5D%20Liquid%60Pegasus,0,1247933,1248,0.000472703458500007,Pro,base1 radiant
2023266,15,31,radiant,%5BHyperX%5D%20Liquid%60Pegasus,0,1248733,1249,0.000473082227296882,Pro,base1 radiant
2024400,14,34,radiant,%5BHyperX%5D%20Liquid%60Pegasus,0,1249867,1250,0.000473460996093757,Pro,base1 radiant
2025333,13,37,radiant,%5BHyperX%5D%20Liquid%60Pegasus,0,1250800,1251,0.000473839764890632,Pro,base1 radiant
2026266,13,40,radiant,%5BHyperX%5D%20Liquid%60Pegasus,0,1251733,1252,0.000474218533687507,Pro,toplane radiant
2027466,13,44,radiant,%5BHyperX%5D%20Liquid%60Pegasus,0,1252933,1253,0.000474597302484382,Pro,toplane radiant
2028333,14,55,radiant,%5BHyperX%5D%20Liquid%60Pegasus,0,1253800,1254,0.000474976071281257,Pro,toplane radiant
2028800,17,58,radiant,%5BHyperX%5D%20Liquid%60Pegasus,0,1254267,1255,0.000475354840078132,Pro,toplane radiant
2029600,16,58,radiant,%5BHyperX%5D%20Liquid%60Pegasus,0,1255067,1256,0.000475733608875007,Pro,toplane radiant
2029600,16,58,radiant,%5BHyperX%5D%20Liquid%60Pegasus,0,1255067,1257,0.000476112377671882,Pro,toplane radiant
2029600,16,58,radiant,%5BHyperX%5D%20Liquid%60Pegasus,0,1255067,1258,0.000476491146468757,Pro,toplane radiant
2029600,16,58,radiant,%5BHyperX%5D%20Liquid%60Pegasus,0,1255067,1259,0.000476869915265632,Pro,toplane radiant
2029600,16,58,radiant,%5BHyperX%5D%20Liquid%60Pegasus,0,1255067,1260,0.000477248684062507,Pro,toplane radiant
2029600,16,58,radiant,%5BHyperX%5D%20Liquid%60Pegasus,0,1255067,1261,0.000477627452859382,Pro,toplane radiant
2029600,16,58,radiant,%5BHyperX%5D%20Liquid%60Pegasus,0,1255067,1262,0.000478006221656257,Pro,toplane radiant
2029600,16,58,radiant,%5BHyperX%5D%20Liquid%60Pegasus,0,1255067,1263,0.000478384990453132,Pro,toplane radiant
2029600,16,58,radiant,%5BHyperX%5D%20Liquid%60Pegasus,0,1255067,1264,0.000478763759250007,Pro,toplane radiant
2029600,16,58,radiant,%5BHyperX%5D%20Liquid%60Pegasus,0,1255067,1265,0.000479142528046882,Pro,toplane radiant
2040133,16,58,radiant,%5BHyperX%5D%20Liquid%60Pegasus,0,1265600,1266,0.000479521296843757,Pro,toplane radiant
2040133,16,58,radiant,%5BHyperX%5D%20Liquid%60Pegasus,0,1265600,1267,0.000479900065640632,Pro,toplane radiant
2040133,16,58,radiant,%5BHyperX%5D%20Liquid%60Pegasus,0,1265600,1268,0.000480278834437507,Pro,toplane radiant
2040133,16,58,radiant,%5BHyperX%5D%20Liquid%60Pegasus,0,1265600,1269,0.000480657603234383,Pro,toplane radiant
2040133,16,58,radiant,%5BHyperX%5D%20Liquid%60Pegasus,0,1265600,1270,0.000481036372031258,Pro,toplane radiant
2045466,16,57,radiant,%5BHyperX%5D%20Liquid%60Pegasus,0,1270933,1271,0.000481415140828133,Pro,toplane radiant
2046400,14,55,radiant,%5BHyperX%5D%20Liquid%60Pegasus,0,1271867,1272,0.000481793909625008,Pro,toplane radiant
2047133,11,52,radiant,%5BHyperX%5D%20Liquid%60Pegasus,0,1272600,1273,0.000482172678421883,Pro,toplane radiant
2047133,11,52,radiant,%5BHyperX%5D%20Liquid%60Pegasus,0,1272600,1274,0.000482551447218758,Pro,toplane radiant
2047133,11,52,radiant,%5BHyperX%5D%20Liquid%60Pegasus,0,1272600,1275,0.000482930216015633,Pro,toplane radiant
2047133,11,52,radiant,%5BHyperX%5D%20Liquid%60Pegasus,0,1272600,1276,0.000483308984812508,Pro,toplane radiant
2047133,11,52,radiant,%5BHyperX%5D%20Liquid%60Pegasus,0,1272600,1277,0.000483687753609383,Pro,toplane radiant
2047133,11,52,radiant,%5BHyperX%5D%20Liquid%60Pegasus,0,1272600,1278,0.000484066522406258,Pro,toplane radiant
2047133,11,52,radiant,%5BHyperX%5D%20Liquid%60Pegasus,0,1272600,1279,0.000484445291203133,Pro,toplane radiant
2047133,11,52,radiant,%5BHyperX%5D%20Liquid%60Pegasus,0,1272600,1280,0.000484824060000008,Pro,toplane radiant
2047133,11,52,radiant,%5BHyperX%5D%20Liquid%60Pegasus,0,1272600,1281,0.000485202828796883,Pro,toplane radiant
2047133,11,52,radiant,%5BHyperX%5D%20Liquid%60Pegasus,0,1272600,1282,0.000485581597593758,Pro,toplane radiant
2057266,11,53,radiant,%5BHyperX%5D%20Liquid%60Pegasus,0,1282733,1283,0.000485960366390633,Pro,void radiant
2058466,12,56,radiant,%5BHyperX%5D%20Liquid%60Pegasus,0,1283933,1284,0.000486339135187508,Pro,toplane radiant
2059200,13,58,radiant,%5BHyperX%5D%20Liquid%60Pegasus,0,1284667,1285,0.000486717903984383,Pro,toplane radiant
2060333,13,61,radiant,%5BHyperX%5D%20Liquid%60Pegasus,0,1285800,1286,0.000487096672781258,Pro,toplane radiant
2061466,14,64,radiant,%5BHyperX%5D%20Liquid%60Pegasus,0,1286933,1287,0.000487475441578133,Pro,toplane radiant
2061666,14,72,radiant,%5BHyperX%5D%20Liquid%60Pegasus,0,1287133,1288,0.000487854210375008,Pro,toplane radiant
2061666,14,72,radiant,%5BHyperX%5D%20Liquid%60Pegasus,0,1287133,1289,0.000488232979171883,Pro,toplane radiant
2061666,14,72,radiant,%5BHyperX%5D%20Liquid%60Pegasus,0,1287133,1290,0.000488611747968758,Pro,toplane radiant
2061666,14,72,radiant,%5BHyperX%5D%20Liquid%60Pegasus,0,1287133,1291,0.000488990516765633,Pro,toplane radiant
2061666,14,72,radiant,%5BHyperX%5D%20Liquid%60Pegasus,0,1287133,1292,0.000489369285562508,Pro,toplane radiant
2061666,14,72,radiant,%5BHyperX%5D%20Liquid%60Pegasus,0,1287133,1293,0.000489748054359383,Pro,toplane radiant
2061666,14,72,radiant,%5BHyperX%5D%20Liquid%60Pegasus,0,1287133,1294,0.000490126823156258,Pro,toplane radiant
2069466,14,70,radiant,%5BHyperX%5D%20Liquid%60Pegasus,0,1294933,1295,0.000490505591953133,Pro,toplane radiant
2070200,13,68,radiant,%5BHyperX%5D%20Liquid%60Pegasus,0,1295667,1296,0.000490884360750008,Pro,toplane radiant
2071333,13,65,radiant,%5BHyperX%5D%20Liquid%60Pegasus,0,1296800,1297,0.000491263129546883,Pro,toplane radiant
2072466,13,62,radiant,%5BHyperX%5D%20Liquid%60Pegasus,0,1297933,1298,0.000491641898343758,Pro,toplane radiant
2072800,13,61,radiant,%5BHyperX%5D%20Liquid%60Pegasus,0,1298267,1299,0.000492020667140633,Pro,toplane radiant
2072800,13,61,radiant,%5BHyperX%5D%20Liquid%60Pegasus,0,1298267,1300,0.000492399435937508,Pro,toplane radiant
2072800,13,61,radiant,%5BHyperX%5D%20Liquid%60Pegasus,0,1298267,1301,0.000492778204734383,Pro,toplane radiant
2072800,13,61,radiant,%5BHyperX%5D%20Liquid%60Pegasus,0,1298267,1302,0.000493156973531258,Pro,toplane radiant
2072800,13,61,radiant,%5BHyperX%5D%20Liquid%60Pegasus,0,1298267,1303,0.000493535742328133,Pro,toplane radiant
2078266,15,62,radiant,%5BHyperX%5D%20Liquid%60Pegasus,0,1303733,1304,0.000493914511125008,Pro,toplane radiant
2079466,18,63,radiant,%5BHyperX%5D%20Liquid%60Pegasus,0,1304933,1305,0.000494293279921883,Pro,toplane radiant
2080333,27,67,radiant,%5BHyperX%5D%20Liquid%60Pegasus,0,1305800,1306,0.000494672048718758,Pro,void radiant
2081333,28,67,radiant,%5BHyperX%5D%20Liquid%60Pegasus,0,1306800,1307,0.000495050817515633,Pro,secretshop radiant
2082533,29,65,radiant,%5BHyperX%5D%20Liquid%60Pegasus,0,1308000,1308,0.000495429586312508,Pro,jungle radiant
2083266,29,63,radiant,%5BHyperX%5D%20Liquid%60Pegasus,0,1308733,1309,0.000495808355109383,Pro,jungle radiant
2084533,26,63,radiant,%5BHyperX%5D%20Liquid%60Pegasus,0,1310000,1310,0.000496187123906258,Pro,jungle radiant
2085400,24,64,radiant,%5BHyperX%5D%20Liquid%60Pegasus,0,1310867,1311,0.000496565892703133,Pro,jungle radiant
2086133,22,65,radiant,%5BHyperX%5D%20Liquid%60Pegasus,0,1311600,1312,0.000496944661500008,Pro,jungle radiant
2087400,19,66,radiant,%5BHyperX%5D%20Liquid%60Pegasus,0,1312867,1313,0.000497323430296883,Pro,toplane radiant
2088533,18,69,radiant,%5BHyperX%5D%20Liquid%60Pegasus,0,1314000,1314,0.000497702199093758,Pro,toplane radiant
2089266,17,71,radiant,%5BHyperX%5D%20Liquid%60Pegasus,0,1314733,1315,0.000498080967890633,Pro,toplane radiant
2090466,16,74,radiant,%5BHyperX%5D%20Liquid%60Pegasus,0,1315933,1316,0.000498459736687508,Pro,toplane radiant
2091333,16,76,radiant,%5BHyperX%5D%20Liquid%60Pegasus,0,1316800,1317,0.000498838505484383,Pro,toplane radiant
2092333,15,79,radiant,%5BHyperX%5D%20Liquid%60Pegasus,0,1317800,1318,0.000499217274281258,Pro,toplane radiant
2093533,14,82,radiant,%5BHyperX%5D%20Liquid%60Pegasus,0,1319000,1319,0.000499596043078133,Pro,toplane dire
2094266,15,84,radiant,%5BHyperX%5D%20Liquid%60Pegasus,0,1319733,1320,0.000499974811875008,Pro,toplane dire
2095533,14,85,radiant,%5BHyperX%5D%20Liquid%60Pegasus,0,1321000,1321,0.000500353580671883,Pro,toplane dire
2095866,14,86,radiant,%5BHyperX%5D%20Liquid%60Pegasus,0,1321333,1322,0.000500732349468758,Pro,toplane dire
2096800,14,85,radiant,%5BHyperX%5D%20Liquid%60Pegasus,0,1322267,1323,0.000501111118265633,Pro,toplane dire
2098533,15,85,radiant,%5BHyperX%5D%20Liquid%60Pegasus,0,1324000,1324,0.000501489887062508,Pro,toplane dire
2099000,15,87,radiant,%5BHyperX%5D%20Liquid%60Pegasus,0,1324467,1325,0.000501868655859383,Pro,toplane dire
2100266,15,85,radiant,%5BHyperX%5D%20Liquid%60Pegasus,0,1325733,1326,0.000502247424656258,Pro,toplane dire
2100733,15,86,radiant,%5BHyperX%5D%20Liquid%60Pegasus,0,1326200,1327,0.000502626193453133,Pro,toplane dire
2102400,15,87,radiant,%5BHyperX%5D%20Liquid%60Pegasus,0,1327867,1328,0.000503004962250008,Pro,toplane dire
2102400,15,87,radiant,%5BHyperX%5D%20Liquid%60Pegasus,0,1327867,1329,0.000503383731046883,Pro,toplane dire
2103800,14,88,radiant,%5BHyperX%5D%20Liquid%60Pegasus,0,1329267,1330,0.000503762499843758,Pro,toplane dire
2105200,14,90,radiant,%5BHyperX%5D%20Liquid%60Pegasus,0,1330667,1331,0.000504141268640633,Pro,toplane dire
2105800,13,91,radiant,%5BHyperX%5D%20Liquid%60Pegasus,0,1331267,1332,0.000504520037437508,Pro,toplane dire
2107533,14,94,radiant,%5BHyperX%5D%20Liquid%60Pegasus,0,1333000,1333,0.000504898806234383,Pro,toplane dire
2108466,15,96,radiant,%5BHyperX%5D%20Liquid%60Pegasus,0,1333933,1334,0.000505277575031258,Pro,toplane dire
2109333,16,98,radiant,%5BHyperX%5D%20Liquid%60Pegasus,0,1334800,1335,0.000505656343828133,Pro,toplane dire
2110400,18,100,radiant,%5BHyperX%5D%20Liquid%60Pegasus,0,1335867,1336,0.000506035112625008,Pro,toplane dire
2111200,20,101,radiant,%5BHyperX%5D%20Liquid%60Pegasus,0,1336667,1337,0.000506413881421883,Pro,toplane dire
2111200,20,101,radiant,%5BHyperX%5D%20Liquid%60Pegasus,0,1336667,1338,0.000506792650218758,Pro,toplane dire
2111200,20,101,radiant,%5BHyperX%5D%20Liquid%60Pegasus,0,1336667,1339,0.000507171419015633,Pro,toplane dire
2111200,20,101,radiant,%5BHyperX%5D%20Liquid%60Pegasus,0,1336667,1340,0.000507550187812508,Pro,toplane dire
2111200,20,101,radiant,%5BHyperX%5D%20Liquid%60Pegasus,0,1336667,1341,0.000507928956609383,Pro,toplane dire
2111200,20,101,radiant,%5BHyperX%5D%20Liquid%60Pegasus,0,1336667,1342,0.000508307725406258,Pro,toplane dire
2117400,25,98,radiant,%5BHyperX%5D%20Liquid%60Pegasus,0,1342867,1343,0.000508686494203133,Pro,void dire
2117400,25,98,radiant,%5BHyperX%5D%20Liquid%60Pegasus,0,1342867,1344,0.000509065263000008,Pro,void dire
2117400,25,98,radiant,%5BHyperX%5D%20Liquid%60Pegasus,0,1342867,1345,0.000509444031796883,Pro,void dire
2117400,25,98,radiant,%5BHyperX%5D%20Liquid%60Pegasus,0,1342867,1346,0.000509822800593758,Pro,void dire
2121466,8,7,radiant,%5BHyperX%5D%20Liquid%60Pegasus,0,1346933,1347,0.000510201569390633,Pro,base1 radiant
2122266,10,8,radiant,%5BHyperX%5D%20Liquid%60Pegasus,0,1347733,1348,0.000510580338187508,Pro,base1 radiant
2122666,11,8,radiant,%5BHyperX%5D%20Liquid%60Pegasus,0,1348133,1349,0.000510959106984383,Pro,base1 radiant
2122666,11,8,radiant,%5BHyperX%5D%20Liquid%60Pegasus,0,1348133,1350,0.000511337875781258,Pro,base1 radiant
2122666,11,8,radiant,%5BHyperX%5D%20Liquid%60Pegasus,0,1348133,1351,0.000511716644578133,Pro,base1 radiant
2122666,11,8,radiant,%5BHyperX%5D%20Liquid%60Pegasus,0,1348133,1352,0.000512095413375008,Pro,base1 radiant
2122666,11,8,radiant,%5BHyperX%5D%20Liquid%60Pegasus,0,1348133,1353,0.000512474182171883,Pro,base1 radiant
2122666,11,8,radiant,%5BHyperX%5D%20Liquid%60Pegasus,0,1348133,1354,0.000512852950968758,Pro,base1 radiant
2129333,12,9,radiant,%5BHyperX%5D%20Liquid%60Pegasus,0,1354800,1355,0.000513231719765633,Pro,base1 radiant
2130533,13,12,radiant,%5BHyperX%5D%20Liquid%60Pegasus,0,1356000,1356,0.000513610488562508,Pro,base1 radiant
2131200,21,17,radiant,%5BHyperX%5D%20Liquid%60Pegasus,0,1356667,1357,0.000513989257359383,Pro,base1 radiant
2132266,23,19,radiant,%5BHyperX%5D%20Liquid%60Pegasus,0,1357733,1358,0.000514368026156258,Pro,base1 radiant
2133466,24,22,radiant,%5BHyperX%5D%20Liquid%60Pegasus,0,1358933,1359,0.000514746794953133,Pro,base1 radiant
2134266,25,24,radiant,%5BHyperX%5D%20Liquid%60Pegasus,0,1359733,1360,0.000515125563750008,Pro,base1 radiant
2135333,27,26,radiant,%5BHyperX%5D%20Liquid%60Pegasus,0,1360800,1361,0.000515504332546883,Pro,base1 radiant
2136266,29,27,radiant,%5BHyperX%5D%20Liquid%60Pegasus,0,1361733,1362,0.000515883101343758,Pro,base1 radiant
2137333,31,29,radiant,%5BHyperX%5D%20Liquid%60Pegasus,0,1362800,1363,0.000516261870140633,Pro,midlane radiant
2138533,33,31,radiant,%5BHyperX%5D%20Liquid%60Pegasus,0,1364000,1364,0.000516640638937508,Pro,midlane radiant
2139533,35,33,radiant,%5BHyperX%5D%20Liquid%60Pegasus,0,1365000,1365,0.000517019407734383,Pro,midlane radiant
2140533,37,35,radiant,%5BHyperX%5D%20Liquid%60Pegasus,0,1366000,1366,0.000517398176531258,Pro,midlane radiant
2141533,39,37,radiant,%5BHyperX%5D%20Liquid%60Pegasus,0,1367000,1367,0.000517776945328133,Pro,midlane radiant
2142466,41,39,radiant,%5BHyperX%5D%20Liquid%60Pegasus,0,1367933,1368,0.000518155714125008,Pro,midlane radiant
2143533,43,41,radiant,%5BHyperX%5D%20Liquid%60Pegasus,0,1369000,1369,0.000518534482921883,Pro,midlane radiant
2144533,45,43,radiant,%5BHyperX%5D%20Liquid%60Pegasus,0,1370000,1370,0.000518913251718758,Pro,midlane radiant
2145533,47,44,radiant,%5BHyperX%5D%20Liquid%60Pegasus,0,1371000,1371,0.000519292020515633,Pro,midlane radiant
2146466,49,46,radiant,%5BHyperX%5D%20Liquid%60Pegasus,0,1371933,1372,0.000519670789312508,Pro,midlane radiant
2147466,51,48,radiant,%5BHyperX%5D%20Liquid%60Pegasus,0,1372933,1373,0.000520049558109383,Pro,midlane radiant
2148400,53,50,radiant,%5BHyperX%5D%20Liquid%60Pegasus,0,1373867,1374,0.000520428326906258,Pro,midlane radiant
2149466,55,52,radiant,%5BHyperX%5D%20Liquid%60Pegasus,0,1374933,1375,0.000520807095703133,Pro,midlane radiant
2150400,56,54,radiant,%5BHyperX%5D%20Liquid%60Pegasus,0,1375867,1376,0.000521185864500008,Pro,midlane radiant
2150400,56,54,radiant,%5BHyperX%5D%20Liquid%60Pegasus,0,1375867,1377,0.000521564633296883,Pro,midlane radiant
2150400,56,54,radiant,%5BHyperX%5D%20Liquid%60Pegasus,0,1375867,1378,0.000521943402093758,Pro,midlane radiant
2150400,56,54,radiant,%5BHyperX%5D%20Liquid%60Pegasus,0,1375867,1379,0.000522322170890633,Pro,midlane radiant
2150400,56,54,radiant,%5BHyperX%5D%20Liquid%60Pegasus,0,1375867,1380,0.000522700939687508,Pro,midlane radiant
2155533,57,55,radiant,%5BHyperX%5D%20Liquid%60Pegasus,0,1381000,1381,0.000523079708484383,Pro,midlane radiant
2156066,59,55,radiant,%5BHyperX%5D%20Liquid%60Pegasus,0,1381533,1382,0.000523458477281258,Pro,midlane radiant
2156066,59,55,radiant,%5BHyperX%5D%20Liquid%60Pegasus,0,1381533,1383,0.000523837246078133,Pro,midlane radiant
2156066,59,55,radiant,%5BHyperX%5D%20Liquid%60Pegasus,0,1381533,1384,0.000524216014875008,Pro,midlane radiant
2159466,58,55,radiant,%5BHyperX%5D%20Liquid%60Pegasus,0,1384933,1385,0.000524594783671883,Pro,midlane radiant
2160133,57,53,radiant,%5BHyperX%5D%20Liquid%60Pegasus,0,1385600,1386,0.000524973552468758,Pro,midlane radiant
2160133,57,53,radiant,%5BHyperX%5D%20Liquid%60Pegasus,0,1385600,1387,0.000525352321265633,Pro,midlane radiant
2162266,58,51,radiant,%5BHyperX%5D%20Liquid%60Pegasus,0,1387733,1388,0.000525731090062508,Pro,midlane radiant
2162266,58,51,radiant,%5BHyperX%5D%20Liquid%60Pegasus,0,1387733,1389,0.000526109858859383,Pro,midlane radiant
2164333,59,49,radiant,%5BHyperX%5D%20Liquid%60Pegasus,0,1389800,1390,0.000526488627656258,Pro,jungle radiant
2165466,60,46,radiant,%5BHyperX%5D%20Liquid%60Pegasus,0,1390933,1391,0.000526867396453133,Pro,jungle radiant
2166200,60,44,radiant,%5BHyperX%5D%20Liquid%60Pegasus,0,1391667,1392,0.000527246165250008,Pro,jungle radiant
2167466,62,41,radiant,%5BHyperX%5D%20Liquid%60Pegasus,0,1392933,1393,0.000527624934046883,Pro,jungle radiant
2168466,64,40,radiant,%5BHyperX%5D%20Liquid%60Pegasus,0,1393933,1394,0.000528003702843758,Pro,jungle radiant
2169333,66,38,radiant,%5BHyperX%5D%20Liquid%60Pegasus,0,1394800,1395,0.000528382471640633,Pro,jungle radiant
2170466,68,36,radiant,%5BHyperX%5D%20Liquid%60Pegasus,0,1395933,1396,0.000528761240437508,Pro,jungle radiant
2171266,68,34,radiant,%5BHyperX%5D%20Liquid%60Pegasus,0,1396733,1397,0.000529140009234383,Pro,jungle radiant
2172533,68,31,radiant,%5BHyperX%5D%20Liquid%60Pegasus,0,1398000,1398,0.000529518778031258,Pro,jungle radiant
2173266,67,29,radiant,%5BHyperX%5D%20Liquid%60Pegasus,0,1398733,1399,0.000529897546828133,Pro,jungle radiant
2174400,66,26,radiant,%5BHyperX%5D%20Liquid%60Pegasus,0,1399867,1400,0.000530276315625008,Pro,jungle radiant
2175466,65,16,radiant,%5BHyperX%5D%20Liquid%60Pegasus,0,1400933,1401,0.000530655084421883,Pro,void radiant
2176266,65,14,radiant,%5BHyperX%5D%20Liquid%60Pegasus,0,1401733,1402,0.000531033853218758,Pro,bottomlane radiant
2177333,65,11,radiant,%5BHyperX%5D%20Liquid%60Pegasus,0,1402800,1403,0.000531412622015633,Pro,bottomlane radiant
2177333,65,11,radiant,%5BHyperX%5D%20Liquid%60Pegasus,0,1402800,1404,0.000531791390812508,Pro,bottomlane radiant
2179133,69,10,radiant,%5BHyperX%5D%20Liquid%60Pegasus,0,1404600,1405,0.000532170159609383,Pro,bottomlane radiant
2180400,68,10,radiant,%5BHyperX%5D%20Liquid%60Pegasus,0,1405867,1406,0.000532548928406258,Pro,bottomlane radiant
2180800,67,10,radiant,%5BHyperX%5D%20Liquid%60Pegasus,0,1406267,1407,0.000532927697203133,Pro,bottomlane radiant
2182133,69,10,radiant,%5BHyperX%5D%20Liquid%60Pegasus,0,1407600,1408,0.000533306466000008,Pro,bottomlane radiant
2183466,67,9,radiant,%5BHyperX%5D%20Liquid%60Pegasus,0,1408933,1409,0.000533685234796883,Pro,bottomlane radiant
2184266,65,9,radiant,%5BHyperX%5D%20Liquid%60Pegasus,0,1409733,1410,0.000534064003593758,Pro,bottomlane radiant
2185266,65,8,radiant,%5BHyperX%5D%20Liquid%60Pegasus,0,1410733,1411,0.000534442772390633,Pro,bottomlane radiant
2186466,68,9,radiant,%5BHyperX%5D%20Liquid%60Pegasus,0,1411933,1412,0.000534821541187508,Pro,bottomlane radiant
2186866,69,9,radiant,%5BHyperX%5D%20Liquid%60Pegasus,0,1412333,1413,0.000535200309984383,Pro,bottomlane radiant
2187733,70,9,radiant,%5BHyperX%5D%20Liquid%60Pegasus,0,1413200,1414,0.000535579078781258,Pro,bottomlane radiant
2187733,70,9,radiant,%5BHyperX%5D%20Liquid%60Pegasus,0,1413200,1415,0.000535957847578133,Pro,bottomlane radiant
2187733,70,9,radiant,%5BHyperX%5D%20Liquid%60Pegasus,0,1413200,1416,0.000536336616375008,Pro,bottomlane radiant
2187733,70,9,radiant,%5BHyperX%5D%20Liquid%60Pegasus,0,1413200,1417,0.000536715385171883,Pro,bottomlane radiant
2187733,70,9,radiant,%5BHyperX%5D%20Liquid%60Pegasus,0,1413200,1418,0.000537094153968758,Pro,bottomlane radiant
2187733,70,9,radiant,%5BHyperX%5D%20Liquid%60Pegasus,0,1413200,1419,0.000537472922765633,Pro,bottomlane radiant
2194466,69,11,radiant,%5BHyperX%5D%20Liquid%60Pegasus,0,1419933,1420,0.000537851691562508,Pro,bottomlane radiant
2194733,69,10,radiant,%5BHyperX%5D%20Liquid%60Pegasus,0,1420200,1421,0.000538230460359383,Pro,bottomlane radiant
2194733,69,10,radiant,%5BHyperX%5D%20Liquid%60Pegasus,0,1420200,1422,0.000538609229156258,Pro,bottomlane radiant
2196866,69,9,radiant,%5BHyperX%5D%20Liquid%60Pegasus,0,1422333,1423,0.000538987997953133,Pro,bottomlane radiant
2198400,68,9,radiant,%5BHyperX%5D%20Liquid%60Pegasus,0,1423867,1424,0.000539366766750008,Pro,bottomlane radiant
2199533,65,9,radiant,%5BHyperX%5D%20Liquid%60Pegasus,0,1425000,1425,0.000539745535546883,Pro,bottomlane radiant
2200266,63,10,radiant,%5BHyperX%5D%20Liquid%60Pegasus,0,1425733,1426,0.000540124304343758,Pro,bottomlane radiant
2201466,64,10,radiant,%5BHyperX%5D%20Liquid%60Pegasus,0,1426933,1427,0.000540503073140633,Pro,bottomlane radiant
2202200,66,10,radiant,%5BHyperX%5D%20Liquid%60Pegasus,0,1427667,1428,0.000540881841937508,Pro,bottomlane radiant
2203333,69,9,radiant,%5BHyperX%5D%20Liquid%60Pegasus,0,1428800,1429,0.000541260610734383,Pro,bottomlane radiant
2204400,72,9,radiant,%5BHyperX%5D%20Liquid%60Pegasus,0,1429867,1430,0.000541639379531258,Pro,bottomlane radiant
2205533,75,9,radiant,%5BHyperX%5D%20Liquid%60Pegasus,0,1431000,1431,0.000542018148328133,Pro,bottomlane radiant
2205533,75,9,radiant,%5BHyperX%5D%20Liquid%60Pegasus,0,1431000,1432,0.000542396917125008,Pro,bottomlane radiant
2207533,66,10,radiant,%5BHyperX%5D%20Liquid%60Pegasus,0,1433000,1433,0.000542775685921884,Pro,bottomlane radiant
2208400,64,9,radiant,%5BHyperX%5D%20Liquid%60Pegasus,0,1433867,1434,0.000543154454718759,Pro,bottomlane radiant
2209466,61,9,radiant,%5BHyperX%5D%20Liquid%60Pegasus,0,1434933,1435,0.000543533223515634,Pro,bottomlane radiant
2210200,59,9,radiant,%5BHyperX%5D%20Liquid%60Pegasus,0,1435667,1436,0.000543911992312509,Pro,bottomlane radiant
2211333,56,10,radiant,%5BHyperX%5D%20Liquid%60Pegasus,0,1436800,1437,0.000544290761109384,Pro,bottomlane radiant
2212400,53,10,radiant,%5BHyperX%5D%20Liquid%60Pegasus,0,1437867,1438,0.000544669529906259,Pro,bottomlane radiant
2213533,46,10,radiant,%5BHyperX%5D%20Liquid%60Pegasus,0,1439000,1439,0.000545048298703134,Pro,bottomlane radiant
2214466,44,10,radiant,%5BHyperX%5D%20Liquid%60Pegasus,0,1439933,1440,0.000545427067500009,Pro,bottomlane radiant
2215533,41,10,radiant,%5BHyperX%5D%20Liquid%60Pegasus,0,1441000,1441,0.000545805836296884,Pro,bottomlane radiant
2216266,39,10,radiant,%5BHyperX%5D%20Liquid%60Pegasus,0,1441733,1442,0.000546184605093759,Pro,bottomlane radiant
2217400,36,10,radiant,%5BHyperX%5D%20Liquid%60Pegasus,0,1442867,1443,0.000546563373890634,Pro,bottomlane radiant
2218533,33,9,radiant,%5BHyperX%5D%20Liquid%60Pegasus,0,1444000,1444,0.000546942142687509,Pro,base1 radiant
2219400,31,8,radiant,%5BHyperX%5D%20Liquid%60Pegasus,0,1444867,1445,0.000547320911484384,Pro,base1 radiant
2220400,22,9,radiant,%5BHyperX%5D%20Liquid%60Pegasus,0,1445867,1446,0.000547699680281259,Pro,base1 radiant
2221533,19,10,radiant,%5BHyperX%5D%20Liquid%60Pegasus,0,1447000,1447,0.000548078449078134,Pro,base1 radiant
2222400,17,11,radiant,%5BHyperX%5D%20Liquid%60Pegasus,0,1447867,1448,0.000548457217875009,Pro,base1 radiant
2223466,14,11,radiant,%5BHyperX%5D%20Liquid%60Pegasus,0,1448933,1449,0.000548835986671884,Pro,base1 radiant
2224333,12,10,radiant,%5BHyperX%5D%20Liquid%60Pegasus,0,1449800,1450,0.000549214755468759,Pro,base1 radiant
2224866,12,9,radiant,%5BHyperX%5D%20Liquid%60Pegasus,0,1450333,1451,0.000549593524265634,Pro,base1 radiant
2224866,12,9,radiant,%5BHyperX%5D%20Liquid%60Pegasus,0,1450333,1452,0.000549972293062509,Pro,base1 radiant
2224866,12,9,radiant,%5BHyperX%5D%20Liquid%60Pegasus,0,1450333,1453,0.000550351061859384,Pro,base1 radiant
2228066,11,10,radiant,%5BHyperX%5D%20Liquid%60Pegasus,0,1453533,1454,0.000550729830656259,Pro,base1 radiant
2229466,12,10,radiant,%5BHyperX%5D%20Liquid%60Pegasus,0,1454933,1455,0.000551108599453134,Pro,base1 radiant
2230333,14,11,radiant,%5BHyperX%5D%20Liquid%60Pegasus,0,1455800,1456,0.000551487368250009,Pro,base1 radiant
2231466,17,11,radiant,%5BHyperX%5D%20Liquid%60Pegasus,0,1456933,1457,0.000551866137046884,Pro,base1 radiant
2232533,20,11,radiant,%5BHyperX%5D%20Liquid%60Pegasus,0,1458000,1458,0.000552244905843759,Pro,base1 radiant
2233266,22,10,radiant,%5BHyperX%5D%20Liquid%60Pegasus,0,1458733,1459,0.000552623674640634,Pro,base1 radiant
2234400,25,10,radiant,%5BHyperX%5D%20Liquid%60Pegasus,0,1459867,1460,0.000553002443437509,Pro,base1 radiant
2235533,28,11,radiant,%5BHyperX%5D%20Liquid%60Pegasus,0,1461000,1461,0.000553381212234384,Pro,base1 radiant
2236266,30,11,radiant,%5BHyperX%5D%20Liquid%60Pegasus,0,1461733,1462,0.000553759981031259,Pro,base1 radiant
2237466,33,10,radiant,%5BHyperX%5D%20Liquid%60Pegasus,0,1462933,1463,0.000554138749828134,Pro,base1 radiant
2238200,35,11,radiant,%5BHyperX%5D%20Liquid%60Pegasus,0,1463667,1464,0.000554517518625009,Pro,base1 radiant
2238200,35,11,radiant,%5BHyperX%5D%20Liquid%60Pegasus,0,1463667,1465,0.000554896287421884,Pro,base1 radiant
2238200,35,11,radiant,%5BHyperX%5D%20Liquid%60Pegasus,0,1463667,1466,0.000555275056218759,Pro,base1 radiant
2238200,35,11,radiant,%5BHyperX%5D%20Liquid%60Pegasus,0,1463667,1467,0.000555653825015634,Pro,base1 radiant
2242066,37,12,radiant,%5BHyperX%5D%20Liquid%60Pegasus,0,1467533,1468,0.000556032593812509,Pro,bottomlane radiant
2243533,38,14,radiant,%5BHyperX%5D%20Liquid%60Pegasus,0,1469000,1469,0.000556411362609384,Pro,bottomlane radiant
2244266,39,16,radiant,%5BHyperX%5D%20Liquid%60Pegasus,0,1469733,1470,0.000556790131406259,Pro,bottomlane radiant
2245400,38,19,radiant,%5BHyperX%5D%20Liquid%60Pegasus,0,1470867,1471,0.000557168900203134,Pro,jungle radiant
2246533,38,22,radiant,%5BHyperX%5D%20Liquid%60Pegasus,0,1472000,1472,0.000557547669000009,Pro,jungle radiant
2247466,36,24,radiant,%5BHyperX%5D%20Liquid%60Pegasus,0,1472933,1473,0.000557926437796884,Pro,jungle radiant
2248466,37,27,radiant,%5BHyperX%5D%20Liquid%60Pegasus,0,1473933,1474,0.000558305206593759,Pro,midlane radiant
2249200,39,28,radiant,%5BHyperX%5D%20Liquid%60Pegasus,0,1474667,1475,0.000558683975390634,Pro,midlane radiant
2250533,43,28,radiant,%5BHyperX%5D%20Liquid%60Pegasus,0,1476000,1476,0.000559062744187509,Pro,jungle radiant
2251266,45,29,radiant,%5BHyperX%5D%20Liquid%60Pegasus,0,1476733,1477,0.000559441512984384,Pro,jungle radiant
2252400,47,32,radiant,%5BHyperX%5D%20Liquid%60Pegasus,0,1477867,1478,0.000559820281781259,Pro,jungle radiant
2253266,49,34,radiant,%5BHyperX%5D%20Liquid%60Pegasus,0,1478733,1479,0.000560199050578134,Pro,void radiant
2254466,51,37,radiant,%5BHyperX%5D%20Liquid%60Pegasus,0,1479933,1480,0.000560577819375009,Pro,jungle radiant
2255200,53,38,radiant,%5BHyperX%5D%20Liquid%60Pegasus,0,1480667,1481,0.000560956588171884,Pro,jungle radiant
2256466,54,39,radiant,%5BHyperX%5D%20Liquid%60Pegasus,0,1481933,1482,0.000561335356968759,Pro,jungle radiant
2257066,55,41,radiant,%5BHyperX%5D%20Liquid%60Pegasus,0,1482533,1483,0.000561714125765634,Pro,jungle radiant
2258333,57,42,radiant,%5BHyperX%5D%20Liquid%60Pegasus,0,1483800,1484,0.000562092894562509,Pro,jungle radiant
2259266,60,41,radiant,%5BHyperX%5D%20Liquid%60Pegasus,0,1484733,1485,0.000562471663359384,Pro,jungle radiant
2260333,61,40,radiant,%5BHyperX%5D%20Liquid%60Pegasus,0,1485800,1486,0.000562850432156259,Pro,jungle radiant
2261200,59,41,radiant,%5BHyperX%5D%20Liquid%60Pegasus,0,1486667,1487,0.000563229200953134,Pro,jungle radiant
2262333,56,42,radiant,%5BHyperX%5D%20Liquid%60Pegasus,0,1487800,1488,0.000563607969750009,Pro,jungle radiant
2262333,56,42,radiant,%5BHyperX%5D%20Liquid%60Pegasus,0,1487800,1489,0.000563986738546884,Pro,jungle radiant
2262333,56,42,radiant,%5BHyperX%5D%20Liquid%60Pegasus,0,1487800,1490,0.000564365507343759,Pro,jungle radiant
2265533,62,38,radiant,%5BHyperX%5D%20Liquid%60Pegasus,0,1491000,1491,0.000564744276140634,Pro,jungle radiant
2266400,67,42,radiant,%5BHyperX%5D%20Liquid%60Pegasus,0,1491867,1492,0.000565123044937509,Pro,void radiant
2266400,67,42,radiant,%5BHyperX%5D%20Liquid%60Pegasus,0,1491867,1493,0.000565501813734384,Pro,void radiant
2266400,67,42,radiant,%5BHyperX%5D%20Liquid%60Pegasus,0,1491867,1494,0.000565880582531259,Pro,void radiant
2266400,67,42,radiant,%5BHyperX%5D%20Liquid%60Pegasus,0,1491867,1495,0.000566259351328134,Pro,void radiant
2266400,67,42,radiant,%5BHyperX%5D%20Liquid%60Pegasus,0,1491867,1496,0.000566638120125009,Pro,void radiant
2266400,67,42,radiant,%5BHyperX%5D%20Liquid%60Pegasus,0,1491867,1497,0.000567016888921884,Pro,void radiant
2266400,67,42,radiant,%5BHyperX%5D%20Liquid%60Pegasus,0,1491867,1498,0.000567395657718759,Pro,void radiant
2266400,67,42,radiant,%5BHyperX%5D%20Liquid%60Pegasus,0,1491867,1499,0.000567774426515634,Pro,void radiant
2266400,67,42,radiant,%5BHyperX%5D%20Liquid%60Pegasus,0,1491867,1500,0.000568153195312509,Pro,void radiant
2266400,67,42,radiant,%5BHyperX%5D%20Liquid%60Pegasus,0,1491867,1501,0.000568531964109384,Pro,void radiant
2266400,67,42,radiant,%5BHyperX%5D%20Liquid%60Pegasus,0,1491867,1502,0.000568910732906259,Pro,void radiant
2266400,67,42,radiant,%5BHyperX%5D%20Liquid%60Pegasus,0,1491867,1503,0.000569289501703134,Pro,void radiant
2266400,67,42,radiant,%5BHyperX%5D%20Liquid%60Pegasus,0,1491867,1504,0.000569668270500009,Pro,void radiant
2266400,67,42,radiant,%5BHyperX%5D%20Liquid%60Pegasus,0,1491867,1505,0.000570047039296884,Pro,void radiant
2280133,67,42,radiant,%5BHyperX%5D%20Liquid%60Pegasus,0,1505600,1506,0.000570425808093759,Pro,void radiant
2280133,67,42,radiant,%5BHyperX%5D%20Liquid%60Pegasus,0,1505600,1507,0.000570804576890634,Pro,void radiant
2280133,67,42,radiant,%5BHyperX%5D%20Liquid%60Pegasus,0,1505600,1508,0.000571183345687509,Pro,void radiant
2280133,67,42,radiant,%5BHyperX%5D%20Liquid%60Pegasus,0,1505600,1509,0.000571562114484384,Pro,void radiant
2280133,67,42,radiant,%5BHyperX%5D%20Liquid%60Pegasus,0,1505600,1510,0.000571940883281259,Pro,void radiant
2280133,67,42,radiant,%5BHyperX%5D%20Liquid%60Pegasus,0,1505600,1511,0.000572319652078134,Pro,void radiant
2280133,67,42,radiant,%5BHyperX%5D%20Liquid%60Pegasus,0,1505600,1512,0.000572698420875009,Pro,void radiant
2280133,67,42,radiant,%5BHyperX%5D%20Liquid%60Pegasus,0,1505600,1513,0.000573077189671884,Pro,void radiant
2280133,67,42,radiant,%5BHyperX%5D%20Liquid%60Pegasus,0,1505600,1514,0.000573455958468759,Pro,void radiant
2280133,67,42,radiant,%5BHyperX%5D%20Liquid%60Pegasus,0,1505600,1515,0.000573834727265634,Pro,void radiant
2280133,67,42,radiant,%5BHyperX%5D%20Liquid%60Pegasus,0,1505600,1516,0.000574213496062509,Pro,void radiant
2280133,67,42,radiant,%5BHyperX%5D%20Liquid%60Pegasus,0,1505600,1517,0.000574592264859384,Pro,void radiant
2280133,67,42,radiant,%5BHyperX%5D%20Liquid%60Pegasus,0,1505600,1518,0.000574971033656259,Pro,void radiant
2280133,67,42,radiant,%5BHyperX%5D%20Liquid%60Pegasus,0,1505600,1519,0.000575349802453134,Pro,void radiant
2280133,67,42,radiant,%5BHyperX%5D%20Liquid%60Pegasus,0,1505600,1520,0.000575728571250009,Pro,void radiant
2280133,67,42,radiant,%5BHyperX%5D%20Liquid%60Pegasus,0,1505600,1521,0.000576107340046884,Pro,void radiant
2280133,67,42,radiant,%5BHyperX%5D%20Liquid%60Pegasus,0,1505600,1522,0.000576486108843759,Pro,void radiant
2280133,67,42,radiant,%5BHyperX%5D%20Liquid%60Pegasus,0,1505600,1523,0.000576864877640634,Pro,void radiant
2280133,67,42,radiant,%5BHyperX%5D%20Liquid%60Pegasus,0,1505600,1524,0.000577243646437509,Pro,void radiant
2280133,67,42,radiant,%5BHyperX%5D%20Liquid%60Pegasus,0,1505600,1525,0.000577622415234384,Pro,void radiant
2280133,67,42,radiant,%5BHyperX%5D%20Liquid%60Pegasus,0,1505600,1526,0.000578001184031259,Pro,void radiant
2280133,67,42,radiant,%5BHyperX%5D%20Liquid%60Pegasus,0,1505600,1527,0.000578379952828134,Pro,void radiant
2280133,67,42,radiant,%5BHyperX%5D%20Liquid%60Pegasus,0,1505600,1528,0.000578758721625009,Pro,void radiant
2280133,67,42,radiant,%5BHyperX%5D%20Liquid%60Pegasus,0,1505600,1529,0.000579137490421884,Pro,void radiant
2280133,67,42,radiant,%5BHyperX%5D%20Liquid%60Pegasus,0,1505600,1530,0.000579516259218759,Pro,void radiant
2280133,67,42,radiant,%5BHyperX%5D%20Liquid%60Pegasus,0,1505600,1531,0.000579895028015634,Pro,void radiant
2280133,67,42,radiant,%5BHyperX%5D%20Liquid%60Pegasus,0,1505600,1532,0.000580273796812509,Pro,void radiant
2280133,67,42,radiant,%5BHyperX%5D%20Liquid%60Pegasus,0,1505600,1533,0.000580652565609384,Pro,void radiant
2280133,67,42,radiant,%5BHyperX%5D%20Liquid%60Pegasus,0,1505600,1534,0.000581031334406259,Pro,void radiant
2280133,67,42,radiant,%5BHyperX%5D%20Liquid%60Pegasus,0,1505600,1535,0.000581410103203134,Pro,void radiant
2280133,67,42,radiant,%5BHyperX%5D%20Liquid%60Pegasus,0,1505600,1536,0.000581788872000009,Pro,void radiant
2280133,67,42,radiant,%5BHyperX%5D%20Liquid%60Pegasus,0,1505600,1537,0.000582167640796884,Pro,void radiant
2280133,67,42,radiant,%5BHyperX%5D%20Liquid%60Pegasus,0,1505600,1538,0.000582546409593759,Pro,void radiant
2280133,67,42,radiant,%5BHyperX%5D%20Liquid%60Pegasus,0,1505600,1539,0.000582925178390634,Pro,void radiant
2280133,67,42,radiant,%5BHyperX%5D%20Liquid%60Pegasus,0,1505600,1540,0.000583303947187509,Pro,void radiant
2280133,67,42,radiant,%5BHyperX%5D%20Liquid%60Pegasus,0,1505600,1541,0.000583682715984384,Pro,void radiant
2280133,67,42,radiant,%5BHyperX%5D%20Liquid%60Pegasus,0,1505600,1542,0.000584061484781259,Pro,void radiant
2280133,67,42,radiant,%5BHyperX%5D%20Liquid%60Pegasus,0,1505600,1543,0.000584440253578134,Pro,void radiant
2280133,67,42,radiant,%5BHyperX%5D%20Liquid%60Pegasus,0,1505600,1544,0.000584819022375009,Pro,void radiant
2280133,67,42,radiant,%5BHyperX%5D%20Liquid%60Pegasus,0,1505600,1545,0.000585197791171884,Pro,void radiant
2280133,67,42,radiant,%5BHyperX%5D%20Liquid%60Pegasus,0,1505600,1546,0.000585576559968759,Pro,void radiant
2280133,67,42,radiant,%5BHyperX%5D%20Liquid%60Pegasus,0,1505600,1547,0.000585955328765634,Pro,void radiant
2280133,67,42,radiant,%5BHyperX%5D%20Liquid%60Pegasus,0,1505600,1548,0.000586334097562509,Pro,void radiant
2280133,67,42,radiant,%5BHyperX%5D%20Liquid%60Pegasus,0,1505600,1549,0.000586712866359384,Pro,void radiant
2324400,9,8,radiant,%5BHyperX%5D%20Liquid%60Pegasus,0,1549867,1550,0.000587091635156259,Pro,base1 radiant
2325533,11,10,radiant,%5BHyperX%5D%20Liquid%60Pegasus,0,1551000,1551,0.000587470403953134,Pro,base1 radiant
2326266,13,11,radiant,%5BHyperX%5D%20Liquid%60Pegasus,0,1551733,1552,0.000587849172750009,Pro,base1 radiant
2327533,16,11,radiant,%5BHyperX%5D%20Liquid%60Pegasus,0,1553000,1553,0.000588227941546884,Pro,base1 radiant
2327533,16,11,radiant,%5BHyperX%5D%20Liquid%60Pegasus,0,1553000,1554,0.000588606710343759,Pro,base1 radiant
2327533,16,11,radiant,%5BHyperX%5D%20Liquid%60Pegasus,0,1553000,1555,0.000588985479140634,Pro,base1 radiant
2330466,19,12,radiant,%5BHyperX%5D%20Liquid%60Pegasus,0,1555933,1556,0.000589364247937509,Pro,base1 radiant
2331533,21,14,radiant,%5BHyperX%5D%20Liquid%60Pegasus,0,1557000,1557,0.000589743016734384,Pro,base1 radiant
2332266,23,15,radiant,%5BHyperX%5D%20Liquid%60Pegasus,0,1557733,1558,0.000590121785531259,Pro,base1 radiant
2333533,24,18,radiant,%5BHyperX%5D%20Liquid%60Pegasus,0,1559000,1559,0.000590500554328134,Pro,base1 radiant
2334466,24,20,radiant,%5BHyperX%5D%20Liquid%60Pegasus,0,1559933,1560,0.000590879323125009,Pro,base1 radiant
2335400,22,21,radiant,%5BHyperX%5D%20Liquid%60Pegasus,0,1560867,1561,0.000591258091921884,Pro,base1 radiant
2336400,20,23,radiant,%5BHyperX%5D%20Liquid%60Pegasus,0,1561867,1562,0.000591636860718759,Pro,base1 radiant
2337400,18,25,radiant,%5BHyperX%5D%20Liquid%60Pegasus,0,1562867,1563,0.000592015629515634,Pro,base1 radiant
2337400,18,25,radiant,%5BHyperX%5D%20Liquid%60Pegasus,0,1562867,1564,0.000592394398312509,Pro,base1 radiant
2337400,18,25,radiant,%5BHyperX%5D%20Liquid%60Pegasus,0,1562867,1565,0.000592773167109384,Pro,base1 radiant
2340133,18,25,radiant,%5BHyperX%5D%20Liquid%60Pegasus,0,1565600,1566,0.000593151935906259,Pro,base1 radiant
2340133,18,25,radiant,%5BHyperX%5D%20Liquid%60Pegasus,0,1565600,1567,0.000593530704703134,Pro,base1 radiant
2342533,19,26,radiant,%5BHyperX%5D%20Liquid%60Pegasus,0,1568000,1568,0.000593909473500009,Pro,base1 radiant
2343533,19,26,radiant,%5BHyperX%5D%20Liquid%60Pegasus,0,1569000,1569,0.000594288242296884,Pro,base1 radiant
2344266,20,27,radiant,%5BHyperX%5D%20Liquid%60Pegasus,0,1569733,1570,0.000594667011093759,Pro,base1 radiant
2345400,19,27,radiant,%5BHyperX%5D%20Liquid%60Pegasus,0,1570867,1571,0.000595045779890634,Pro,base1 radiant
2346200,20,27,radiant,%5BHyperX%5D%20Liquid%60Pegasus,0,1571667,1572,0.000595424548687509,Pro,base1 radiant
2347333,18,28,radiant,%5BHyperX%5D%20Liquid%60Pegasus,0,1572800,1573,0.000595803317484384,Pro,base1 radiant
2348533,20,27,radiant,%5BHyperX%5D%20Liquid%60Pegasus,0,1574000,1574,0.000596182086281259,Pro,base1 radiant
2349533,25,26,radiant,%5BHyperX%5D%20Liquid%60Pegasus,0,1575000,1575,0.000596560855078134,Pro,base1 radiant
2350266,24,24,radiant,%5BHyperX%5D%20Liquid%60Pegasus,0,1575733,1576,0.000596939623875009,Pro,base1 radiant
2351533,25,25,radiant,%5BHyperX%5D%20Liquid%60Pegasus,0,1577000,1577,0.000597318392671884,Pro,base1 radiant
2352466,26,26,radiant,%5BHyperX%5D%20Liquid%60Pegasus,0,1577933,1578,0.000597697161468759,Pro,base1 radiant
2352933,27,27,radiant,%5BHyperX%5D%20Liquid%60Pegasus,0,1578400,1579,0.000598075930265634,Pro,base1 radiant
2352933,27,27,radiant,%5BHyperX%5D%20Liquid%60Pegasus,0,1578400,1580,0.000598454699062509,Pro,base1 radiant
2352933,27,27,radiant,%5BHyperX%5D%20Liquid%60Pegasus,0,1578400,1581,0.000598833467859384,Pro,base1 radiant
2352933,27,27,radiant,%5BHyperX%5D%20Liquid%60Pegasus,0,1578400,1582,0.000599212236656259,Pro,base1 radiant
2352933,27,27,radiant,%5BHyperX%5D%20Liquid%60Pegasus,0,1578400,1583,0.000599591005453134,Pro,base1 radiant
2352933,27,27,radiant,%5BHyperX%5D%20Liquid%60Pegasus,0,1578400,1584,0.000599969774250009,Pro,base1 radiant
2352933,27,27,radiant,%5BHyperX%5D%20Liquid%60Pegasus,0,1578400,1585,0.000600348543046884,Pro,base1 radiant
2360466,28,26,radiant,%5BHyperX%5D%20Liquid%60Pegasus,0,1585933,1586,0.000600727311843759,Pro,base1 radiant
2361533,29,23,radiant,%5BHyperX%5D%20Liquid%60Pegasus,0,1587000,1587,0.000601106080640634,Pro,base1 radiant
2362533,31,22,radiant,%5BHyperX%5D%20Liquid%60Pegasus,0,1588000,1588,0.000601484849437509,Pro,base1 radiant
2363400,33,20,radiant,%5BHyperX%5D%20Liquid%60Pegasus,0,1588867,1589,0.000601863618234384,Pro,base1 radiant
2364533,35,18,radiant,%5BHyperX%5D%20Liquid%60Pegasus,0,1590000,1590,0.000602242387031259,Pro,base1 radiant
2365533,36,15,radiant,%5BHyperX%5D%20Liquid%60Pegasus,0,1591000,1591,0.000602621155828134,Pro,base1 radiant
2366400,38,14,radiant,%5BHyperX%5D%20Liquid%60Pegasus,0,1591867,1592,0.000602999924625009,Pro,bottomlane radiant
2367266,40,13,radiant,%5BHyperX%5D%20Liquid%60Pegasus,0,1592733,1593,0.000603378693421884,Pro,bottomlane radiant
2368466,40,12,radiant,%5BHyperX%5D%20Liquid%60Pegasus,0,1593933,1594,0.000603757462218759,Pro,bottomlane radiant
2369266,38,13,radiant,%5BHyperX%5D%20Liquid%60Pegasus,0,1594733,1595,0.000604136231015634,Pro,bottomlane radiant
2370400,28,13,radiant,%5BHyperX%5D%20Liquid%60Pegasus,0,1595867,1596,0.000604514999812509,Pro,base1 radiant
2371533,25,12,radiant,%5BHyperX%5D%20Liquid%60Pegasus,0,1597000,1597,0.000604893768609384,Pro,base1 radiant
2372266,23,12,radiant,%5BHyperX%5D%20Liquid%60Pegasus,0,1597733,1598,0.000605272537406259,Pro,base1 radiant
2373400,20,12,radiant,%5BHyperX%5D%20Liquid%60Pegasus,0,1598867,1599,0.000605651306203134,Pro,base1 radiant
2374533,17,12,radiant,%5BHyperX%5D%20Liquid%60Pegasus,0,1600000,1600,0.000606030075000009,Pro,base1 radiant
2375266,15,12,radiant,%5BHyperX%5D%20Liquid%60Pegasus,0,1600733,1601,0.000606408843796884,Pro,base1 radiant
2376333,12,12,radiant,%5BHyperX%5D%20Liquid%60Pegasus,0,1601800,1602,0.000606787612593759,Pro,base1 radiant
2377400,9,11,radiant,%5BHyperX%5D%20Liquid%60Pegasus,0,1602867,1603,0.000607166381390634,Pro,base1 radiant
2378533,11,11,radiant,%5BHyperX%5D%20Liquid%60Pegasus,0,1604000,1604,0.000607545150187509,Pro,base1 radiant
2378666,11,12,radiant,%5BHyperX%5D%20Liquid%60Pegasus,0,1604133,1605,0.000607923918984384,Pro,base1 radiant
2380266,10,12,radiant,%5BHyperX%5D%20Liquid%60Pegasus,0,1605733,1606,0.000608302687781259,Pro,base1 radiant
2380266,10,12,radiant,%5BHyperX%5D%20Liquid%60Pegasus,0,1605733,1607,0.000608681456578134,Pro,base1 radiant
2380266,10,12,radiant,%5BHyperX%5D%20Liquid%60Pegasus,0,1605733,1608,0.000609060225375009,Pro,base1 radiant
2380266,10,12,radiant,%5BHyperX%5D%20Liquid%60Pegasus,0,1605733,1609,0.000609438994171884,Pro,base1 radiant
2380266,10,12,radiant,%5BHyperX%5D%20Liquid%60Pegasus,0,1605733,1610,0.000609817762968759,Pro,base1 radiant
2380266,10,12,radiant,%5BHyperX%5D%20Liquid%60Pegasus,0,1605733,1611,0.000610196531765635,Pro,base1 radiant
2386400,11,12,radiant,%5BHyperX%5D%20Liquid%60Pegasus,0,1611867,1612,0.00061057530056251,Pro,base1 radiant
2387533,17,21,radiant,%5BHyperX%5D%20Liquid%60Pegasus,0,1613000,1613,0.000610954069359385,Pro,base1 radiant
2388533,18,23,radiant,%5BHyperX%5D%20Liquid%60Pegasus,0,1614000,1614,0.00061133283815626,Pro,base1 radiant
2389066,20,24,radiant,%5BHyperX%5D%20Liquid%60Pegasus,0,1614533,1615,0.000611711606953135,Pro,base1 radiant
2390466,23,26,radiant,%5BHyperX%5D%20Liquid%60Pegasus,0,1615933,1616,0.00061209037575001,Pro,base1 radiant
2391466,25,28,radiant,%5BHyperX%5D%20Liquid%60Pegasus,0,1616933,1617,0.000612469144546885,Pro,base1 radiant
2392533,27,30,radiant,%5BHyperX%5D%20Liquid%60Pegasus,0,1618000,1618,0.00061284791334376,Pro,base1 radiant
2393333,28,32,radiant,%5BHyperX%5D%20Liquid%60Pegasus,0,1618800,1619,0.000613226682140635,Pro,base1 radiant
2394200,30,34,radiant,%5BHyperX%5D%20Liquid%60Pegasus,0,1619667,1620,0.00061360545093751,Pro,midlane radiant
2395200,32,36,radiant,%5BHyperX%5D%20Liquid%60Pegasus,0,1620667,1621,0.000613984219734385,Pro,midlane radiant
2396266,34,38,radiant,%5BHyperX%5D%20Liquid%60Pegasus,0,1621733,1622,0.00061436298853126,Pro,midlane radiant
2397400,36,40,radiant,%5BHyperX%5D%20Liquid%60Pegasus,0,1622867,1623,0.000614741757328135,Pro,midlane radiant
2398400,36,43,radiant,%5BHyperX%5D%20Liquid%60Pegasus,0,1623867,1624,0.00061512052612501,Pro,midlane radiant
2399533,37,46,radiant,%5BHyperX%5D%20Liquid%60Pegasus,0,1625000,1625,0.000615499294921885,Pro,jungle radiant
2400400,34,55,radiant,%5BHyperX%5D%20Liquid%60Pegasus,0,1625867,1626,0.00061587806371876,Pro,jungle radiant
2401266,33,57,radiant,%5BHyperX%5D%20Liquid%60Pegasus,0,1626733,1627,0.000616256832515635,Pro,jungle radiant
2402466,32,60,radiant,%5BHyperX%5D%20Liquid%60Pegasus,0,1627933,1628,0.00061663560131251,Pro,jungle radiant
2403266,31,62,radiant,%5BHyperX%5D%20Liquid%60Pegasus,0,1628733,1629,0.000617014370109385,Pro,jungle radiant
2404400,31,65,radiant,%5BHyperX%5D%20Liquid%60Pegasus,0,1629867,1630,0.00061739313890626,Pro,jungle radiant
2405266,32,67,radiant,%5BHyperX%5D%20Liquid%60Pegasus,0,1630733,1631,0.000617771907703135,Pro,jungle radiant
2406333,34,69,radiant,%5BHyperX%5D%20Liquid%60Pegasus,0,1631800,1632,0.00061815067650001,Pro,jungle radiant
2407266,35,71,radiant,%5BHyperX%5D%20Liquid%60Pegasus,0,1632733,1633,0.000618529445296885,Pro,jungle radiant
2408333,35,70,radiant,%5BHyperX%5D%20Liquid%60Pegasus,0,1633800,1634,0.00061890821409376,Pro,jungle radiant
2409466,33,69,radiant,%5BHyperX%5D%20Liquid%60Pegasus,0,1634933,1635,0.000619286982890635,Pro,jungle radiant
2410533,32,66,radiant,%5BHyperX%5D%20Liquid%60Pegasus,0,1636000,1636,0.00061966575168751,Pro,jungle radiant
2411466,30,64,radiant,%5BHyperX%5D%20Liquid%60Pegasus,0,1636933,1637,0.000620044520484385,Pro,jungle radiant
2412466,28,63,radiant,%5BHyperX%5D%20Liquid%60Pegasus,0,1637933,1638,0.00062042328928126,Pro,jungle radiant
2413533,25,63,radiant,%5BHyperX%5D%20Liquid%60Pegasus,0,1639000,1639,0.000620802058078135,Pro,jungle radiant
2414266,16,61,radiant,%5BHyperX%5D%20Liquid%60Pegasus,0,1639733,1640,0.00062118082687501,Pro,toplane radiant
2415000,14,61,radiant,%5BHyperX%5D%20Liquid%60Pegasus,0,1640467,1641,0.000621559595671885,Pro,toplane radiant
2416133,13,61,radiant,%5BHyperX%5D%20Liquid%60Pegasus,0,1641600,1642,0.00062193836446876,Pro,toplane radiant
2416133,13,61,radiant,%5BHyperX%5D%20Liquid%60Pegasus,0,1641600,1643,0.000622317133265635,Pro,toplane radiant
2416133,13,61,radiant,%5BHyperX%5D%20Liquid%60Pegasus,0,1641600,1644,0.00062269590206251,Pro,toplane radiant
2416133,13,61,radiant,%5BHyperX%5D%20Liquid%60Pegasus,0,1641600,1645,0.000623074670859385,Pro,toplane radiant
2420400,14,60,radiant,%5BHyperX%5D%20Liquid%60Pegasus,0,1645867,1646,0.00062345343965626,Pro,toplane radiant
2421200,14,58,radiant,%5BHyperX%5D%20Liquid%60Pegasus,0,1646667,1647,0.000623832208453135,Pro,toplane radiant
2422266,14,55,radiant,%5BHyperX%5D%20Liquid%60Pegasus,0,1647733,1648,0.00062421097725001,Pro,toplane radiant
2423333,14,52,radiant,%5BHyperX%5D%20Liquid%60Pegasus,0,1648800,1649,0.000624589746046885,Pro,toplane radiant
2424333,14,49,radiant,%5BHyperX%5D%20Liquid%60Pegasus,0,1649800,1650,0.00062496851484376,Pro,toplane radiant
2425466,14,46,radiant,%5BHyperX%5D%20Liquid%60Pegasus,0,1650933,1651,0.000625347283640635,Pro,toplane radiant
2426200,14,44,radiant,%5BHyperX%5D%20Liquid%60Pegasus,0,1651667,1652,0.00062572605243751,Pro,toplane radiant
2427266,16,42,radiant,%5BHyperX%5D%20Liquid%60Pegasus,0,1652733,1653,0.000626104821234385,Pro,toplane radiant
2428533,18,40,radiant,%5BHyperX%5D%20Liquid%60Pegasus,0,1654000,1654,0.00062648359003126,Pro,jungle radiant
2429400,21,39,radiant,%5BHyperX%5D%20Liquid%60Pegasus,0,1654867,1655,0.000626862358828135,Pro,jungle radiant
2430200,23,38,radiant,%5BHyperX%5D%20Liquid%60Pegasus,0,1655667,1656,0.00062724112762501,Pro,jungle radiant
2431333,28,30,radiant,%5BHyperX%5D%20Liquid%60Pegasus,0,1656800,1657,0.000627619896421885,Pro,base1 radiant
2432466,29,27,radiant,%5BHyperX%5D%20Liquid%60Pegasus,0,1657933,1658,0.00062799866521876,Pro,base1 radiant
2433266,30,25,radiant,%5BHyperX%5D%20Liquid%60Pegasus,0,1658733,1659,0.000628377434015635,Pro,base1 radiant
2434533,32,22,radiant,%5BHyperX%5D%20Liquid%60Pegasus,0,1660000,1660,0.00062875620281251,Pro,base1 radiant
2435333,33,20,radiant,%5BHyperX%5D%20Liquid%60Pegasus,0,1660800,1661,0.000629134971609385,Pro,base1 radiant
2436200,34,18,radiant,%5BHyperX%5D%20Liquid%60Pegasus,0,1661667,1662,0.00062951374040626,Pro,base1 radiant
2437533,36,15,radiant,%5BHyperX%5D%20Liquid%60Pegasus,0,1663000,1663,0.000629892509203135,Pro,base1 radiant
2438533,38,13,radiant,%5BHyperX%5D%20Liquid%60Pegasus,0,1664000,1664,0.00063027127800001,Pro,bottomlane radiant
2439200,42,12,radiant,%5BHyperX%5D%20Liquid%60Pegasus,0,1664667,1665,0.000630650046796885,Pro,bottomlane radiant
2439600,42,11,radiant,%5BHyperX%5D%20Liquid%60Pegasus,0,1665067,1666,0.00063102881559376,Pro,bottomlane radiant
2441200,40,12,radiant,%5BHyperX%5D%20Liquid%60Pegasus,0,1666667,1667,0.000631407584390635,Pro,bottomlane radiant
2441200,40,12,radiant,%5BHyperX%5D%20Liquid%60Pegasus,0,1666667,1668,0.00063178635318751,Pro,bottomlane radiant
2443466,41,12,radiant,%5BHyperX%5D%20Liquid%60Pegasus,0,1668933,1669,0.000632165121984385,Pro,bottomlane radiant
2444400,43,13,radiant,%5BHyperX%5D%20Liquid%60Pegasus,0,1669867,1670,0.00063254389078126,Pro,bottomlane radiant
2445533,44,15,radiant,%5BHyperX%5D%20Liquid%60Pegasus,0,1671000,1671,0.000632922659578135,Pro,bottomlane radiant
2446533,47,21,radiant,%5BHyperX%5D%20Liquid%60Pegasus,0,1672000,1672,0.00063330142837501,Pro,void radiant
2446733,48,21,radiant,%5BHyperX%5D%20Liquid%60Pegasus,0,1672200,1673,0.000633680197171885,Pro,void radiant
2448533,47,21,radiant,%5BHyperX%5D%20Liquid%60Pegasus,0,1674000,1674,0.00063405896596876,Pro,void radiant
2449333,47,19,radiant,%5BHyperX%5D%20Liquid%60Pegasus,0,1674800,1675,0.000634437734765635,Pro,void radiant
2450466,47,16,radiant,%5BHyperX%5D%20Liquid%60Pegasus,0,1675933,1676,0.00063481650356251,Pro,jungle radiant
2451333,49,14,radiant,%5BHyperX%5D%20Liquid%60Pegasus,0,1676800,1677,0.000635195272359385,Pro,bottomlane radiant
2451333,49,14,radiant,%5BHyperX%5D%20Liquid%60Pegasus,0,1676800,1678,0.00063557404115626,Pro,bottomlane radiant
2451333,49,14,radiant,%5BHyperX%5D%20Liquid%60Pegasus,0,1676800,1679,0.000635952809953135,Pro,bottomlane radiant
2451333,49,14,radiant,%5BHyperX%5D%20Liquid%60Pegasus,0,1676800,1680,0.00063633157875001,Pro,bottomlane radiant
2455400,9,8,radiant,%5BHyperX%5D%20Liquid%60Pegasus,0,1680867,1681,0.000636710347546885,Pro,base1 radiant
2456400,10,10,radiant,%5BHyperX%5D%20Liquid%60Pegasus,0,1681867,1682,0.00063708911634376,Pro,base1 radiant
2457533,11,13,radiant,%5BHyperX%5D%20Liquid%60Pegasus,0,1683000,1683,0.000637467885140635,Pro,base1 radiant
2458400,11,15,radiant,%5BHyperX%5D%20Liquid%60Pegasus,0,1683867,1684,0.00063784665393751,Pro,base1 radiant
2459400,11,18,radiant,%5BHyperX%5D%20Liquid%60Pegasus,0,1684867,1685,0.000638225422734385,Pro,base1 radiant
2460400,9,20,radiant,%5BHyperX%5D%20Liquid%60Pegasus,0,1685867,1686,0.00063860419153126,Pro,void radiant
2461133,8,22,radiant,%5BHyperX%5D%20Liquid%60Pegasus,0,1686600,1687,0.000638982960328135,Pro,void radiant
2462266,8,24,radiant,%5BHyperX%5D%20Liquid%60Pegasus,0,1687733,1688,0.00063936172912501,Pro,void radiant
2462266,8,24,radiant,%5BHyperX%5D%20Liquid%60Pegasus,0,1687733,1689,0.000639740497921885,Pro,void radiant
2462266,8,24,radiant,%5BHyperX%5D%20Liquid%60Pegasus,0,1687733,1690,0.00064011926671876,Pro,void radiant
2462266,8,24,radiant,%5BHyperX%5D%20Liquid%60Pegasus,0,1687733,1691,0.000640498035515635,Pro,void radiant
2462266,8,24,radiant,%5BHyperX%5D%20Liquid%60Pegasus,0,1687733,1692,0.00064087680431251,Pro,void radiant
2462266,8,24,radiant,%5BHyperX%5D%20Liquid%60Pegasus,0,1687733,1693,0.000641255573109385,Pro,void radiant
2462266,8,24,radiant,%5BHyperX%5D%20Liquid%60Pegasus,0,1687733,1694,0.00064163434190626,Pro,void radiant
2462266,8,24,radiant,%5BHyperX%5D%20Liquid%60Pegasus,0,1687733,1695,0.000642013110703135,Pro,void radiant
2470266,7,23,radiant,%5BHyperX%5D%20Liquid%60Pegasus,0,1695733,1696,0.00064239187950001,Pro,void radiant
2470600,4,31,radiant,%5BHyperX%5D%20Liquid%60Pegasus,0,1696067,1697,0.000642770648296885,Pro,void radiant
2470600,4,31,radiant,%5BHyperX%5D%20Liquid%60Pegasus,0,1696067,1698,0.00064314941709376,Pro,void radiant
2473466,4,31,radiant,%5BHyperX%5D%20Liquid%60Pegasus,0,1698933,1699,0.000643528185890635,Pro,void radiant
2473466,4,31,radiant,%5BHyperX%5D%20Liquid%60Pegasus,0,1698933,1700,0.00064390695468751,Pro,void radiant
2475400,4,35,radiant,%5BHyperX%5D%20Liquid%60Pegasus,0,1700867,1701,0.000644285723484385,Pro,void radiant
2475733,5,35,radiant,%5BHyperX%5D%20Liquid%60Pegasus,0,1701200,1702,0.00064466449228126,Pro,void radiant
2476866,4,35,radiant,%5BHyperX%5D%20Liquid%60Pegasus,0,1702333,1703,0.000645043261078135,Pro,void radiant
2476866,4,35,radiant,%5BHyperX%5D%20Liquid%60Pegasus,0,1702333,1704,0.00064542202987501,Pro,void radiant
2476866,4,35,radiant,%5BHyperX%5D%20Liquid%60Pegasus,0,1702333,1705,0.000645800798671885,Pro,void radiant
2480533,5,35,radiant,%5BHyperX%5D%20Liquid%60Pegasus,0,1706000,1706,0.00064617956746876,Pro,void radiant
2480533,5,35,radiant,%5BHyperX%5D%20Liquid%60Pegasus,0,1706000,1707,0.000646558336265635,Pro,void radiant
2481866,4,35,radiant,%5BHyperX%5D%20Liquid%60Pegasus,0,1707333,1708,0.00064693710506251,Pro,void radiant
2481866,4,35,radiant,%5BHyperX%5D%20Liquid%60Pegasus,0,1707333,1709,0.000647315873859385,Pro,void radiant
2481866,4,35,radiant,%5BHyperX%5D%20Liquid%60Pegasus,0,1707333,1710,0.00064769464265626,Pro,void radiant
2485266,8,30,radiant,%5BHyperX%5D%20Liquid%60Pegasus,0,1710733,1711,0.000648073411453135,Pro,base1 radiant
2486400,8,28,radiant,%5BHyperX%5D%20Liquid%60Pegasus,0,1711867,1712,0.00064845218025001,Pro,base1 radiant
2487133,9,26,radiant,%5BHyperX%5D%20Liquid%60Pegasus,0,1712600,1713,0.000648830949046885,Pro,base1 radiant
2487600,9,25,radiant,%5BHyperX%5D%20Liquid%60Pegasus,0,1713067,1714,0.00064920971784376,Pro,base1 radiant
2487600,9,25,radiant,%5BHyperX%5D%20Liquid%60Pegasus,0,1713067,1715,0.000649588486640635,Pro,base1 radiant
2490200,10,24,radiant,%5BHyperX%5D%20Liquid%60Pegasus,0,1715667,1716,0.00064996725543751,Pro,base1 radiant
2491333,12,22,radiant,%5BHyperX%5D%20Liquid%60Pegasus,0,1716800,1717,0.000650346024234385,Pro,base1 radiant
2492533,15,21,radiant,%5BHyperX%5D%20Liquid%60Pegasus,0,1718000,1718,0.00065072479303126,Pro,base1 radiant
2493466,17,22,radiant,%5BHyperX%5D%20Liquid%60Pegasus,0,1718933,1719,0.000651103561828135,Pro,base1 radiant
2494466,21,26,radiant,%5BHyperX%5D%20Liquid%60Pegasus,0,1719933,1720,0.00065148233062501,Pro,base1 radiant
2494466,21,26,radiant,%5BHyperX%5D%20Liquid%60Pegasus,0,1719933,1721,0.000651861099421885,Pro,base1 radiant
2494466,21,26,radiant,%5BHyperX%5D%20Liquid%60Pegasus,0,1719933,1722,0.00065223986821876,Pro,base1 radiant
2494466,21,26,radiant,%5BHyperX%5D%20Liquid%60Pegasus,0,1719933,1723,0.000652618637015635,Pro,base1 radiant
2494466,21,26,radiant,%5BHyperX%5D%20Liquid%60Pegasus,0,1719933,1724,0.00065299740581251,Pro,base1 radiant
2494466,21,26,radiant,%5BHyperX%5D%20Liquid%60Pegasus,0,1719933,1725,0.000653376174609385,Pro,base1 radiant
2494466,21,26,radiant,%5BHyperX%5D%20Liquid%60Pegasus,0,1719933,1726,0.00065375494340626,Pro,base1 radiant
2501533,19,24,radiant,%5BHyperX%5D%20Liquid%60Pegasus,0,1727000,1727,0.000654133712203135,Pro,base1 radiant
2502200,14,16,radiant,%5BHyperX%5D%20Liquid%60Pegasus,0,1727667,1728,0.00065451248100001,Pro,base1 radiant
2503266,12,14,radiant,%5BHyperX%5D%20Liquid%60Pegasus,0,1728733,1729,0.000654891249796885,Pro,base1 radiant
2504266,10,12,radiant,%5BHyperX%5D%20Liquid%60Pegasus,0,1729733,1730,0.00065527001859376,Pro,base1 radiant
2505533,10,13,radiant,%5BHyperX%5D%20Liquid%60Pegasus,0,1731000,1731,0.000655648787390635,Pro,base1 radiant
2506466,12,13,radiant,%5BHyperX%5D%20Liquid%60Pegasus,0,1731933,1732,0.00065602755618751,Pro,base1 radiant
2507466,15,13,radiant,%5BHyperX%5D%20Liquid%60Pegasus,0,1732933,1733,0.000656406324984385,Pro,base1 radiant
2508200,17,12,radiant,%5BHyperX%5D%20Liquid%60Pegasus,0,1733667,1734,0.00065678509378126,Pro,base1 radiant
2509333,20,11,radiant,%5BHyperX%5D%20Liquid%60Pegasus,0,1734800,1735,0.000657163862578135,Pro,base1 radiant
2510533,23,10,radiant,%5BHyperX%5D%20Liquid%60Pegasus,0,1736000,1736,0.00065754263137501,Pro,base1 radiant
2511266,25,11,radiant,%5BHyperX%5D%20Liquid%60Pegasus,0,1736733,1737,0.000657921400171885,Pro,base1 radiant
2512466,28,12,radiant,%5BHyperX%5D%20Liquid%60Pegasus,0,1737933,1738,0.00065830016896876,Pro,base1 radiant
2513466,31,12,radiant,%5BHyperX%5D%20Liquid%60Pegasus,0,1738933,1739,0.000658678937765635,Pro,base1 radiant
2514266,33,13,radiant,%5BHyperX%5D%20Liquid%60Pegasus,0,1739733,1740,0.00065905770656251,Pro,base1 radiant
2515400,36,13,radiant,%5BHyperX%5D%20Liquid%60Pegasus,0,1740867,1741,0.000659436475359385,Pro,base1 radiant
2516400,37,14,radiant,%5BHyperX%5D%20Liquid%60Pegasus,0,1741867,1742,0.00065981524415626,Pro,bottomlane radiant
2517466,39,12,radiant,%5BHyperX%5D%20Liquid%60Pegasus,0,1742933,1743,0.000660194012953135,Pro,bottomlane radiant
2518200,41,11,radiant,%5BHyperX%5D%20Liquid%60Pegasus,0,1743667,1744,0.00066057278175001,Pro,bottomlane radiant
2519333,42,11,radiant,%5BHyperX%5D%20Liquid%60Pegasus,0,1744800,1745,0.000660951550546885,Pro,bottomlane radiant
2520466,43,11,radiant,%5BHyperX%5D%20Liquid%60Pegasus,0,1745933,1746,0.00066133031934376,Pro,bottomlane radiant
2520866,44,11,radiant,%5BHyperX%5D%20Liquid%60Pegasus,0,1746333,1747,0.000661709088140635,Pro,bottomlane radiant
2522200,44,11,radiant,%5BHyperX%5D%20Liquid%60Pegasus,0,1747667,1748,0.00066208785693751,Pro,bottomlane radiant
2523533,43,12,radiant,%5BHyperX%5D%20Liquid%60Pegasus,0,1749000,1749,0.000662466625734385,Pro,bottomlane radiant
2524400,46,12,radiant,%5BHyperX%5D%20Liquid%60Pegasus,0,1749867,1750,0.00066284539453126,Pro,bottomlane radiant
2525466,52,11,radiant,%5BHyperX%5D%20Liquid%60Pegasus,0,1750933,1751,0.000663224163328135,Pro,bottomlane radiant
2525466,52,11,radiant,%5BHyperX%5D%20Liquid%60Pegasus,0,1750933,1752,0.00066360293212501,Pro,bottomlane radiant
2527200,51,10,radiant,%5BHyperX%5D%20Liquid%60Pegasus,0,1752667,1753,0.000663981700921885,Pro,bottomlane radiant
2528466,53,10,radiant,%5BHyperX%5D%20Liquid%60Pegasus,0,1753933,1754,0.00066436046971876,Pro,bottomlane radiant
2529533,56,10,radiant,%5BHyperX%5D%20Liquid%60Pegasus,0,1755000,1755,0.000664739238515635,Pro,bottomlane radiant
2530266,65,10,radiant,%5BHyperX%5D%20Liquid%60Pegasus,0,1755733,1756,0.00066511800731251,Pro,bottomlane radiant
2531333,68,10,radiant,%5BHyperX%5D%20Liquid%60Pegasus,0,1756800,1757,0.000665496776109385,Pro,bottomlane radiant
2532466,71,10,radiant,%5BHyperX%5D%20Liquid%60Pegasus,0,1757933,1758,0.00066587554490626,Pro,bottomlane radiant
2533533,74,10,radiant,%5BHyperX%5D%20Liquid%60Pegasus,0,1759000,1759,0.000666254313703135,Pro,bottomlane radiant
2534266,76,10,radiant,%5BHyperX%5D%20Liquid%60Pegasus,0,1759733,1760,0.00066663308250001,Pro,bottomlane radiant
2535400,79,10,radiant,%5BHyperX%5D%20Liquid%60Pegasus,0,1760867,1761,0.000667011851296885,Pro,bottomlane radiant
2536466,82,10,radiant,%5BHyperX%5D%20Liquid%60Pegasus,0,1761933,1762,0.00066739062009376,Pro,bottomlane radiant
2537533,85,11,radiant,%5BHyperX%5D%20Liquid%60Pegasus,0,1763000,1763,0.000667769388890635,Pro,bottomlane radiant
2538266,87,11,radiant,%5BHyperX%5D%20Liquid%60Pegasus,0,1763733,1764,0.00066814815768751,Pro,bottomlane radiant
2539400,89,12,radiant,%5BHyperX%5D%20Liquid%60Pegasus,0,1764867,1765,0.000668526926484385,Pro,bottomlane radiant
2540400,91,14,radiant,%5BHyperX%5D%20Liquid%60Pegasus,0,1765867,1766,0.00066890569528126,Pro,bottomlane radiant
2541066,90,13,radiant,%5BHyperX%5D%20Liquid%60Pegasus,0,1766533,1767,0.000669284464078135,Pro,bottomlane radiant
2542066,91,12,radiant,%5BHyperX%5D%20Liquid%60Pegasus,0,1767533,1768,0.00066966323287501,Pro,bottomlane radiant
2542066,91,12,radiant,%5BHyperX%5D%20Liquid%60Pegasus,0,1767533,1769,0.000670042001671885,Pro,bottomlane radiant
2543800,92,12,radiant,%5BHyperX%5D%20Liquid%60Pegasus,0,1769267,1770,0.00067042077046876,Pro,bottomlane radiant
2545533,94,12,radiant,%5BHyperX%5D%20Liquid%60Pegasus,0,1771000,1771,0.000670799539265635,Pro,bottomlane radiant
2546266,96,11,radiant,%5BHyperX%5D%20Liquid%60Pegasus,0,1771733,1772,0.000671178308062511,Pro,bottomlane radiant
2547400,99,10,radiant,%5BHyperX%5D%20Liquid%60Pegasus,0,1772867,1773,0.000671557076859386,Pro,bottomlane radiant
2548133,99,8,radiant,%5BHyperX%5D%20Liquid%60Pegasus,0,1773600,1774,0.000671935845656261,Pro,bottomlane radiant
2549200,101,7,radiant,%5BHyperX%5D%20Liquid%60Pegasus,0,1774667,1775,0.000672314614453136,Pro,bottomlane radiant
2550133,110,7,radiant,%5BHyperX%5D%20Liquid%60Pegasus,0,1775600,1776,0.000672693383250011,Pro,void radiant
2550133,110,7,radiant,%5BHyperX%5D%20Liquid%60Pegasus,0,1775600,1777,0.000673072152046886,Pro,void radiant
2550133,110,7,radiant,%5BHyperX%5D%20Liquid%60Pegasus,0,1775600,1778,0.000673450920843761,Pro,void radiant
2552800,114,9,radiant,%5BHyperX%5D%20Liquid%60Pegasus,0,1778267,1779,0.000673829689640636,Pro,void radiant
2552800,114,9,radiant,%5BHyperX%5D%20Liquid%60Pegasus,0,1778267,1780,0.000674208458437511,Pro,void radiant
2552800,114,9,radiant,%5BHyperX%5D%20Liquid%60Pegasus,0,1778267,1781,0.000674587227234386,Pro,void radiant
2556066,7,7,radiant,%5BHyperX%5D%20Liquid%60Pegasus,0,1781533,1782,0.000674965996031261,Pro,base1 radiant
2557400,9,8,radiant,%5BHyperX%5D%20Liquid%60Pegasus,0,1782867,1783,0.000675344764828136,Pro,base1 radiant
2558333,11,10,radiant,%5BHyperX%5D%20Liquid%60Pegasus,0,1783800,1784,0.000675723533625011,Pro,base1 radiant
2558666,12,10,radiant,%5BHyperX%5D%20Liquid%60Pegasus,0,1784133,1785,0.000676102302421886,Pro,base1 radiant
2558666,12,10,radiant,%5BHyperX%5D%20Liquid%60Pegasus,0,1784133,1786,0.000676481071218761,Pro,base1 radiant
2558666,12,10,radiant,%5BHyperX%5D%20Liquid%60Pegasus,0,1784133,1787,0.000676859840015636,Pro,base1 radiant
2562466,14,11,radiant,%5BHyperX%5D%20Liquid%60Pegasus,0,1787933,1788,0.000677238608812511,Pro,base1 radiant
2563533,17,12,radiant,%5BHyperX%5D%20Liquid%60Pegasus,0,1789000,1789,0.000677617377609386,Pro,base1 radiant
2564333,19,13,radiant,%5BHyperX%5D%20Liquid%60Pegasus,0,1789800,1790,0.000677996146406261,Pro,base1 radiant
2565533,21,16,radiant,%5BHyperX%5D%20Liquid%60Pegasus,0,1791000,1791,0.000678374915203136,Pro,base1 radiant
2566466,22,18,radiant,%5BHyperX%5D%20Liquid%60Pegasus,0,1791933,1792,0.000678753684000011,Pro,base1 radiant
2567533,25,18,radiant,%5BHyperX%5D%20Liquid%60Pegasus,0,1793000,1793,0.000679132452796886,Pro,base1 radiant
2568266,27,18,radiant,%5BHyperX%5D%20Liquid%60Pegasus,0,1793733,1794,0.000679511221593761,Pro,base1 radiant
2569400,30,17,radiant,%5BHyperX%5D%20Liquid%60Pegasus,0,1794867,1795,0.000679889990390636,Pro,base1 radiant
2570533,30,17,radiant,%5BHyperX%5D%20Liquid%60Pegasus,0,1796000,1796,0.000680268759187511,Pro,base1 radiant
2571533,28,17,radiant,%5BHyperX%5D%20Liquid%60Pegasus,0,1797000,1797,0.000680647527984386,Pro,base1 radiant
2572266,28,19,radiant,%5BHyperX%5D%20Liquid%60Pegasus,0,1797733,1798,0.000681026296781261,Pro,base1 radiant
2573333,29,22,radiant,%5BHyperX%5D%20Liquid%60Pegasus,0,1798800,1799,0.000681405065578136,Pro,base1 radiant
2573666,29,23,radiant,%5BHyperX%5D%20Liquid%60Pegasus,0,1799133,1800,0.000681783834375011,Pro,base1 radiant
2575333,31,23,radiant,%5BHyperX%5D%20Liquid%60Pegasus,0,1800800,1801,0.000682162603171886,Pro,base1 radiant
2576533,33,21,radiant,%5BHyperX%5D%20Liquid%60Pegasus,0,1802000,1802,0.000682541371968761,Pro,base1 radiant
2577400,33,18,radiant,%5BHyperX%5D%20Liquid%60Pegasus,0,1802867,1803,0.000682920140765636,Pro,base1 radiant
2578533,34,15,radiant,%5BHyperX%5D%20Liquid%60Pegasus,0,1804000,1804,0.000683298909562511,Pro,base1 radiant
2579266,34,13,radiant,%5BHyperX%5D%20Liquid%60Pegasus,0,1804733,1805,0.000683677678359386,Pro,base1 radiant
2580333,35,10,radiant,%5BHyperX%5D%20Liquid%60Pegasus,0,1805800,1806,0.000684056447156261,Pro,base1 radiant
2581400,35,4,radiant,%5BHyperX%5D%20Liquid%60Pegasus,0,1806867,1807,0.000684435215953136,Pro,void radiant
2581400,35,4,radiant,%5BHyperX%5D%20Liquid%60Pegasus,0,1806867,1808,0.000684813984750011,Pro,void radiant
2581400,35,4,radiant,%5BHyperX%5D%20Liquid%60Pegasus,0,1806867,1809,0.000685192753546886,Pro,void radiant
2581400,35,4,radiant,%5BHyperX%5D%20Liquid%60Pegasus,0,1806867,1810,0.000685571522343761,Pro,void radiant
2581400,35,4,radiant,%5BHyperX%5D%20Liquid%60Pegasus,0,1806867,1811,0.000685950291140636,Pro,void radiant
2581400,35,4,radiant,%5BHyperX%5D%20Liquid%60Pegasus,0,1806867,1812,0.000686329059937511,Pro,void radiant
2581400,35,4,radiant,%5BHyperX%5D%20Liquid%60Pegasus,0,1806867,1813,0.000686707828734386,Pro,void radiant
2581400,35,4,radiant,%5BHyperX%5D%20Liquid%60Pegasus,0,1806867,1814,0.000687086597531261,Pro,void radiant
2581400,35,4,radiant,%5BHyperX%5D%20Liquid%60Pegasus,0,1806867,1815,0.000687465366328136,Pro,void radiant
2581400,35,4,radiant,%5BHyperX%5D%20Liquid%60Pegasus,0,1806867,1816,0.000687844135125011,Pro,void radiant
2581400,35,4,radiant,%5BHyperX%5D%20Liquid%60Pegasus,0,1806867,1817,0.000688222903921886,Pro,void radiant
2581400,35,4,radiant,%5BHyperX%5D%20Liquid%60Pegasus,0,1806867,1818,0.000688601672718761,Pro,void radiant
2581400,35,4,radiant,%5BHyperX%5D%20Liquid%60Pegasus,0,1806867,1819,0.000688980441515636,Pro,void radiant
2581400,35,4,radiant,%5BHyperX%5D%20Liquid%60Pegasus,0,1806867,1820,0.000689359210312511,Pro,void radiant
2581400,35,4,radiant,%5BHyperX%5D%20Liquid%60Pegasus,0,1806867,1821,0.000689737979109386,Pro,void radiant
2581400,35,4,radiant,%5BHyperX%5D%20Liquid%60Pegasus,0,1806867,1822,0.000690116747906261,Pro,void radiant
2581400,35,4,radiant,%5BHyperX%5D%20Liquid%60Pegasus,0,1806867,1823,0.000690495516703136,Pro,void radiant
2581400,35,4,radiant,%5BHyperX%5D%20Liquid%60Pegasus,0,1806867,1824,0.000690874285500011,Pro,void radiant
2581400,35,4,radiant,%5BHyperX%5D%20Liquid%60Pegasus,0,1806867,1825,0.000691253054296886,Pro,void radiant
2581400,35,4,radiant,%5BHyperX%5D%20Liquid%60Pegasus,0,1806867,1826,0.000691631823093761,Pro,void radiant
2581400,35,4,radiant,%5BHyperX%5D%20Liquid%60Pegasus,0,1806867,1827,0.000692010591890636,Pro,void radiant
2581400,35,4,radiant,%5BHyperX%5D%20Liquid%60Pegasus,0,1806867,1828,0.000692389360687511,Pro,void radiant
2603133,39,8,radiant,%5BHyperX%5D%20Liquid%60Pegasus,0,1828600,1829,0.000692768129484386,Pro,bottomlane radiant
2604200,41,9,radiant,%5BHyperX%5D%20Liquid%60Pegasus,0,1829667,1830,0.000693146898281261,Pro,bottomlane radiant
2605266,41,15,radiant,%5BHyperX%5D%20Liquid%60Pegasus,0,1830733,1831,0.000693525667078136,Pro,bottomlane radiant
2606466,40,18,radiant,%5BHyperX%5D%20Liquid%60Pegasus,0,1831933,1832,0.000693904435875011,Pro,jungle radiant
2607533,39,21,radiant,%5BHyperX%5D%20Liquid%60Pegasus,0,1833000,1833,0.000694283204671886,Pro,jungle radiant
2608333,38,23,radiant,%5BHyperX%5D%20Liquid%60Pegasus,0,1833800,1834,0.000694661973468761,Pro,jungle radiant
2609400,36,25,radiant,%5BHyperX%5D%20Liquid%60Pegasus,0,1834867,1835,0.000695040742265636,Pro,midlane radiant
2609600,36,26,radiant,%5BHyperX%5D%20Liquid%60Pegasus,0,1835067,1836,0.000695419511062511,Pro,midlane radiant
2611400,34,28,radiant,%5BHyperX%5D%20Liquid%60Pegasus,0,1836867,1837,0.000695798279859386,Pro,midlane radiant
2612200,32,28,radiant,%5BHyperX%5D%20Liquid%60Pegasus,0,1837667,1838,0.000696177048656261,Pro,midlane radiant
2613333,29,28,radiant,%5BHyperX%5D%20Liquid%60Pegasus,0,1838800,1839,0.000696555817453136,Pro,base1 radiant
2614200,27,27,radiant,%5BHyperX%5D%20Liquid%60Pegasus,0,1839667,1840,0.000696934586250011,Pro,base1 radiant
2615400,27,28,radiant,%5BHyperX%5D%20Liquid%60Pegasus,0,1840867,1841,0.000697313355046886,Pro,base1 radiant
2616466,35,34,radiant,%5BHyperX%5D%20Liquid%60Pegasus,0,1841933,1842,0.000697692123843761,Pro,midlane radiant
2617400,37,36,radiant,%5BHyperX%5D%20Liquid%60Pegasus,0,1842867,1843,0.000698070892640636,Pro,midlane radiant
2618466,39,38,radiant,%5BHyperX%5D%20Liquid%60Pegasus,0,1843933,1844,0.000698449661437511,Pro,midlane radiant
2619466,41,40,radiant,%5BHyperX%5D%20Liquid%60Pegasus,0,1844933,1845,0.000698828430234386,Pro,midlane radiant
2620333,43,41,radiant,%5BHyperX%5D%20Liquid%60Pegasus,0,1845800,1846,0.000699207199031261,Pro,midlane radiant
2621200,47,46,radiant,%5BHyperX%5D%20Liquid%60Pegasus,0,1846667,1847,0.000699585967828136,Pro,midlane radiant
2622200,46,46,radiant,%5BHyperX%5D%20Liquid%60Pegasus,0,1847667,1848,0.000699964736625011,Pro,midlane radiant
2623400,46,45,radiant,%5BHyperX%5D%20Liquid%60Pegasus,0,1848867,1849,0.000700343505421886,Pro,midlane radiant
2623400,46,45,radiant,%5BHyperX%5D%20Liquid%60Pegasus,0,1848867,1850,0.000700722274218761,Pro,midlane radiant
2623400,46,45,radiant,%5BHyperX%5D%20Liquid%60Pegasus,0,1848867,1851,0.000701101043015636,Pro,midlane radiant
2623400,46,45,radiant,%5BHyperX%5D%20Liquid%60Pegasus,0,1848867,1852,0.000701479811812511,Pro,midlane radiant
2623400,46,45,radiant,%5BHyperX%5D%20Liquid%60Pegasus,0,1848867,1853,0.000701858580609386,Pro,midlane radiant
2623400,46,45,radiant,%5BHyperX%5D%20Liquid%60Pegasus,0,1848867,1854,0.000702237349406261,Pro,midlane radiant
2623400,46,45,radiant,%5BHyperX%5D%20Liquid%60Pegasus,0,1848867,1855,0.000702616118203136,Pro,midlane radiant
2623400,46,45,radiant,%5BHyperX%5D%20Liquid%60Pegasus,0,1848867,1856,0.000702994887000011,Pro,midlane radiant
2623400,46,45,radiant,%5BHyperX%5D%20Liquid%60Pegasus,0,1848867,1857,0.000703373655796886,Pro,midlane radiant
2623400,46,45,radiant,%5BHyperX%5D%20Liquid%60Pegasus,0,1848867,1858,0.000703752424593761,Pro,midlane radiant
2623400,46,45,radiant,%5BHyperX%5D%20Liquid%60Pegasus,0,1848867,1859,0.000704131193390636,Pro,midlane radiant
2623400,46,45,radiant,%5BHyperX%5D%20Liquid%60Pegasus,0,1848867,1860,0.000704509962187511,Pro,midlane radiant
2623400,46,45,radiant,%5BHyperX%5D%20Liquid%60Pegasus,0,1848867,1861,0.000704888730984386,Pro,midlane radiant
2623400,46,45,radiant,%5BHyperX%5D%20Liquid%60Pegasus,0,1848867,1862,0.000705267499781261,Pro,midlane radiant
2623400,46,45,radiant,%5BHyperX%5D%20Liquid%60Pegasus,0,1848867,1863,0.000705646268578136,Pro,midlane radiant
2623400,46,45,radiant,%5BHyperX%5D%20Liquid%60Pegasus,0,1848867,1864,0.000706025037375011,Pro,midlane radiant
2623400,46,45,radiant,%5BHyperX%5D%20Liquid%60Pegasus,0,1848867,1865,0.000706403806171886,Pro,midlane radiant
2640133,46,45,radiant,%5BHyperX%5D%20Liquid%60Pegasus,0,1865600,1866,0.000706782574968761,Pro,midlane radiant
775466,16,12,radiant,%5BHyperX%5D%20Liquid%60TC,0,933,0,0,Pro,base1 radiant
775466,16,12,radiant,%5BHyperX%5D%20Liquid%60TC,0,933,1,3.78768796875006e-07,Pro,base1 radiant
776533,19,13,radiant,%5BHyperX%5D%20Liquid%60TC,0,2000,2,7.57537593750012e-07,Pro,base1 radiant
777400,21,13,radiant,%5BHyperX%5D%20Liquid%60TC,0,2867,3,1.13630639062502e-06,Pro,base1 radiant
778266,23,14,radiant,%5BHyperX%5D%20Liquid%60TC,0,3733,4,1.51507518750002e-06,Pro,base1 radiant
779533,26,15,radiant,%5BHyperX%5D%20Liquid%60TC,0,5000,5,1.89384398437503e-06,Pro,base1 radiant
780400,28,15,radiant,%5BHyperX%5D%20Liquid%60TC,0,5867,6,2.27261278125004e-06,Pro,base1 radiant
781466,30,16,radiant,%5BHyperX%5D%20Liquid%60TC,0,6933,7,2.65138157812504e-06,Pro,base1 radiant
782533,33,16,radiant,%5BHyperX%5D%20Liquid%60TC,0,8000,8,3.03015037500005e-06,Pro,base1 radiant
783133,33,17,radiant,%5BHyperX%5D%20Liquid%60TC,0,8600,9,3.40891917187505e-06,Pro,base1 radiant
784200,35,16,radiant,%5BHyperX%5D%20Liquid%60TC,0,9667,10,3.78768796875006e-06,Pro,base1 radiant
785200,36,15,radiant,%5BHyperX%5D%20Liquid%60TC,0,10667,11,4.16645676562507e-06,Pro,base1 radiant
786200,38,14,radiant,%5BHyperX%5D%20Liquid%60TC,0,11667,12,4.54522556250007e-06,Pro,bottomlane radiant
787466,41,14,radiant,%5BHyperX%5D%20Liquid%60TC,0,12933,13,4.92399435937508e-06,Pro,bottomlane radiant
788266,43,13,radiant,%5BHyperX%5D%20Liquid%60TC,0,13733,14,5.30276315625008e-06,Pro,bottomlane radiant
789533,46,13,radiant,%5BHyperX%5D%20Liquid%60TC,0,15000,15,5.68153195312509e-06,Pro,bottomlane radiant
790400,48,13,radiant,%5BHyperX%5D%20Liquid%60TC,0,15867,16,6.06030075000009e-06,Pro,bottomlane radiant
791200,50,12,radiant,%5BHyperX%5D%20Liquid%60TC,0,16667,17,6.4390695468751e-06,Pro,bottomlane radiant
792533,53,12,radiant,%5BHyperX%5D%20Liquid%60TC,0,18000,18,6.81783834375011e-06,Pro,bottomlane radiant
793333,55,11,radiant,%5BHyperX%5D%20Liquid%60TC,0,18800,19,7.19660714062511e-06,Pro,bottomlane radiant
794200,57,11,radiant,%5BHyperX%5D%20Liquid%60TC,0,19667,20,7.57537593750012e-06,Pro,bottomlane radiant
795466,60,11,radiant,%5BHyperX%5D%20Liquid%60TC,0,20933,21,7.95414473437513e-06,Pro,bottomlane radiant
796266,62,11,radiant,%5BHyperX%5D%20Liquid%60TC,0,21733,22,8.33291353125013e-06,Pro,bottomlane radiant
797400,64,12,radiant,%5BHyperX%5D%20Liquid%60TC,0,22867,23,8.71168232812514e-06,Pro,bottomlane radiant
798466,67,12,radiant,%5BHyperX%5D%20Liquid%60TC,0,23933,24,9.09045112500014e-06,Pro,bottomlane radiant
799333,69,13,radiant,%5BHyperX%5D%20Liquid%60TC,0,24800,25,9.46921992187515e-06,Pro,bottomlane radiant
800266,71,14,radiant,%5BHyperX%5D%20Liquid%60TC,0,25733,26,9.84798871875015e-06,Pro,bottomlane radiant
801400,73,16,radiant,%5BHyperX%5D%20Liquid%60TC,0,26867,27,1.02267575156252e-05,Pro,bottomlane radiant
802400,74,18,radiant,%5BHyperX%5D%20Liquid%60TC,0,27867,28,1.06055263125002e-05,Pro,jungle radiant
803400,75,20,radiant,%5BHyperX%5D%20Liquid%60TC,0,28867,29,1.09842951093752e-05,Pro,jungle radiant
804466,77,22,radiant,%5BHyperX%5D%20Liquid%60TC,0,29933,30,1.13630639062502e-05,Pro,jungle radiant
805266,77,24,radiant,%5BHyperX%5D%20Liquid%60TC,0,30733,31,1.17418327031252e-05,Pro,jungle radiant
806533,76,23,radiant,%5BHyperX%5D%20Liquid%60TC,0,32000,32,1.21206015000002e-05,Pro,jungle radiant
807400,76,21,radiant,%5BHyperX%5D%20Liquid%60TC,0,32867,33,1.24993702968752e-05,Pro,jungle radiant
808333,75,19,radiant,%5BHyperX%5D%20Liquid%60TC,0,33800,34,1.28781390937502e-05,Pro,jungle radiant
809400,73,19,radiant,%5BHyperX%5D%20Liquid%60TC,0,34867,35,1.32569078906252e-05,Pro,jungle radiant
810533,71,20,radiant,%5BHyperX%5D%20Liquid%60TC,0,36000,36,1.36356766875002e-05,Pro,jungle radiant
811533,69,18,radiant,%5BHyperX%5D%20Liquid%60TC,0,37000,37,1.40144454843752e-05,Pro,jungle radiant
812533,67,17,radiant,%5BHyperX%5D%20Liquid%60TC,0,38000,38,1.43932142812502e-05,Pro,bottomlane radiant
813266,69,17,radiant,%5BHyperX%5D%20Liquid%60TC,0,38733,39,1.47719830781252e-05,Pro,bottomlane radiant
814466,71,19,radiant,%5BHyperX%5D%20Liquid%60TC,0,39933,40,1.51507518750002e-05,Pro,jungle radiant
815200,71,19,radiant,%5BHyperX%5D%20Liquid%60TC,0,40667,41,1.55295206718752e-05,Pro,jungle radiant
816533,68,18,radiant,%5BHyperX%5D%20Liquid%60TC,0,42000,42,1.59082894687503e-05,Pro,jungle radiant
817466,66,17,radiant,%5BHyperX%5D%20Liquid%60TC,0,42933,43,1.62870582656253e-05,Pro,jungle radiant
818400,64,16,radiant,%5BHyperX%5D%20Liquid%60TC,0,43867,44,1.66658270625003e-05,Pro,void radiant
819466,62,14,radiant,%5BHyperX%5D%20Liquid%60TC,0,44933,45,1.70445958593753e-05,Pro,void radiant
820533,61,12,radiant,%5BHyperX%5D%20Liquid%60TC,0,46000,46,1.74233646562503e-05,Pro,bottomlane radiant
821133,59,13,radiant,%5BHyperX%5D%20Liquid%60TC,0,46600,47,1.78021334531253e-05,Pro,jungle radiant
822266,57,12,radiant,%5BHyperX%5D%20Liquid%60TC,0,47733,48,1.81809022500003e-05,Pro,bottomlane radiant
823533,54,12,radiant,%5BHyperX%5D%20Liquid%60TC,0,49000,49,1.85596710468753e-05,Pro,bottomlane radiant
824333,52,12,radiant,%5BHyperX%5D%20Liquid%60TC,0,49800,50,1.89384398437503e-05,Pro,bottomlane radiant
824733,51,12,radiant,%5BHyperX%5D%20Liquid%60TC,0,50200,51,1.93172086406253e-05,Pro,bottomlane radiant
826533,54,11,radiant,%5BHyperX%5D%20Liquid%60TC,0,52000,52,1.96959774375003e-05,Pro,bottomlane radiant
827400,56,10,radiant,%5BHyperX%5D%20Liquid%60TC,0,52867,53,2.00747462343753e-05,Pro,bottomlane radiant
828200,54,10,radiant,%5BHyperX%5D%20Liquid%60TC,0,53667,54,2.04535150312503e-05,Pro,bottomlane radiant
829466,51,10,radiant,%5BHyperX%5D%20Liquid%60TC,0,54933,55,2.08322838281253e-05,Pro,bottomlane radiant
829866,50,10,radiant,%5BHyperX%5D%20Liquid%60TC,0,55333,56,2.12110526250003e-05,Pro,bottomlane radiant
831333,49,10,radiant,%5BHyperX%5D%20Liquid%60TC,0,56800,57,2.15898214218753e-05,Pro,bottomlane radiant
832200,47,10,radiant,%5BHyperX%5D%20Liquid%60TC,0,57667,58,2.19685902187503e-05,Pro,bottomlane radiant
833000,47,10,radiant,%5BHyperX%5D%20Liquid%60TC,0,58467,59,2.23473590156253e-05,Pro,bottomlane radiant
834200,48,10,radiant,%5BHyperX%5D%20Liquid%60TC,0,59667,60,2.27261278125004e-05,Pro,bottomlane radiant
835400,48,11,radiant,%5BHyperX%5D%20Liquid%60TC,0,60867,61,2.31048966093754e-05,Pro,bottomlane radiant
835400,48,11,radiant,%5BHyperX%5D%20Liquid%60TC,0,60867,62,2.34836654062504e-05,Pro,bottomlane radiant
835400,48,11,radiant,%5BHyperX%5D%20Liquid%60TC,0,60867,63,2.38624342031254e-05,Pro,bottomlane radiant
835400,48,11,radiant,%5BHyperX%5D%20Liquid%60TC,0,60867,64,2.42412030000004e-05,Pro,bottomlane radiant
839466,47,11,radiant,%5BHyperX%5D%20Liquid%60TC,0,64933,65,2.46199717968754e-05,Pro,bottomlane radiant
840466,45,12,radiant,%5BHyperX%5D%20Liquid%60TC,0,65933,66,2.49987405937504e-05,Pro,bottomlane radiant
840933,44,13,radiant,%5BHyperX%5D%20Liquid%60TC,0,66400,67,2.53775093906254e-05,Pro,bottomlane radiant
840933,44,13,radiant,%5BHyperX%5D%20Liquid%60TC,0,66400,68,2.57562781875004e-05,Pro,bottomlane radiant
843400,46,12,radiant,%5BHyperX%5D%20Liquid%60TC,0,68867,69,2.61350469843754e-05,Pro,bottomlane radiant
844066,48,12,radiant,%5BHyperX%5D%20Liquid%60TC,0,69533,70,2.65138157812504e-05,Pro,bottomlane radiant
845466,45,11,radiant,%5BHyperX%5D%20Liquid%60TC,0,70933,71,2.68925845781254e-05,Pro,bottomlane radiant
845933,44,11,radiant,%5BHyperX%5D%20Liquid%60TC,0,71400,72,2.72713533750004e-05,Pro,bottomlane radiant
847200,45,11,radiant,%5BHyperX%5D%20Liquid%60TC,0,72667,73,2.76501221718754e-05,Pro,bottomlane radiant
848466,48,11,radiant,%5BHyperX%5D%20Liquid%60TC,0,73933,74,2.80288909687504e-05,Pro,bottomlane radiant
848866,49,11,radiant,%5BHyperX%5D%20Liquid%60TC,0,74333,75,2.84076597656254e-05,Pro,bottomlane radiant
850333,47,12,radiant,%5BHyperX%5D%20Liquid%60TC,0,75800,76,2.87864285625005e-05,Pro,bottomlane radiant
851533,45,11,radiant,%5BHyperX%5D%20Liquid%60TC,0,77000,77,2.91651973593755e-05,Pro,bottomlane radiant
852400,42,11,radiant,%5BHyperX%5D%20Liquid%60TC,0,77867,78,2.95439661562505e-05,Pro,bottomlane radiant
853400,42,11,radiant,%5BHyperX%5D%20Liquid%60TC,0,78867,79,2.99227349531255e-05,Pro,bottomlane radiant
854200,44,11,radiant,%5BHyperX%5D%20Liquid%60TC,0,79667,80,3.03015037500005e-05,Pro,bottomlane radiant
855000,46,11,radiant,%5BHyperX%5D%20Liquid%60TC,0,80467,81,3.06802725468755e-05,Pro,bottomlane radiant
856533,49,11,radiant,%5BHyperX%5D%20Liquid%60TC,0,82000,82,3.10590413437505e-05,Pro,bottomlane radiant
857400,51,11,radiant,%5BHyperX%5D%20Liquid%60TC,0,82867,83,3.14378101406255e-05,Pro,bottomlane radiant
858200,53,11,radiant,%5BHyperX%5D%20Liquid%60TC,0,83667,84,3.18165789375005e-05,Pro,bottomlane radiant
859466,56,10,radiant,%5BHyperX%5D%20Liquid%60TC,0,84933,85,3.21953477343755e-05,Pro,bottomlane radiant
860333,58,10,radiant,%5BHyperX%5D%20Liquid%60TC,0,85800,86,3.25741165312505e-05,Pro,bottomlane radiant
861533,61,10,radiant,%5BHyperX%5D%20Liquid%60TC,0,87000,87,3.29528853281255e-05,Pro,bottomlane radiant
862400,63,10,radiant,%5BHyperX%5D%20Liquid%60TC,0,87867,88,3.33316541250005e-05,Pro,bottomlane radiant
863266,65,10,radiant,%5BHyperX%5D%20Liquid%60TC,0,88733,89,3.37104229218755e-05,Pro,bottomlane radiant
864533,68,10,radiant,%5BHyperX%5D%20Liquid%60TC,0,90000,90,3.40891917187505e-05,Pro,bottomlane radiant
865333,70,10,radiant,%5BHyperX%5D%20Liquid%60TC,0,90800,91,3.44679605156255e-05,Pro,bottomlane radiant
866200,72,10,radiant,%5BHyperX%5D%20Liquid%60TC,0,91667,92,3.48467293125005e-05,Pro,bottomlane radiant
867400,74,10,radiant,%5BHyperX%5D%20Liquid%60TC,0,92867,93,3.52254981093756e-05,Pro,bottomlane radiant
868400,76,11,radiant,%5BHyperX%5D%20Liquid%60TC,0,93867,94,3.56042669062506e-05,Pro,bottomlane radiant
869533,79,11,radiant,%5BHyperX%5D%20Liquid%60TC,0,95000,95,3.59830357031256e-05,Pro,bottomlane radiant
870533,81,12,radiant,%5BHyperX%5D%20Liquid%60TC,0,96000,96,3.63618045000006e-05,Pro,bottomlane radiant
871200,83,12,radiant,%5BHyperX%5D%20Liquid%60TC,0,96667,97,3.67405732968756e-05,Pro,bottomlane radiant
872466,86,12,radiant,%5BHyperX%5D%20Liquid%60TC,0,97933,98,3.71193420937506e-05,Pro,bottomlane radiant
873266,88,12,radiant,%5BHyperX%5D%20Liquid%60TC,0,98733,99,3.74981108906256e-05,Pro,bottomlane radiant
874533,91,13,radiant,%5BHyperX%5D%20Liquid%60TC,0,1e+05,100,3.78768796875006e-05,Pro,bottomlane radiant
875333,93,13,radiant,%5BHyperX%5D%20Liquid%60TC,0,100800,101,3.82556484843756e-05,Pro,bottomlane radiant
876200,95,13,radiant,%5BHyperX%5D%20Liquid%60TC,0,101667,102,3.86344172812506e-05,Pro,bottomlane radiant
877466,98,14,radiant,%5BHyperX%5D%20Liquid%60TC,0,102933,103,3.90131860781256e-05,Pro,bottomlane radiant
877866,99,14,radiant,%5BHyperX%5D%20Liquid%60TC,0,103333,104,3.93919548750006e-05,Pro,bottomlane radiant
879333,101,14,radiant,%5BHyperX%5D%20Liquid%60TC,0,104800,105,3.97707236718756e-05,Pro,bottomlane radiant
880333,101,14,radiant,%5BHyperX%5D%20Liquid%60TC,0,105800,106,4.01494924687506e-05,Pro,bottomlane radiant
881533,102,16,radiant,%5BHyperX%5D%20Liquid%60TC,0,107000,107,4.05282612656256e-05,Pro,bottomlane radiant
882133,104,15,radiant,%5BHyperX%5D%20Liquid%60TC,0,107600,108,4.09070300625006e-05,Pro,bottomlane radiant
883300,106,16,radiant,%5BHyperX%5D%20Liquid%60TC,0,108767,109,4.12857988593756e-05,Pro,bottomlane radiant
884033,106,18,radiant,%5BHyperX%5D%20Liquid%60TC,0,109500,110,4.16645676562507e-05,Pro,bottomlane radiant
884033,106,18,radiant,%5BHyperX%5D%20Liquid%60TC,0,109500,111,4.20433364531257e-05,Pro,bottomlane radiant
886300,106,17,radiant,%5BHyperX%5D%20Liquid%60TC,0,111767,112,4.24221052500007e-05,Pro,bottomlane radiant
887233,105,18,radiant,%5BHyperX%5D%20Liquid%60TC,0,112700,113,4.28008740468757e-05,Pro,bottomlane radiant
887966,105,17,radiant,%5BHyperX%5D%20Liquid%60TC,0,113433,114,4.31796428437507e-05,Pro,bottomlane radiant
889366,103,16,radiant,%5BHyperX%5D%20Liquid%60TC,0,114833,115,4.35584116406257e-05,Pro,bottomlane radiant
890366,105,15,radiant,%5BHyperX%5D%20Liquid%60TC,0,115833,116,4.39371804375007e-05,Pro,bottomlane radiant
891033,104,16,radiant,%5BHyperX%5D%20Liquid%60TC,0,116500,117,4.43159492343757e-05,Pro,bottomlane radiant
892166,105,17,radiant,%5BHyperX%5D%20Liquid%60TC,0,117633,118,4.46947180312507e-05,Pro,bottomlane radiant
893233,105,18,radiant,%5BHyperX%5D%20Liquid%60TC,0,118700,119,4.50734868281257e-05,Pro,bottomlane radiant
894300,106,19,radiant,%5BHyperX%5D%20Liquid%60TC,0,119767,120,4.54522556250007e-05,Pro,bottomlane radiant
895233,105,18,radiant,%5BHyperX%5D%20Liquid%60TC,0,120700,121,4.58310244218757e-05,Pro,bottomlane radiant
895700,106,19,radiant,%5BHyperX%5D%20Liquid%60TC,0,121167,122,4.62097932187507e-05,Pro,bottomlane radiant
897500,106,19,radiant,%5BHyperX%5D%20Liquid%60TC,0,122967,123,4.65885620156257e-05,Pro,bottomlane radiant
898500,107,18,radiant,%5BHyperX%5D%20Liquid%60TC,0,123967,124,4.69673308125007e-05,Pro,bottomlane radiant
899433,108,20,radiant,%5BHyperX%5D%20Liquid%60TC,0,124900,125,4.73460996093757e-05,Pro,bottomlane radiant
900166,108,20,radiant,%5BHyperX%5D%20Liquid%60TC,0,125633,126,4.77248684062507e-05,Pro,bottomlane radiant
901433,106,18,radiant,%5BHyperX%5D%20Liquid%60TC,0,126900,127,4.81036372031258e-05,Pro,bottomlane radiant
902500,108,18,radiant,%5BHyperX%5D%20Liquid%60TC,0,127967,128,4.84824060000008e-05,Pro,bottomlane radiant
903233,106,17,radiant,%5BHyperX%5D%20Liquid%60TC,0,128700,129,4.88611747968758e-05,Pro,bottomlane radiant
904500,106,18,radiant,%5BHyperX%5D%20Liquid%60TC,0,129967,130,4.92399435937508e-05,Pro,bottomlane radiant
905500,108,16,radiant,%5BHyperX%5D%20Liquid%60TC,0,130967,131,4.96187123906258e-05,Pro,bottomlane radiant
906433,108,14,radiant,%5BHyperX%5D%20Liquid%60TC,0,131900,132,4.99974811875008e-05,Pro,bottomlane radiant
907166,108,15,radiant,%5BHyperX%5D%20Liquid%60TC,0,132633,133,5.03762499843758e-05,Pro,bottomlane radiant
908500,107,14,radiant,%5BHyperX%5D%20Liquid%60TC,0,133967,134,5.07550187812508e-05,Pro,bottomlane radiant
908900,108,15,radiant,%5BHyperX%5D%20Liquid%60TC,0,134367,135,5.11337875781258e-05,Pro,bottomlane radiant
908900,108,15,radiant,%5BHyperX%5D%20Liquid%60TC,0,134367,136,5.15125563750008e-05,Pro,bottomlane radiant
911433,109,15,radiant,%5BHyperX%5D%20Liquid%60TC,0,136900,137,5.18913251718758e-05,Pro,bottomlane radiant
911433,109,15,radiant,%5BHyperX%5D%20Liquid%60TC,0,136900,138,5.22700939687508e-05,Pro,bottomlane radiant
913433,108,18,radiant,%5BHyperX%5D%20Liquid%60TC,0,138900,139,5.26488627656258e-05,Pro,bottomlane radiant
914300,107,19,radiant,%5BHyperX%5D%20Liquid%60TC,0,139767,140,5.30276315625008e-05,Pro,bottomlane radiant
915366,107,20,radiant,%5BHyperX%5D%20Liquid%60TC,0,140833,141,5.34064003593758e-05,Pro,bottomlane radiant
916300,109,21,radiant,%5BHyperX%5D%20Liquid%60TC,0,141767,142,5.37851691562508e-05,Pro,bottomlane radiant
917366,107,21,radiant,%5BHyperX%5D%20Liquid%60TC,0,142833,143,5.41639379531258e-05,Pro,bottomlane radiant
918166,107,20,radiant,%5BHyperX%5D%20Liquid%60TC,0,143633,144,5.45427067500008e-05,Pro,bottomlane radiant
919033,108,20,radiant,%5BHyperX%5D%20Liquid%60TC,0,144500,145,5.49214755468759e-05,Pro,bottomlane radiant
920166,108,20,radiant,%5BHyperX%5D%20Liquid%60TC,0,145633,146,5.53002443437509e-05,Pro,bottomlane radiant
921366,107,18,radiant,%5BHyperX%5D%20Liquid%60TC,0,146833,147,5.56790131406259e-05,Pro,bottomlane radiant
922100,105,18,radiant,%5BHyperX%5D%20Liquid%60TC,0,147567,148,5.60577819375009e-05,Pro,bottomlane radiant
922100,105,18,radiant,%5BHyperX%5D%20Liquid%60TC,0,147567,149,5.64365507343759e-05,Pro,bottomlane radiant
924166,106,18,radiant,%5BHyperX%5D%20Liquid%60TC,0,149633,150,5.68153195312509e-05,Pro,bottomlane radiant
925500,107,19,radiant,%5BHyperX%5D%20Liquid%60TC,0,150967,151,5.71940883281259e-05,Pro,bottomlane radiant
926366,107,18,radiant,%5BHyperX%5D%20Liquid%60TC,0,151833,152,5.75728571250009e-05,Pro,bottomlane radiant
927300,109,20,radiant,%5BHyperX%5D%20Liquid%60TC,0,152767,153,5.79516259218759e-05,Pro,bottomlane radiant
928233,109,18,radiant,%5BHyperX%5D%20Liquid%60TC,0,153700,154,5.83303947187509e-05,Pro,bottomlane radiant
929166,108,19,radiant,%5BHyperX%5D%20Liquid%60TC,0,154633,155,5.87091635156259e-05,Pro,bottomlane radiant
930300,108,18,radiant,%5BHyperX%5D%20Liquid%60TC,0,155767,156,5.90879323125009e-05,Pro,bottomlane radiant
930900,109,19,radiant,%5BHyperX%5D%20Liquid%60TC,0,156367,157,5.94667011093759e-05,Pro,bottomlane radiant
932433,108,17,radiant,%5BHyperX%5D%20Liquid%60TC,0,157900,158,5.98454699062509e-05,Pro,bottomlane radiant
933100,107,17,radiant,%5BHyperX%5D%20Liquid%60TC,0,158567,159,6.02242387031259e-05,Pro,bottomlane radiant
934300,107,17,radiant,%5BHyperX%5D%20Liquid%60TC,0,159767,160,6.06030075000009e-05,Pro,bottomlane radiant
934566,106,17,radiant,%5BHyperX%5D%20Liquid%60TC,0,160033,161,6.0981776296876e-05,Pro,bottomlane radiant
936500,104,17,radiant,%5BHyperX%5D%20Liquid%60TC,0,161967,162,6.1360545093751e-05,Pro,bottomlane radiant
937366,105,18,radiant,%5BHyperX%5D%20Liquid%60TC,0,162833,163,6.1739313890626e-05,Pro,bottomlane radiant
938233,106,19,radiant,%5BHyperX%5D%20Liquid%60TC,0,163700,164,6.2118082687501e-05,Pro,bottomlane radiant
939300,107,18,radiant,%5BHyperX%5D%20Liquid%60TC,0,164767,165,6.2496851484376e-05,Pro,bottomlane radiant
940166,107,18,radiant,%5BHyperX%5D%20Liquid%60TC,0,165633,166,6.2875620281251e-05,Pro,bottomlane radiant
941500,109,18,radiant,%5BHyperX%5D%20Liquid%60TC,0,166967,167,6.3254389078126e-05,Pro,bottomlane radiant
941500,109,18,radiant,%5BHyperX%5D%20Liquid%60TC,0,166967,168,6.3633157875001e-05,Pro,bottomlane radiant
943433,108,17,radiant,%5BHyperX%5D%20Liquid%60TC,0,168900,169,6.4011926671876e-05,Pro,bottomlane radiant
944433,106,16,radiant,%5BHyperX%5D%20Liquid%60TC,0,169900,170,6.4390695468751e-05,Pro,bottomlane radiant
945233,107,17,radiant,%5BHyperX%5D%20Liquid%60TC,0,170700,171,6.4769464265626e-05,Pro,bottomlane radiant
945766,108,18,radiant,%5BHyperX%5D%20Liquid%60TC,0,171233,172,6.5148233062501e-05,Pro,bottomlane radiant
946566,108,17,radiant,%5BHyperX%5D%20Liquid%60TC,0,172033,173,6.5527001859376e-05,Pro,bottomlane radiant
946566,108,17,radiant,%5BHyperX%5D%20Liquid%60TC,0,172033,174,6.5905770656251e-05,Pro,bottomlane radiant
946566,108,17,radiant,%5BHyperX%5D%20Liquid%60TC,0,172033,175,6.6284539453126e-05,Pro,bottomlane radiant
946566,108,17,radiant,%5BHyperX%5D%20Liquid%60TC,0,172033,176,6.6663308250001e-05,Pro,bottomlane radiant
946566,108,17,radiant,%5BHyperX%5D%20Liquid%60TC,0,172033,177,6.70420770468761e-05,Pro,bottomlane radiant
946566,108,17,radiant,%5BHyperX%5D%20Liquid%60TC,0,172033,178,6.74208458437511e-05,Pro,bottomlane radiant
953366,107,16,radiant,%5BHyperX%5D%20Liquid%60TC,0,178833,179,6.77996146406261e-05,Pro,bottomlane radiant
954500,107,14,radiant,%5BHyperX%5D%20Liquid%60TC,0,179967,180,6.81783834375011e-05,Pro,bottomlane radiant
955300,106,12,radiant,%5BHyperX%5D%20Liquid%60TC,0,180767,181,6.85571522343761e-05,Pro,bottomlane radiant
956233,105,10,radiant,%5BHyperX%5D%20Liquid%60TC,0,181700,182,6.89359210312511e-05,Pro,bottomlane radiant
957100,105,8,radiant,%5BHyperX%5D%20Liquid%60TC,0,182567,183,6.93146898281261e-05,Pro,bottomlane radiant
958166,103,7,radiant,%5BHyperX%5D%20Liquid%60TC,0,183633,184,6.96934586250011e-05,Pro,bottomlane radiant
959233,101,7,radiant,%5BHyperX%5D%20Liquid%60TC,0,184700,185,7.00722274218761e-05,Pro,bottomlane radiant
960233,99,8,radiant,%5BHyperX%5D%20Liquid%60TC,0,185700,186,7.04509962187511e-05,Pro,bottomlane radiant
961233,99,10,radiant,%5BHyperX%5D%20Liquid%60TC,0,186700,187,7.08297650156261e-05,Pro,bottomlane radiant
962300,100,12,radiant,%5BHyperX%5D%20Liquid%60TC,0,187767,188,7.12085338125011e-05,Pro,bottomlane radiant
962966,101,13,radiant,%5BHyperX%5D%20Liquid%60TC,0,188433,189,7.15873026093761e-05,Pro,bottomlane radiant
964233,100,12,radiant,%5BHyperX%5D%20Liquid%60TC,0,189700,190,7.19660714062511e-05,Pro,bottomlane radiant
965300,101,13,radiant,%5BHyperX%5D%20Liquid%60TC,0,190767,191,7.23448402031261e-05,Pro,bottomlane radiant
966433,100,13,radiant,%5BHyperX%5D%20Liquid%60TC,0,191900,192,7.27236090000011e-05,Pro,bottomlane radiant
967100,102,13,radiant,%5BHyperX%5D%20Liquid%60TC,0,192567,193,7.31023777968761e-05,Pro,bottomlane radiant
968300,101,13,radiant,%5BHyperX%5D%20Liquid%60TC,0,193767,194,7.34811465937511e-05,Pro,bottomlane radiant
969433,103,13,radiant,%5BHyperX%5D%20Liquid%60TC,0,194900,195,7.38599153906262e-05,Pro,bottomlane radiant
969433,103,13,radiant,%5BHyperX%5D%20Liquid%60TC,0,194900,196,7.42386841875012e-05,Pro,bottomlane radiant
971300,105,13,radiant,%5BHyperX%5D%20Liquid%60TC,0,196767,197,7.46174529843762e-05,Pro,bottomlane radiant
972033,106,14,radiant,%5BHyperX%5D%20Liquid%60TC,0,197500,198,7.49962217812512e-05,Pro,bottomlane radiant
973500,104,13,radiant,%5BHyperX%5D%20Liquid%60TC,0,198967,199,7.53749905781262e-05,Pro,bottomlane radiant
974433,106,14,radiant,%5BHyperX%5D%20Liquid%60TC,0,199900,200,7.57537593750012e-05,Pro,bottomlane radiant
974900,105,15,radiant,%5BHyperX%5D%20Liquid%60TC,0,200367,201,7.61325281718762e-05,Pro,bottomlane radiant
976500,106,14,radiant,%5BHyperX%5D%20Liquid%60TC,0,201967,202,7.65112969687512e-05,Pro,bottomlane radiant
977500,106,15,radiant,%5BHyperX%5D%20Liquid%60TC,0,202967,203,7.68900657656262e-05,Pro,bottomlane radiant
978100,105,13,radiant,%5BHyperX%5D%20Liquid%60TC,0,203567,204,7.72688345625012e-05,Pro,bottomlane radiant
979500,104,13,radiant,%5BHyperX%5D%20Liquid%60TC,0,204967,205,7.76476033593762e-05,Pro,bottomlane radiant
979833,104,13,radiant,%5BHyperX%5D%20Liquid%60TC,0,205300,206,7.80263721562512e-05,Pro,bottomlane radiant
981433,105,13,radiant,%5BHyperX%5D%20Liquid%60TC,0,206900,207,7.84051409531262e-05,Pro,bottomlane radiant
982300,106,14,radiant,%5BHyperX%5D%20Liquid%60TC,0,207767,208,7.87839097500012e-05,Pro,bottomlane radiant
983166,105,13,radiant,%5BHyperX%5D%20Liquid%60TC,0,208633,209,7.91626785468762e-05,Pro,bottomlane radiant
984100,105,14,radiant,%5BHyperX%5D%20Liquid%60TC,0,209567,210,7.95414473437512e-05,Pro,bottomlane radiant
985500,106,14,radiant,%5BHyperX%5D%20Liquid%60TC,0,210967,211,7.99202161406263e-05,Pro,bottomlane radiant
986500,106,13,radiant,%5BHyperX%5D%20Liquid%60TC,0,211967,212,8.02989849375013e-05,Pro,bottomlane radiant
987500,106,13,radiant,%5BHyperX%5D%20Liquid%60TC,0,212967,213,8.06777537343763e-05,Pro,bottomlane radiant
987900,107,14,radiant,%5BHyperX%5D%20Liquid%60TC,0,213367,214,8.10565225312513e-05,Pro,bottomlane radiant
989233,106,13,radiant,%5BHyperX%5D%20Liquid%60TC,0,214700,215,8.14352913281263e-05,Pro,bottomlane radiant
990166,107,14,radiant,%5BHyperX%5D%20Liquid%60TC,0,215633,216,8.18140601250013e-05,Pro,bottomlane radiant
990166,107,14,radiant,%5BHyperX%5D%20Liquid%60TC,0,215633,217,8.21928289218763e-05,Pro,bottomlane radiant
992433,108,15,radiant,%5BHyperX%5D%20Liquid%60TC,0,217900,218,8.25715977187513e-05,Pro,bottomlane radiant
993433,108,16,radiant,%5BHyperX%5D%20Liquid%60TC,0,218900,219,8.29503665156263e-05,Pro,bottomlane radiant
993700,108,17,radiant,%5BHyperX%5D%20Liquid%60TC,0,219167,220,8.33291353125013e-05,Pro,bottomlane radiant
995433,108,16,radiant,%5BHyperX%5D%20Liquid%60TC,0,220900,221,8.37079041093763e-05,Pro,bottomlane radiant
996300,107,14,radiant,%5BHyperX%5D%20Liquid%60TC,0,221767,222,8.40866729062513e-05,Pro,bottomlane radiant
997166,108,13,radiant,%5BHyperX%5D%20Liquid%60TC,0,222633,223,8.44654417031263e-05,Pro,bottomlane radiant
998166,108,15,radiant,%5BHyperX%5D%20Liquid%60TC,0,223633,224,8.48442105000013e-05,Pro,bottomlane radiant
999500,107,18,radiant,%5BHyperX%5D%20Liquid%60TC,0,224967,225,8.52229792968763e-05,Pro,bottomlane radiant
1000200,106,19,radiant,%5BHyperX%5D%20Liquid%60TC,0,225667,226,8.56017480937513e-05,Pro,bottomlane radiant
1000866,106,20,radiant,%5BHyperX%5D%20Liquid%60TC,0,226333,227,8.59805168906263e-05,Pro,bottomlane radiant
1002066,106,20,radiant,%5BHyperX%5D%20Liquid%60TC,0,227533,228,8.63592856875013e-05,Pro,bottomlane radiant
1003533,106,18,radiant,%5BHyperX%5D%20Liquid%60TC,0,229000,229,8.67380544843764e-05,Pro,bottomlane radiant
1004400,106,19,radiant,%5BHyperX%5D%20Liquid%60TC,0,229867,230,8.71168232812514e-05,Pro,bottomlane radiant
1005533,106,18,radiant,%5BHyperX%5D%20Liquid%60TC,0,231000,231,8.74955920781264e-05,Pro,bottomlane radiant
1005600,105,18,radiant,%5BHyperX%5D%20Liquid%60TC,0,231067,232,8.78743608750014e-05,Pro,bottomlane radiant
1007200,107,19,radiant,%5BHyperX%5D%20Liquid%60TC,0,232667,233,8.82531296718764e-05,Pro,bottomlane radiant
1008066,105,18,radiant,%5BHyperX%5D%20Liquid%60TC,0,233533,234,8.86318984687514e-05,Pro,bottomlane radiant
1009466,107,19,radiant,%5BHyperX%5D%20Liquid%60TC,0,234933,235,8.90106672656264e-05,Pro,bottomlane radiant
1010466,106,18,radiant,%5BHyperX%5D%20Liquid%60TC,0,235933,236,8.93894360625014e-05,Pro,bottomlane radiant
1011533,106,18,radiant,%5BHyperX%5D%20Liquid%60TC,0,237000,237,8.97682048593764e-05,Pro,bottomlane radiant
1012333,107,17,radiant,%5BHyperX%5D%20Liquid%60TC,0,237800,238,9.01469736562514e-05,Pro,bottomlane radiant
1013466,108,17,radiant,%5BHyperX%5D%20Liquid%60TC,0,238933,239,9.05257424531264e-05,Pro,bottomlane radiant
1014466,107,15,radiant,%5BHyperX%5D%20Liquid%60TC,0,239933,240,9.09045112500014e-05,Pro,bottomlane radiant
1015266,107,17,radiant,%5BHyperX%5D%20Liquid%60TC,0,240733,241,9.12832800468764e-05,Pro,bottomlane radiant
1016533,108,16,radiant,%5BHyperX%5D%20Liquid%60TC,0,242000,242,9.16620488437514e-05,Pro,bottomlane radiant
1017200,107,15,radiant,%5BHyperX%5D%20Liquid%60TC,0,242667,243,9.20408176406264e-05,Pro,bottomlane radiant
1018466,104,14,radiant,%5BHyperX%5D%20Liquid%60TC,0,243933,244,9.24195864375014e-05,Pro,bottomlane radiant
1019466,102,13,radiant,%5BHyperX%5D%20Liquid%60TC,0,244933,245,9.27983552343764e-05,Pro,bottomlane radiant
1020533,103,16,radiant,%5BHyperX%5D%20Liquid%60TC,0,246000,246,9.31771240312515e-05,Pro,bottomlane radiant
1021066,104,17,radiant,%5BHyperX%5D%20Liquid%60TC,0,246533,247,9.35558928281265e-05,Pro,bottomlane radiant
1022200,106,19,radiant,%5BHyperX%5D%20Liquid%60TC,0,247667,248,9.39346616250015e-05,Pro,bottomlane radiant
1023066,106,21,radiant,%5BHyperX%5D%20Liquid%60TC,0,248533,249,9.43134304218765e-05,Pro,bottomlane radiant
1024200,106,23,radiant,%5BHyperX%5D%20Liquid%60TC,0,249667,250,9.46921992187515e-05,Pro,void radiant
1025200,108,24,radiant,%5BHyperX%5D%20Liquid%60TC,0,250667,251,9.50709680156265e-05,Pro,bottomlane radiant
1026466,111,25,radiant,%5BHyperX%5D%20Liquid%60TC,0,251933,252,9.54497368125015e-05,Pro,bottomlane radiant
1027266,113,25,radiant,%5BHyperX%5D%20Liquid%60TC,0,252733,253,9.58285056093765e-05,Pro,bottomlane radiant
1028533,116,25,radiant,%5BHyperX%5D%20Liquid%60TC,0,254000,254,9.62072744062515e-05,Pro,bottomlane radiant
1029000,117,26,radiant,%5BHyperX%5D%20Liquid%60TC,0,254467,255,9.65860432031265e-05,Pro,bottomlane radiant
1030266,116,26,radiant,%5BHyperX%5D%20Liquid%60TC,0,255733,256,9.69648120000015e-05,Pro,bottomlane radiant
1031333,114,28,radiant,%5BHyperX%5D%20Liquid%60TC,0,256800,257,9.73435807968765e-05,Pro,bottomlane radiant
1032133,113,30,radiant,%5BHyperX%5D%20Liquid%60TC,0,257600,258,9.77223495937515e-05,Pro,bottomlane radiant
1033066,113,29,radiant,%5BHyperX%5D%20Liquid%60TC,0,258533,259,9.81011183906265e-05,Pro,bottomlane radiant
1033800,113,30,radiant,%5BHyperX%5D%20Liquid%60TC,0,259267,260,9.84798871875015e-05,Pro,bottomlane radiant
1035533,114,33,radiant,%5BHyperX%5D%20Liquid%60TC,0,261000,261,9.88586559843765e-05,Pro,bottomlane radiant
1036466,114,30,radiant,%5BHyperX%5D%20Liquid%60TC,0,261933,262,9.92374247812516e-05,Pro,bottomlane radiant
1037133,114,28,radiant,%5BHyperX%5D%20Liquid%60TC,0,262600,263,9.96161935781266e-05,Pro,bottomlane radiant
1038333,115,28,radiant,%5BHyperX%5D%20Liquid%60TC,0,263800,264,9.99949623750016e-05,Pro,bottomlane radiant
1039466,114,25,radiant,%5BHyperX%5D%20Liquid%60TC,0,264933,265,0.000100373731171877,Pro,bottomlane radiant
1040333,113,26,radiant,%5BHyperX%5D%20Liquid%60TC,0,265800,266,0.000100752499968752,Pro,bottomlane radiant
1041466,112,24,radiant,%5BHyperX%5D%20Liquid%60TC,0,266933,267,0.000101131268765627,Pro,bottomlane radiant
1042133,112,23,radiant,%5BHyperX%5D%20Liquid%60TC,0,267600,268,0.000101510037562502,Pro,bottomlane radiant
1043400,111,23,radiant,%5BHyperX%5D%20Liquid%60TC,0,268867,269,0.000101888806359377,Pro,bottomlane radiant
1044400,109,21,radiant,%5BHyperX%5D%20Liquid%60TC,0,269867,270,0.000102267575156252,Pro,bottomlane radiant
1045200,108,20,radiant,%5BHyperX%5D%20Liquid%60TC,0,270667,271,0.000102646343953127,Pro,bottomlane radiant
1046200,110,22,radiant,%5BHyperX%5D%20Liquid%60TC,0,271667,272,0.000103025112750002,Pro,bottomlane radiant
1047133,111,24,radiant,%5BHyperX%5D%20Liquid%60TC,0,272600,273,0.000103403881546877,Pro,bottomlane radiant
1048400,111,21,radiant,%5BHyperX%5D%20Liquid%60TC,0,273867,274,0.000103782650343752,Pro,bottomlane radiant
1049533,110,21,radiant,%5BHyperX%5D%20Liquid%60TC,0,275000,275,0.000104161419140627,Pro,bottomlane radiant
1050333,109,20,radiant,%5BHyperX%5D%20Liquid%60TC,0,275800,276,0.000104540187937502,Pro,bottomlane radiant
1051000,110,21,radiant,%5BHyperX%5D%20Liquid%60TC,0,276467,277,0.000104918956734377,Pro,bottomlane radiant
1051000,110,21,radiant,%5BHyperX%5D%20Liquid%60TC,0,276467,278,0.000105297725531252,Pro,bottomlane radiant
1051000,110,21,radiant,%5BHyperX%5D%20Liquid%60TC,0,276467,279,0.000105676494328127,Pro,bottomlane radiant
1051000,110,21,radiant,%5BHyperX%5D%20Liquid%60TC,0,276467,280,0.000106055263125002,Pro,bottomlane radiant
1055533,110,20,radiant,%5BHyperX%5D%20Liquid%60TC,0,281000,281,0.000106434031921877,Pro,bottomlane radiant
1056533,110,19,radiant,%5BHyperX%5D%20Liquid%60TC,0,282000,282,0.000106812800718752,Pro,bottomlane radiant
1056733,110,20,radiant,%5BHyperX%5D%20Liquid%60TC,0,282200,283,0.000107191569515627,Pro,bottomlane radiant
1057866,111,20,radiant,%5BHyperX%5D%20Liquid%60TC,0,283333,284,0.000107570338312502,Pro,bottomlane radiant
1059333,111,22,radiant,%5BHyperX%5D%20Liquid%60TC,0,284800,285,0.000107949107109377,Pro,bottomlane radiant
1059800,111,22,radiant,%5BHyperX%5D%20Liquid%60TC,0,285267,286,0.000108327875906252,Pro,bottomlane radiant
1061400,109,22,radiant,%5BHyperX%5D%20Liquid%60TC,0,286867,287,0.000108706644703127,Pro,bottomlane radiant
1062533,106,22,radiant,%5BHyperX%5D%20Liquid%60TC,0,288000,288,0.000109085413500002,Pro,void radiant
1063133,105,22,radiant,%5BHyperX%5D%20Liquid%60TC,0,288600,289,0.000109464182296877,Pro,void radiant
1064200,107,21,radiant,%5BHyperX%5D%20Liquid%60TC,0,289667,290,0.000109842951093752,Pro,bottomlane radiant
1065066,107,22,radiant,%5BHyperX%5D%20Liquid%60TC,0,290533,291,0.000110221719890627,Pro,bottomlane radiant
1066400,105,21,radiant,%5BHyperX%5D%20Liquid%60TC,0,291867,292,0.000110600488687502,Pro,void radiant
1067533,107,22,radiant,%5BHyperX%5D%20Liquid%60TC,0,293000,293,0.000110979257484377,Pro,bottomlane radiant
1068133,108,23,radiant,%5BHyperX%5D%20Liquid%60TC,0,293600,294,0.000111358026281252,Pro,bottomlane radiant
1069333,109,22,radiant,%5BHyperX%5D%20Liquid%60TC,0,294800,295,0.000111736795078127,Pro,bottomlane radiant
1070533,110,21,radiant,%5BHyperX%5D%20Liquid%60TC,0,296000,296,0.000112115563875002,Pro,bottomlane radiant
1071333,110,18,radiant,%5BHyperX%5D%20Liquid%60TC,0,296800,297,0.000112494332671877,Pro,bottomlane radiant
1072466,109,17,radiant,%5BHyperX%5D%20Liquid%60TC,0,297933,298,0.000112873101468752,Pro,bottomlane radiant
1073466,106,16,radiant,%5BHyperX%5D%20Liquid%60TC,0,298933,299,0.000113251870265627,Pro,bottomlane radiant
1074266,104,15,radiant,%5BHyperX%5D%20Liquid%60TC,0,299733,300,0.000113630639062502,Pro,bottomlane radiant
1075533,102,16,radiant,%5BHyperX%5D%20Liquid%60TC,0,301000,301,0.000114009407859377,Pro,bottomlane radiant
1076333,104,17,radiant,%5BHyperX%5D%20Liquid%60TC,0,301800,302,0.000114388176656252,Pro,bottomlane radiant
1077533,106,16,radiant,%5BHyperX%5D%20Liquid%60TC,0,303000,303,0.000114766945453127,Pro,bottomlane radiant
1078266,105,14,radiant,%5BHyperX%5D%20Liquid%60TC,0,303733,304,0.000115145714250002,Pro,bottomlane radiant
1078666,105,13,radiant,%5BHyperX%5D%20Liquid%60TC,0,304133,305,0.000115524483046877,Pro,bottomlane radiant
1080533,106,16,radiant,%5BHyperX%5D%20Liquid%60TC,0,306000,306,0.000115903251843752,Pro,bottomlane radiant
1081466,105,14,radiant,%5BHyperX%5D%20Liquid%60TC,0,306933,307,0.000116282020640627,Pro,bottomlane radiant
1082400,105,14,radiant,%5BHyperX%5D%20Liquid%60TC,0,307867,308,0.000116660789437502,Pro,bottomlane radiant
1083466,106,14,radiant,%5BHyperX%5D%20Liquid%60TC,0,308933,309,0.000117039558234377,Pro,bottomlane radiant
1084466,105,14,radiant,%5BHyperX%5D%20Liquid%60TC,0,309933,310,0.000117418327031252,Pro,bottomlane radiant
1085466,106,15,radiant,%5BHyperX%5D%20Liquid%60TC,0,310933,311,0.000117797095828127,Pro,bottomlane radiant
1086000,105,16,radiant,%5BHyperX%5D%20Liquid%60TC,0,311467,312,0.000118175864625002,Pro,bottomlane radiant
1086666,106,17,radiant,%5BHyperX%5D%20Liquid%60TC,0,312133,313,0.000118554633421877,Pro,bottomlane radiant
1088400,108,17,radiant,%5BHyperX%5D%20Liquid%60TC,0,313867,314,0.000118933402218752,Pro,bottomlane radiant
1089133,109,19,radiant,%5BHyperX%5D%20Liquid%60TC,0,314600,315,0.000119312171015627,Pro,bottomlane radiant
1090533,109,18,radiant,%5BHyperX%5D%20Liquid%60TC,0,316000,316,0.000119690939812502,Pro,bottomlane radiant
1091333,110,20,radiant,%5BHyperX%5D%20Liquid%60TC,0,316800,317,0.000120069708609377,Pro,bottomlane radiant
1091333,110,20,radiant,%5BHyperX%5D%20Liquid%60TC,0,316800,318,0.000120448477406252,Pro,bottomlane radiant
1093266,109,20,radiant,%5BHyperX%5D%20Liquid%60TC,0,318733,319,0.000120827246203127,Pro,bottomlane radiant
1093266,109,20,radiant,%5BHyperX%5D%20Liquid%60TC,0,318733,320,0.000121206015000002,Pro,bottomlane radiant
1095466,109,19,radiant,%5BHyperX%5D%20Liquid%60TC,0,320933,321,0.000121584783796877,Pro,bottomlane radiant
1096200,110,20,radiant,%5BHyperX%5D%20Liquid%60TC,0,321667,322,0.000121963552593752,Pro,bottomlane radiant
1097133,110,19,radiant,%5BHyperX%5D%20Liquid%60TC,0,322600,323,0.000122342321390627,Pro,bottomlane radiant
1098266,110,20,radiant,%5BHyperX%5D%20Liquid%60TC,0,323733,324,0.000122721090187502,Pro,bottomlane radiant
1098266,110,20,radiant,%5BHyperX%5D%20Liquid%60TC,0,323733,325,0.000123099858984377,Pro,bottomlane radiant
1100333,110,19,radiant,%5BHyperX%5D%20Liquid%60TC,0,325800,326,0.000123478627781252,Pro,bottomlane radiant
1101400,109,19,radiant,%5BHyperX%5D%20Liquid%60TC,0,326867,327,0.000123857396578127,Pro,bottomlane radiant
1102000,110,20,radiant,%5BHyperX%5D%20Liquid%60TC,0,327467,328,0.000124236165375002,Pro,bottomlane radiant
1103133,109,20,radiant,%5BHyperX%5D%20Liquid%60TC,0,328600,329,0.000124614934171877,Pro,bottomlane radiant
1104400,109,20,radiant,%5BHyperX%5D%20Liquid%60TC,0,329867,330,0.000124993702968752,Pro,bottomlane radiant
1104866,110,21,radiant,%5BHyperX%5D%20Liquid%60TC,0,330333,331,0.000125372471765627,Pro,bottomlane radiant
1106533,110,22,radiant,%5BHyperX%5D%20Liquid%60TC,0,332000,332,0.000125751240562502,Pro,bottomlane radiant
1107400,110,21,radiant,%5BHyperX%5D%20Liquid%60TC,0,332867,333,0.000126130009359377,Pro,bottomlane radiant
1108466,110,20,radiant,%5BHyperX%5D%20Liquid%60TC,0,333933,334,0.000126508778156252,Pro,bottomlane radiant
1108866,110,19,radiant,%5BHyperX%5D%20Liquid%60TC,0,334333,335,0.000126887546953127,Pro,bottomlane radiant
1109666,110,20,radiant,%5BHyperX%5D%20Liquid%60TC,0,335133,336,0.000127266315750002,Pro,bottomlane radiant
1111200,110,22,radiant,%5BHyperX%5D%20Liquid%60TC,0,336667,337,0.000127645084546877,Pro,bottomlane radiant
1112400,110,24,radiant,%5BHyperX%5D%20Liquid%60TC,0,337867,338,0.000128023853343752,Pro,bottomlane radiant
1112800,110,25,radiant,%5BHyperX%5D%20Liquid%60TC,0,338267,339,0.000128402622140627,Pro,bottomlane radiant
1114266,110,26,radiant,%5BHyperX%5D%20Liquid%60TC,0,339733,340,0.000128781390937502,Pro,bottomlane radiant
1115333,111,27,radiant,%5BHyperX%5D%20Liquid%60TC,0,340800,341,0.000129160159734377,Pro,bottomlane radiant
1116466,111,28,radiant,%5BHyperX%5D%20Liquid%60TC,0,341933,342,0.000129538928531252,Pro,bottomlane radiant
1117200,111,26,radiant,%5BHyperX%5D%20Liquid%60TC,0,342667,343,0.000129917697328127,Pro,bottomlane radiant
1117600,111,27,radiant,%5BHyperX%5D%20Liquid%60TC,0,343067,344,0.000130296466125002,Pro,bottomlane radiant
1119400,111,29,radiant,%5BHyperX%5D%20Liquid%60TC,0,344867,345,0.000130675234921877,Pro,bottomlane radiant
1120466,113,29,radiant,%5BHyperX%5D%20Liquid%60TC,0,345933,346,0.000131054003718752,Pro,bottomlane radiant
1121400,111,27,radiant,%5BHyperX%5D%20Liquid%60TC,0,346867,347,0.000131432772515627,Pro,bottomlane radiant
1122533,110,28,radiant,%5BHyperX%5D%20Liquid%60TC,0,348000,348,0.000131811541312502,Pro,bottomlane radiant
1123066,111,27,radiant,%5BHyperX%5D%20Liquid%60TC,0,348533,349,0.000132190310109377,Pro,bottomlane radiant
1124466,110,27,radiant,%5BHyperX%5D%20Liquid%60TC,0,349933,350,0.000132569078906252,Pro,bottomlane radiant
1125466,111,25,radiant,%5BHyperX%5D%20Liquid%60TC,0,350933,351,0.000132947847703127,Pro,bottomlane radiant
1126533,111,27,radiant,%5BHyperX%5D%20Liquid%60TC,0,352000,352,0.000133326616500002,Pro,bottomlane radiant
1127400,111,29,radiant,%5BHyperX%5D%20Liquid%60TC,0,352867,353,0.000133705385296877,Pro,bottomlane radiant
1127400,111,29,radiant,%5BHyperX%5D%20Liquid%60TC,0,352867,354,0.000134084154093752,Pro,bottomlane radiant
1127400,111,29,radiant,%5BHyperX%5D%20Liquid%60TC,0,352867,355,0.000134462922890627,Pro,bottomlane radiant
1127400,111,29,radiant,%5BHyperX%5D%20Liquid%60TC,0,352867,356,0.000134841691687502,Pro,bottomlane radiant
1127400,111,29,radiant,%5BHyperX%5D%20Liquid%60TC,0,352867,357,0.000135220460484377,Pro,bottomlane radiant
1127400,111,29,radiant,%5BHyperX%5D%20Liquid%60TC,0,352867,358,0.000135599229281252,Pro,bottomlane radiant
1133200,113,31,radiant,%5BHyperX%5D%20Liquid%60TC,0,358667,359,0.000135977998078127,Pro,bottomlane radiant
1134400,112,34,radiant,%5BHyperX%5D%20Liquid%60TC,0,359867,360,0.000136356766875002,Pro,bottomlane radiant
1135200,111,36,radiant,%5BHyperX%5D%20Liquid%60TC,0,360667,361,0.000136735535671877,Pro,bottomlane radiant
1136333,110,37,radiant,%5BHyperX%5D%20Liquid%60TC,0,361800,362,0.000137114304468752,Pro,bottomlane radiant
1137466,111,38,radiant,%5BHyperX%5D%20Liquid%60TC,0,362933,363,0.000137493073265627,Pro,bottomlane dire
1137466,111,38,radiant,%5BHyperX%5D%20Liquid%60TC,0,362933,364,0.000137871842062502,Pro,bottomlane dire
1137466,111,38,radiant,%5BHyperX%5D%20Liquid%60TC,0,362933,365,0.000138250610859377,Pro,bottomlane dire
1140133,111,38,radiant,%5BHyperX%5D%20Liquid%60TC,0,365600,366,0.000138629379656252,Pro,bottomlane dire
1141466,109,36,radiant,%5BHyperX%5D%20Liquid%60TC,0,366933,367,0.000139008148453127,Pro,bottomlane radiant
1142000,109,35,radiant,%5BHyperX%5D%20Liquid%60TC,0,367467,368,0.000139386917250002,Pro,bottomlane radiant
1143333,109,34,radiant,%5BHyperX%5D%20Liquid%60TC,0,368800,369,0.000139765686046877,Pro,bottomlane radiant
1143800,109,33,radiant,%5BHyperX%5D%20Liquid%60TC,0,369267,370,0.000140144454843752,Pro,bottomlane radiant
1145066,110,34,radiant,%5BHyperX%5D%20Liquid%60TC,0,370533,371,0.000140523223640627,Pro,bottomlane radiant
1146266,110,36,radiant,%5BHyperX%5D%20Liquid%60TC,0,371733,372,0.000140901992437502,Pro,bottomlane radiant
1147466,112,38,radiant,%5BHyperX%5D%20Liquid%60TC,0,372933,373,0.000141280761234377,Pro,bottomlane dire
1148266,112,37,radiant,%5BHyperX%5D%20Liquid%60TC,0,373733,374,0.000141659530031252,Pro,bottomlane radiant
1149400,113,37,radiant,%5BHyperX%5D%20Liquid%60TC,0,374867,375,0.000142038298828127,Pro,bottomlane radiant
1150133,113,39,radiant,%5BHyperX%5D%20Liquid%60TC,0,375600,376,0.000142417067625002,Pro,bottomlane dire
1151266,113,37,radiant,%5BHyperX%5D%20Liquid%60TC,0,376733,377,0.000142795836421877,Pro,bottomlane radiant
1152466,113,36,radiant,%5BHyperX%5D%20Liquid%60TC,0,377933,378,0.000143174605218752,Pro,bottomlane radiant
1153466,113,34,radiant,%5BHyperX%5D%20Liquid%60TC,0,378933,379,0.000143553374015627,Pro,bottomlane radiant
1154333,112,32,radiant,%5BHyperX%5D%20Liquid%60TC,0,379800,380,0.000143932142812502,Pro,bottomlane radiant
1155466,113,32,radiant,%5BHyperX%5D%20Liquid%60TC,0,380933,381,0.000144310911609377,Pro,bottomlane radiant
1156200,113,33,radiant,%5BHyperX%5D%20Liquid%60TC,0,381667,382,0.000144689680406252,Pro,bottomlane radiant
1157200,113,32,radiant,%5BHyperX%5D%20Liquid%60TC,0,382667,383,0.000145068449203127,Pro,bottomlane radiant
1157200,113,32,radiant,%5BHyperX%5D%20Liquid%60TC,0,382667,384,0.000145447218000002,Pro,bottomlane radiant
1157200,113,32,radiant,%5BHyperX%5D%20Liquid%60TC,0,382667,385,0.000145825986796877,Pro,bottomlane radiant
1157200,113,32,radiant,%5BHyperX%5D%20Liquid%60TC,0,382667,386,0.000146204755593752,Pro,bottomlane radiant
1161266,112,33,radiant,%5BHyperX%5D%20Liquid%60TC,0,386733,387,0.000146583524390627,Pro,bottomlane radiant
1162533,112,33,radiant,%5BHyperX%5D%20Liquid%60TC,0,388000,388,0.000146962293187502,Pro,bottomlane radiant
1163066,112,34,radiant,%5BHyperX%5D%20Liquid%60TC,0,388533,389,0.000147341061984377,Pro,bottomlane radiant
1164466,112,32,radiant,%5BHyperX%5D%20Liquid%60TC,0,389933,390,0.000147719830781252,Pro,bottomlane radiant
1165466,114,30,radiant,%5BHyperX%5D%20Liquid%60TC,0,390933,391,0.000148098599578127,Pro,bottomlane radiant
1166466,113,29,radiant,%5BHyperX%5D%20Liquid%60TC,0,391933,392,0.000148477368375002,Pro,bottomlane radiant
1167533,113,26,radiant,%5BHyperX%5D%20Liquid%60TC,0,393000,393,0.000148856137171877,Pro,bottomlane radiant
1168266,112,24,radiant,%5BHyperX%5D%20Liquid%60TC,0,393733,394,0.000149234905968752,Pro,bottomlane radiant
1169333,112,21,radiant,%5BHyperX%5D%20Liquid%60TC,0,394800,395,0.000149613674765627,Pro,bottomlane radiant
1170466,111,19,radiant,%5BHyperX%5D%20Liquid%60TC,0,395933,396,0.000149992443562502,Pro,bottomlane radiant
1171533,109,17,radiant,%5BHyperX%5D%20Liquid%60TC,0,397000,397,0.000150371212359377,Pro,bottomlane radiant
1172066,108,16,radiant,%5BHyperX%5D%20Liquid%60TC,0,397533,398,0.000150749981156252,Pro,bottomlane radiant
1172066,108,16,radiant,%5BHyperX%5D%20Liquid%60TC,0,397533,399,0.000151128749953127,Pro,bottomlane radiant
1172066,108,16,radiant,%5BHyperX%5D%20Liquid%60TC,0,397533,400,0.000151507518750002,Pro,bottomlane radiant
1175266,107,16,radiant,%5BHyperX%5D%20Liquid%60TC,0,400733,401,0.000151886287546877,Pro,bottomlane radiant
1176133,107,14,radiant,%5BHyperX%5D%20Liquid%60TC,0,401600,402,0.000152265056343752,Pro,bottomlane radiant
1176133,107,14,radiant,%5BHyperX%5D%20Liquid%60TC,0,401600,403,0.000152643825140627,Pro,bottomlane radiant
1176133,107,14,radiant,%5BHyperX%5D%20Liquid%60TC,0,401600,404,0.000153022593937502,Pro,bottomlane radiant
1176133,107,14,radiant,%5BHyperX%5D%20Liquid%60TC,0,401600,405,0.000153401362734377,Pro,bottomlane radiant
1176133,107,14,radiant,%5BHyperX%5D%20Liquid%60TC,0,401600,406,0.000153780131531252,Pro,bottomlane radiant
1176133,107,14,radiant,%5BHyperX%5D%20Liquid%60TC,0,401600,407,0.000154158900328127,Pro,bottomlane radiant
1176133,107,14,radiant,%5BHyperX%5D%20Liquid%60TC,0,401600,408,0.000154537669125002,Pro,bottomlane radiant
1176133,107,14,radiant,%5BHyperX%5D%20Liquid%60TC,0,401600,409,0.000154916437921877,Pro,bottomlane radiant
1176133,107,14,radiant,%5BHyperX%5D%20Liquid%60TC,0,401600,410,0.000155295206718752,Pro,bottomlane radiant
1176133,107,14,radiant,%5BHyperX%5D%20Liquid%60TC,0,401600,411,0.000155673975515627,Pro,bottomlane radiant
1176133,107,14,radiant,%5BHyperX%5D%20Liquid%60TC,0,401600,412,0.000156052744312502,Pro,bottomlane radiant
1176133,107,14,radiant,%5BHyperX%5D%20Liquid%60TC,0,401600,413,0.000156431513109377,Pro,bottomlane radiant
1176133,107,14,radiant,%5BHyperX%5D%20Liquid%60TC,0,401600,414,0.000156810281906252,Pro,bottomlane radiant
1176133,107,14,radiant,%5BHyperX%5D%20Liquid%60TC,0,401600,415,0.000157189050703127,Pro,bottomlane radiant
1176133,107,14,radiant,%5BHyperX%5D%20Liquid%60TC,0,401600,416,0.000157567819500002,Pro,bottomlane radiant
1191133,8,7,radiant,%5BHyperX%5D%20Liquid%60TC,0,416600,417,0.000157946588296877,Pro,base1 radiant
1191133,8,7,radiant,%5BHyperX%5D%20Liquid%60TC,0,416600,418,0.000158325357093752,Pro,base1 radiant
1191133,8,7,radiant,%5BHyperX%5D%20Liquid%60TC,0,416600,419,0.000158704125890627,Pro,base1 radiant
1191133,8,7,radiant,%5BHyperX%5D%20Liquid%60TC,0,416600,420,0.000159082894687502,Pro,base1 radiant
1191133,8,7,radiant,%5BHyperX%5D%20Liquid%60TC,0,416600,421,0.000159461663484378,Pro,base1 radiant
1191133,8,7,radiant,%5BHyperX%5D%20Liquid%60TC,0,416600,422,0.000159840432281253,Pro,base1 radiant
1197400,104,15,radiant,%5BHyperX%5D%20Liquid%60TC,0,422867,423,0.000160219201078128,Pro,bottomlane radiant
1198266,106,17,radiant,%5BHyperX%5D%20Liquid%60TC,0,423733,424,0.000160597969875003,Pro,bottomlane radiant
1199400,107,20,radiant,%5BHyperX%5D%20Liquid%60TC,0,424867,425,0.000160976738671878,Pro,bottomlane radiant
1200533,107,23,radiant,%5BHyperX%5D%20Liquid%60TC,0,426000,426,0.000161355507468753,Pro,bottomlane radiant
1200866,108,24,radiant,%5BHyperX%5D%20Liquid%60TC,0,426333,427,0.000161734276265628,Pro,bottomlane radiant
1202333,107,22,radiant,%5BHyperX%5D%20Liquid%60TC,0,427800,428,0.000162113045062503,Pro,bottomlane radiant
1203533,105,19,radiant,%5BHyperX%5D%20Liquid%60TC,0,429000,429,0.000162491813859378,Pro,bottomlane radiant
1204400,104,17,radiant,%5BHyperX%5D%20Liquid%60TC,0,429867,430,0.000162870582656253,Pro,bottomlane radiant
1205200,102,16,radiant,%5BHyperX%5D%20Liquid%60TC,0,430667,431,0.000163249351453128,Pro,bottomlane radiant
1205200,102,16,radiant,%5BHyperX%5D%20Liquid%60TC,0,430667,432,0.000163628120250003,Pro,bottomlane radiant
1207466,104,17,radiant,%5BHyperX%5D%20Liquid%60TC,0,432933,433,0.000164006889046878,Pro,bottomlane radiant
1208200,105,18,radiant,%5BHyperX%5D%20Liquid%60TC,0,433667,434,0.000164385657843753,Pro,bottomlane radiant
1209133,106,19,radiant,%5BHyperX%5D%20Liquid%60TC,0,434600,435,0.000164764426640628,Pro,bottomlane radiant
1209133,106,19,radiant,%5BHyperX%5D%20Liquid%60TC,0,434600,436,0.000165143195437503,Pro,bottomlane radiant
1211533,105,17,radiant,%5BHyperX%5D%20Liquid%60TC,0,437000,437,0.000165521964234378,Pro,bottomlane radiant
1212466,104,14,radiant,%5BHyperX%5D%20Liquid%60TC,0,437933,438,0.000165900733031253,Pro,bottomlane radiant
1213400,103,12,radiant,%5BHyperX%5D%20Liquid%60TC,0,438867,439,0.000166279501828128,Pro,bottomlane radiant
1214533,104,15,radiant,%5BHyperX%5D%20Liquid%60TC,0,440000,440,0.000166658270625003,Pro,bottomlane radiant
1214933,105,16,radiant,%5BHyperX%5D%20Liquid%60TC,0,440400,441,0.000167037039421878,Pro,bottomlane radiant
1214933,105,16,radiant,%5BHyperX%5D%20Liquid%60TC,0,440400,442,0.000167415808218753,Pro,bottomlane radiant
1217066,103,16,radiant,%5BHyperX%5D%20Liquid%60TC,0,442533,443,0.000167794577015628,Pro,bottomlane radiant
1218066,104,17,radiant,%5BHyperX%5D%20Liquid%60TC,0,443533,444,0.000168173345812503,Pro,bottomlane radiant
1219400,104,17,radiant,%5BHyperX%5D%20Liquid%60TC,0,444867,445,0.000168552114609378,Pro,bottomlane radiant
1220133,105,18,radiant,%5BHyperX%5D%20Liquid%60TC,0,445600,446,0.000168930883406253,Pro,bottomlane radiant
1221333,106,20,radiant,%5BHyperX%5D%20Liquid%60TC,0,446800,447,0.000169309652203128,Pro,bottomlane radiant
1222533,108,19,radiant,%5BHyperX%5D%20Liquid%60TC,0,448000,448,0.000169688421000003,Pro,bottomlane radiant
1223466,108,18,radiant,%5BHyperX%5D%20Liquid%60TC,0,448933,449,0.000170067189796878,Pro,bottomlane radiant
1224533,106,16,radiant,%5BHyperX%5D%20Liquid%60TC,0,450000,450,0.000170445958593753,Pro,bottomlane radiant
1225400,103,16,radiant,%5BHyperX%5D%20Liquid%60TC,0,450867,451,0.000170824727390628,Pro,bottomlane radiant
1226533,104,17,radiant,%5BHyperX%5D%20Liquid%60TC,0,452000,452,0.000171203496187503,Pro,bottomlane radiant
1227000,104,18,radiant,%5BHyperX%5D%20Liquid%60TC,0,452467,453,0.000171582264984378,Pro,bottomlane radiant
1227000,104,18,radiant,%5BHyperX%5D%20Liquid%60TC,0,452467,454,0.000171961033781253,Pro,bottomlane radiant
1227000,104,18,radiant,%5BHyperX%5D%20Liquid%60TC,0,452467,455,0.000172339802578128,Pro,bottomlane radiant
1227000,104,18,radiant,%5BHyperX%5D%20Liquid%60TC,0,452467,456,0.000172718571375003,Pro,bottomlane radiant
1231466,102,15,radiant,%5BHyperX%5D%20Liquid%60TC,0,456933,457,0.000173097340171878,Pro,bottomlane radiant
1232266,101,13,radiant,%5BHyperX%5D%20Liquid%60TC,0,457733,458,0.000173476108968753,Pro,bottomlane radiant
1233000,99,12,radiant,%5BHyperX%5D%20Liquid%60TC,0,458467,459,0.000173854877765628,Pro,bottomlane radiant
1234400,101,13,radiant,%5BHyperX%5D%20Liquid%60TC,0,459867,460,0.000174233646562503,Pro,bottomlane radiant
1235533,101,12,radiant,%5BHyperX%5D%20Liquid%60TC,0,461000,461,0.000174612415359378,Pro,bottomlane radiant
1236266,100,13,radiant,%5BHyperX%5D%20Liquid%60TC,0,461733,462,0.000174991184156253,Pro,bottomlane radiant
1236266,100,13,radiant,%5BHyperX%5D%20Liquid%60TC,0,461733,463,0.000175369952953128,Pro,bottomlane radiant
1238533,100,14,radiant,%5BHyperX%5D%20Liquid%60TC,0,464000,464,0.000175748721750003,Pro,bottomlane radiant
1239400,100,13,radiant,%5BHyperX%5D%20Liquid%60TC,0,464867,465,0.000176127490546878,Pro,bottomlane radiant
1239800,101,13,radiant,%5BHyperX%5D%20Liquid%60TC,0,465267,466,0.000176506259343753,Pro,bottomlane radiant
1241266,100,14,radiant,%5BHyperX%5D%20Liquid%60TC,0,466733,467,0.000176885028140628,Pro,bottomlane radiant
1242266,100,13,radiant,%5BHyperX%5D%20Liquid%60TC,0,467733,468,0.000177263796937503,Pro,bottomlane radiant
1243200,101,13,radiant,%5BHyperX%5D%20Liquid%60TC,0,468667,469,0.000177642565734378,Pro,bottomlane radiant
1244333,102,13,radiant,%5BHyperX%5D%20Liquid%60TC,0,469800,470,0.000178021334531253,Pro,bottomlane radiant
1245400,104,12,radiant,%5BHyperX%5D%20Liquid%60TC,0,470867,471,0.000178400103328128,Pro,bottomlane radiant
1246266,105,13,radiant,%5BHyperX%5D%20Liquid%60TC,0,471733,472,0.000178778872125003,Pro,bottomlane radiant
1247333,104,13,radiant,%5BHyperX%5D%20Liquid%60TC,0,472800,473,0.000179157640921878,Pro,bottomlane radiant
1248533,104,13,radiant,%5BHyperX%5D%20Liquid%60TC,0,474000,474,0.000179536409718753,Pro,bottomlane radiant
1248933,103,14,radiant,%5BHyperX%5D%20Liquid%60TC,0,474400,475,0.000179915178515628,Pro,bottomlane radiant
1250533,102,14,radiant,%5BHyperX%5D%20Liquid%60TC,0,476000,476,0.000180293947312503,Pro,bottomlane radiant
1251400,100,13,radiant,%5BHyperX%5D%20Liquid%60TC,0,476867,477,0.000180672716109378,Pro,bottomlane radiant
1252333,100,12,radiant,%5BHyperX%5D%20Liquid%60TC,0,477800,478,0.000181051484906253,Pro,bottomlane radiant
1253466,102,11,radiant,%5BHyperX%5D%20Liquid%60TC,0,478933,479,0.000181430253703128,Pro,bottomlane radiant
1254333,104,12,radiant,%5BHyperX%5D%20Liquid%60TC,0,479800,480,0.000181809022500003,Pro,bottomlane radiant
1255066,105,14,radiant,%5BHyperX%5D%20Liquid%60TC,0,480533,481,0.000182187791296878,Pro,bottomlane radiant
1256200,105,13,radiant,%5BHyperX%5D%20Liquid%60TC,0,481667,482,0.000182566560093753,Pro,bottomlane radiant
1257333,105,10,radiant,%5BHyperX%5D%20Liquid%60TC,0,482800,483,0.000182945328890628,Pro,bottomlane radiant
1258466,105,9,radiant,%5BHyperX%5D%20Liquid%60TC,0,483933,484,0.000183324097687503,Pro,bottomlane radiant
1259400,104,7,radiant,%5BHyperX%5D%20Liquid%60TC,0,484867,485,0.000183702866484378,Pro,bottomlane radiant
1260466,105,7,radiant,%5BHyperX%5D%20Liquid%60TC,0,485933,486,0.000184081635281253,Pro,bottomlane radiant
1260466,105,7,radiant,%5BHyperX%5D%20Liquid%60TC,0,485933,487,0.000184460404078128,Pro,bottomlane radiant
1260466,105,7,radiant,%5BHyperX%5D%20Liquid%60TC,0,485933,488,0.000184839172875003,Pro,bottomlane radiant
1263066,106,8,radiant,%5BHyperX%5D%20Liquid%60TC,0,488533,489,0.000185217941671878,Pro,bottomlane radiant
1264133,104,7,radiant,%5BHyperX%5D%20Liquid%60TC,0,489600,490,0.000185596710468753,Pro,bottomlane radiant
1264133,104,7,radiant,%5BHyperX%5D%20Liquid%60TC,0,489600,491,0.000185975479265628,Pro,bottomlane radiant
1266266,103,7,radiant,%5BHyperX%5D%20Liquid%60TC,0,491733,492,0.000186354248062503,Pro,bottomlane radiant
1267400,100,7,radiant,%5BHyperX%5D%20Liquid%60TC,0,492867,493,0.000186733016859378,Pro,bottomlane radiant
1268333,99,9,radiant,%5BHyperX%5D%20Liquid%60TC,0,493800,494,0.000187111785656253,Pro,bottomlane radiant
1269266,100,11,radiant,%5BHyperX%5D%20Liquid%60TC,0,494733,495,0.000187490554453128,Pro,bottomlane radiant
1270400,101,11,radiant,%5BHyperX%5D%20Liquid%60TC,0,495867,496,0.000187869323250003,Pro,bottomlane radiant
1271200,103,11,radiant,%5BHyperX%5D%20Liquid%60TC,0,496667,497,0.000188248092046878,Pro,bottomlane radiant
1272466,104,12,radiant,%5BHyperX%5D%20Liquid%60TC,0,497933,498,0.000188626860843753,Pro,bottomlane radiant
1273533,101,13,radiant,%5BHyperX%5D%20Liquid%60TC,0,499000,499,0.000189005629640628,Pro,bottomlane radiant
1274400,102,14,radiant,%5BHyperX%5D%20Liquid%60TC,0,499867,500,0.000189384398437503,Pro,bottomlane radiant
1275466,104,16,radiant,%5BHyperX%5D%20Liquid%60TC,0,500933,501,0.000189763167234378,Pro,bottomlane radiant
1275666,105,16,radiant,%5BHyperX%5D%20Liquid%60TC,0,501133,502,0.000190141936031253,Pro,bottomlane radiant
1276666,104,15,radiant,%5BHyperX%5D%20Liquid%60TC,0,502133,503,0.000190520704828128,Pro,bottomlane radiant
1278533,103,15,radiant,%5BHyperX%5D%20Liquid%60TC,0,504000,504,0.000190899473625003,Pro,bottomlane radiant
1279266,101,14,radiant,%5BHyperX%5D%20Liquid%60TC,0,504733,505,0.000191278242421878,Pro,bottomlane radiant
1280466,102,15,radiant,%5BHyperX%5D%20Liquid%60TC,0,505933,506,0.000191657011218753,Pro,bottomlane radiant
1281400,104,17,radiant,%5BHyperX%5D%20Liquid%60TC,0,506867,507,0.000192035780015628,Pro,bottomlane radiant
1282333,106,18,radiant,%5BHyperX%5D%20Liquid%60TC,0,507800,508,0.000192414548812503,Pro,bottomlane radiant
1283400,107,16,radiant,%5BHyperX%5D%20Liquid%60TC,0,508867,509,0.000192793317609378,Pro,bottomlane radiant
1284200,106,14,radiant,%5BHyperX%5D%20Liquid%60TC,0,509667,510,0.000193172086406253,Pro,bottomlane radiant
1285400,105,11,radiant,%5BHyperX%5D%20Liquid%60TC,0,510867,511,0.000193550855203128,Pro,bottomlane radiant
1286266,103,13,radiant,%5BHyperX%5D%20Liquid%60TC,0,511733,512,0.000193929624000003,Pro,bottomlane radiant
1287533,100,14,radiant,%5BHyperX%5D%20Liquid%60TC,0,513000,513,0.000194308392796878,Pro,bottomlane radiant
1288066,101,14,radiant,%5BHyperX%5D%20Liquid%60TC,0,513533,514,0.000194687161593753,Pro,bottomlane radiant
1288933,100,13,radiant,%5BHyperX%5D%20Liquid%60TC,0,514400,515,0.000195065930390628,Pro,bottomlane radiant
1290200,101,13,radiant,%5BHyperX%5D%20Liquid%60TC,0,515667,516,0.000195444699187503,Pro,bottomlane radiant
1291066,103,14,radiant,%5BHyperX%5D%20Liquid%60TC,0,516533,517,0.000195823467984378,Pro,bottomlane radiant
1292533,102,13,radiant,%5BHyperX%5D%20Liquid%60TC,0,518000,518,0.000196202236781253,Pro,bottomlane radiant
1293533,101,13,radiant,%5BHyperX%5D%20Liquid%60TC,0,519000,519,0.000196581005578128,Pro,bottomlane radiant
1294533,100,13,radiant,%5BHyperX%5D%20Liquid%60TC,0,520000,520,0.000196959774375003,Pro,bottomlane radiant
1295066,101,13,radiant,%5BHyperX%5D%20Liquid%60TC,0,520533,521,0.000197338543171878,Pro,bottomlane radiant
1296533,102,13,radiant,%5BHyperX%5D%20Liquid%60TC,0,522000,522,0.000197717311968753,Pro,bottomlane radiant
1297466,104,12,radiant,%5BHyperX%5D%20Liquid%60TC,0,522933,523,0.000198096080765628,Pro,bottomlane radiant
1298200,103,13,radiant,%5BHyperX%5D%20Liquid%60TC,0,523667,524,0.000198474849562503,Pro,bottomlane radiant
1299333,104,13,radiant,%5BHyperX%5D%20Liquid%60TC,0,524800,525,0.000198853618359378,Pro,bottomlane radiant
1300133,105,15,radiant,%5BHyperX%5D%20Liquid%60TC,0,525600,526,0.000199232387156253,Pro,bottomlane radiant
1301400,104,13,radiant,%5BHyperX%5D%20Liquid%60TC,0,526867,527,0.000199611155953128,Pro,bottomlane radiant
1302200,105,14,radiant,%5BHyperX%5D%20Liquid%60TC,0,527667,528,0.000199989924750003,Pro,bottomlane radiant
1302600,105,15,radiant,%5BHyperX%5D%20Liquid%60TC,0,528067,529,0.000200368693546878,Pro,bottomlane radiant
1304200,105,13,radiant,%5BHyperX%5D%20Liquid%60TC,0,529667,530,0.000200747462343753,Pro,bottomlane radiant
1305066,106,14,radiant,%5BHyperX%5D%20Liquid%60TC,0,530533,531,0.000201126231140628,Pro,bottomlane radiant
1305666,107,15,radiant,%5BHyperX%5D%20Liquid%60TC,0,531133,532,0.000201504999937503,Pro,bottomlane radiant
1307000,107,15,radiant,%5BHyperX%5D%20Liquid%60TC,0,532467,533,0.000201883768734378,Pro,bottomlane radiant
1308533,106,14,radiant,%5BHyperX%5D%20Liquid%60TC,0,534000,534,0.000202262537531253,Pro,bottomlane radiant
1309200,105,12,radiant,%5BHyperX%5D%20Liquid%60TC,0,534667,535,0.000202641306328128,Pro,bottomlane radiant
1310266,106,14,radiant,%5BHyperX%5D%20Liquid%60TC,0,535733,536,0.000203020075125003,Pro,bottomlane radiant
1311466,106,14,radiant,%5BHyperX%5D%20Liquid%60TC,0,536933,537,0.000203398843921878,Pro,bottomlane radiant
1312066,106,13,radiant,%5BHyperX%5D%20Liquid%60TC,0,537533,538,0.000203777612718753,Pro,bottomlane radiant
1313333,104,11,radiant,%5BHyperX%5D%20Liquid%60TC,0,538800,539,0.000204156381515628,Pro,bottomlane radiant
1314466,103,11,radiant,%5BHyperX%5D%20Liquid%60TC,0,539933,540,0.000204535150312503,Pro,bottomlane radiant
1314866,102,11,radiant,%5BHyperX%5D%20Liquid%60TC,0,540333,541,0.000204913919109378,Pro,bottomlane radiant
1314866,102,11,radiant,%5BHyperX%5D%20Liquid%60TC,0,540333,542,0.000205292687906253,Pro,bottomlane radiant
1316666,103,11,radiant,%5BHyperX%5D%20Liquid%60TC,0,542133,543,0.000205671456703128,Pro,bottomlane radiant
1318400,104,14,radiant,%5BHyperX%5D%20Liquid%60TC,0,543867,544,0.000206050225500003,Pro,bottomlane radiant
1319533,104,13,radiant,%5BHyperX%5D%20Liquid%60TC,0,545000,545,0.000206428994296878,Pro,bottomlane radiant
1320466,103,11,radiant,%5BHyperX%5D%20Liquid%60TC,0,545933,546,0.000206807763093753,Pro,bottomlane radiant
1321466,104,11,radiant,%5BHyperX%5D%20Liquid%60TC,0,546933,547,0.000207186531890628,Pro,bottomlane radiant
1322533,105,11,radiant,%5BHyperX%5D%20Liquid%60TC,0,548000,548,0.000207565300687503,Pro,bottomlane radiant
1323000,104,11,radiant,%5BHyperX%5D%20Liquid%60TC,0,548467,549,0.000207944069484378,Pro,bottomlane radiant
1324266,104,12,radiant,%5BHyperX%5D%20Liquid%60TC,0,549733,550,0.000208322838281253,Pro,bottomlane radiant
1325133,105,12,radiant,%5BHyperX%5D%20Liquid%60TC,0,550600,551,0.000208701607078128,Pro,bottomlane radiant
1326200,104,11,radiant,%5BHyperX%5D%20Liquid%60TC,0,551667,552,0.000209080375875003,Pro,bottomlane radiant
1327400,103,11,radiant,%5BHyperX%5D%20Liquid%60TC,0,552867,553,0.000209459144671878,Pro,bottomlane radiant
1328533,104,13,radiant,%5BHyperX%5D%20Liquid%60TC,0,554000,554,0.000209837913468753,Pro,bottomlane radiant
1329266,105,13,radiant,%5BHyperX%5D%20Liquid%60TC,0,554733,555,0.000210216682265628,Pro,bottomlane radiant
1330533,104,12,radiant,%5BHyperX%5D%20Liquid%60TC,0,556000,556,0.000210595451062503,Pro,bottomlane radiant
1330866,104,11,radiant,%5BHyperX%5D%20Liquid%60TC,0,556333,557,0.000210974219859378,Pro,bottomlane radiant
1330866,104,11,radiant,%5BHyperX%5D%20Liquid%60TC,0,556333,558,0.000211352988656253,Pro,bottomlane radiant
1333200,104,12,radiant,%5BHyperX%5D%20Liquid%60TC,0,558667,559,0.000211731757453128,Pro,bottomlane radiant
1334400,105,12,radiant,%5BHyperX%5D%20Liquid%60TC,0,559867,560,0.000212110526250003,Pro,bottomlane radiant
1334800,106,12,radiant,%5BHyperX%5D%20Liquid%60TC,0,560267,561,0.000212489295046878,Pro,bottomlane radiant
1336400,106,12,radiant,%5BHyperX%5D%20Liquid%60TC,0,561867,562,0.000212868063843753,Pro,bottomlane radiant
1337466,105,14,radiant,%5BHyperX%5D%20Liquid%60TC,0,562933,563,0.000213246832640628,Pro,bottomlane radiant
1338533,104,11,radiant,%5BHyperX%5D%20Liquid%60TC,0,564000,564,0.000213625601437503,Pro,bottomlane radiant
1339466,105,12,radiant,%5BHyperX%5D%20Liquid%60TC,0,564933,565,0.000214004370234378,Pro,bottomlane radiant
1340066,105,12,radiant,%5BHyperX%5D%20Liquid%60TC,0,565533,566,0.000214383139031253,Pro,bottomlane radiant
1341466,105,11,radiant,%5BHyperX%5D%20Liquid%60TC,0,566933,567,0.000214761907828128,Pro,bottomlane radiant
1342533,105,8,radiant,%5BHyperX%5D%20Liquid%60TC,0,568000,568,0.000215140676625003,Pro,bottomlane radiant
1343466,103,7,radiant,%5BHyperX%5D%20Liquid%60TC,0,568933,569,0.000215519445421878,Pro,bottomlane radiant
1344533,100,7,radiant,%5BHyperX%5D%20Liquid%60TC,0,570000,570,0.000215898214218753,Pro,bottomlane radiant
1345400,98,8,radiant,%5BHyperX%5D%20Liquid%60TC,0,570867,571,0.000216276983015628,Pro,bottomlane radiant
1346400,98,10,radiant,%5BHyperX%5D%20Liquid%60TC,0,571867,572,0.000216655751812503,Pro,bottomlane radiant
1347333,98,10,radiant,%5BHyperX%5D%20Liquid%60TC,0,572800,573,0.000217034520609378,Pro,bottomlane radiant
1348333,100,11,radiant,%5BHyperX%5D%20Liquid%60TC,0,573800,574,0.000217413289406253,Pro,bottomlane radiant
1349466,102,13,radiant,%5BHyperX%5D%20Liquid%60TC,0,574933,575,0.000217792058203128,Pro,bottomlane radiant
1350333,100,12,radiant,%5BHyperX%5D%20Liquid%60TC,0,575800,576,0.000218170827000003,Pro,bottomlane radiant
1351533,99,9,radiant,%5BHyperX%5D%20Liquid%60TC,0,577000,577,0.000218549595796878,Pro,bottomlane radiant
1352533,99,7,radiant,%5BHyperX%5D%20Liquid%60TC,0,578000,578,0.000218928364593753,Pro,bottomlane radiant
1353400,102,7,radiant,%5BHyperX%5D%20Liquid%60TC,0,578867,579,0.000219307133390628,Pro,bottomlane radiant
1354266,104,7,radiant,%5BHyperX%5D%20Liquid%60TC,0,579733,580,0.000219685902187503,Pro,bottomlane radiant
1355200,105,9,radiant,%5BHyperX%5D%20Liquid%60TC,0,580667,581,0.000220064670984378,Pro,bottomlane radiant
1356333,105,12,radiant,%5BHyperX%5D%20Liquid%60TC,0,581800,582,0.000220443439781253,Pro,bottomlane radiant
1357000,105,14,radiant,%5BHyperX%5D%20Liquid%60TC,0,582467,583,0.000220822208578128,Pro,bottomlane radiant
1358133,105,14,radiant,%5BHyperX%5D%20Liquid%60TC,0,583600,584,0.000221200977375003,Pro,bottomlane radiant
1359466,103,11,radiant,%5BHyperX%5D%20Liquid%60TC,0,584933,585,0.000221579746171878,Pro,bottomlane radiant
1360466,101,11,radiant,%5BHyperX%5D%20Liquid%60TC,0,585933,586,0.000221958514968753,Pro,bottomlane radiant
1361533,98,10,radiant,%5BHyperX%5D%20Liquid%60TC,0,587000,587,0.000222337283765628,Pro,bottomlane radiant
1362266,96,10,radiant,%5BHyperX%5D%20Liquid%60TC,0,587733,588,0.000222716052562503,Pro,bottomlane radiant
1363266,98,10,radiant,%5BHyperX%5D%20Liquid%60TC,0,588733,589,0.000223094821359378,Pro,bottomlane radiant
1364466,96,11,radiant,%5BHyperX%5D%20Liquid%60TC,0,589933,590,0.000223473590156254,Pro,bottomlane radiant
1365400,99,11,radiant,%5BHyperX%5D%20Liquid%60TC,0,590867,591,0.000223852358953129,Pro,bottomlane radiant
1365733,100,11,radiant,%5BHyperX%5D%20Liquid%60TC,0,591200,592,0.000224231127750004,Pro,bottomlane radiant
1367266,98,11,radiant,%5BHyperX%5D%20Liquid%60TC,0,592733,593,0.000224609896546879,Pro,bottomlane radiant
1368533,99,10,radiant,%5BHyperX%5D%20Liquid%60TC,0,594000,594,0.000224988665343754,Pro,bottomlane radiant
1368533,99,10,radiant,%5BHyperX%5D%20Liquid%60TC,0,594000,595,0.000225367434140629,Pro,bottomlane radiant
1368533,99,10,radiant,%5BHyperX%5D%20Liquid%60TC,0,594000,596,0.000225746202937504,Pro,bottomlane radiant
1371466,100,11,radiant,%5BHyperX%5D%20Liquid%60TC,0,596933,597,0.000226124971734379,Pro,bottomlane radiant
1372133,98,11,radiant,%5BHyperX%5D%20Liquid%60TC,0,597600,598,0.000226503740531254,Pro,bottomlane radiant
1373400,100,12,radiant,%5BHyperX%5D%20Liquid%60TC,0,598867,599,0.000226882509328129,Pro,bottomlane radiant
1374333,98,12,radiant,%5BHyperX%5D%20Liquid%60TC,0,599800,600,0.000227261278125004,Pro,bottomlane radiant
1375400,95,12,radiant,%5BHyperX%5D%20Liquid%60TC,0,600867,601,0.000227640046921879,Pro,bottomlane radiant
1376400,93,11,radiant,%5BHyperX%5D%20Liquid%60TC,0,601867,602,0.000228018815718754,Pro,bottomlane radiant
1377466,94,9,radiant,%5BHyperX%5D%20Liquid%60TC,0,602933,603,0.000228397584515629,Pro,bottomlane radiant
1378066,93,10,radiant,%5BHyperX%5D%20Liquid%60TC,0,603533,604,0.000228776353312504,Pro,bottomlane radiant
1379333,95,10,radiant,%5BHyperX%5D%20Liquid%60TC,0,604800,605,0.000229155122109379,Pro,bottomlane radiant
1380533,92,10,radiant,%5BHyperX%5D%20Liquid%60TC,0,606000,606,0.000229533890906254,Pro,bottomlane radiant
1381400,90,9,radiant,%5BHyperX%5D%20Liquid%60TC,0,606867,607,0.000229912659703129,Pro,void radiant
1382200,92,10,radiant,%5BHyperX%5D%20Liquid%60TC,0,607667,608,0.000230291428500004,Pro,bottomlane radiant
1383333,95,10,radiant,%5BHyperX%5D%20Liquid%60TC,0,608800,609,0.000230670197296879,Pro,bottomlane radiant
1384533,95,10,radiant,%5BHyperX%5D%20Liquid%60TC,0,610000,610,0.000231048966093754,Pro,bottomlane radiant
1385266,93,10,radiant,%5BHyperX%5D%20Liquid%60TC,0,610733,611,0.000231427734890629,Pro,bottomlane radiant
1386333,90,10,radiant,%5BHyperX%5D%20Liquid%60TC,0,611800,612,0.000231806503687504,Pro,bottomlane radiant
1387466,81,10,radiant,%5BHyperX%5D%20Liquid%60TC,0,612933,613,0.000232185272484379,Pro,bottomlane radiant
1388466,82,11,radiant,%5BHyperX%5D%20Liquid%60TC,0,613933,614,0.000232564041281254,Pro,bottomlane radiant
1389200,84,11,radiant,%5BHyperX%5D%20Liquid%60TC,0,614667,615,0.000232942810078129,Pro,bottomlane radiant
1390266,87,11,radiant,%5BHyperX%5D%20Liquid%60TC,0,615733,616,0.000233321578875004,Pro,bottomlane radiant
1391266,90,11,radiant,%5BHyperX%5D%20Liquid%60TC,0,616733,617,0.000233700347671879,Pro,bottomlane radiant
1392466,94,11,radiant,%5BHyperX%5D%20Liquid%60TC,0,617933,618,0.000234079116468754,Pro,bottomlane radiant
1393400,97,11,radiant,%5BHyperX%5D%20Liquid%60TC,0,618867,619,0.000234457885265629,Pro,bottomlane radiant
1394466,96,11,radiant,%5BHyperX%5D%20Liquid%60TC,0,619933,620,0.000234836654062504,Pro,bottomlane radiant
1395466,93,11,radiant,%5BHyperX%5D%20Liquid%60TC,0,620933,621,0.000235215422859379,Pro,bottomlane radiant
1396266,92,10,radiant,%5BHyperX%5D%20Liquid%60TC,0,621733,622,0.000235594191656254,Pro,bottomlane radiant
1397333,92,10,radiant,%5BHyperX%5D%20Liquid%60TC,0,622800,623,0.000235972960453129,Pro,bottomlane radiant
1398333,94,11,radiant,%5BHyperX%5D%20Liquid%60TC,0,623800,624,0.000236351729250004,Pro,bottomlane radiant
1399466,93,10,radiant,%5BHyperX%5D%20Liquid%60TC,0,624933,625,0.000236730498046879,Pro,bottomlane radiant
1400333,94,11,radiant,%5BHyperX%5D%20Liquid%60TC,0,625800,626,0.000237109266843754,Pro,bottomlane radiant
1401200,93,10,radiant,%5BHyperX%5D%20Liquid%60TC,0,626667,627,0.000237488035640629,Pro,bottomlane radiant
1402533,94,11,radiant,%5BHyperX%5D%20Liquid%60TC,0,628000,628,0.000237866804437504,Pro,bottomlane radiant
1403333,94,10,radiant,%5BHyperX%5D%20Liquid%60TC,0,628800,629,0.000238245573234379,Pro,bottomlane radiant
1404400,95,11,radiant,%5BHyperX%5D%20Liquid%60TC,0,629867,630,0.000238624342031254,Pro,bottomlane radiant
1404600,94,11,radiant,%5BHyperX%5D%20Liquid%60TC,0,630067,631,0.000239003110828129,Pro,bottomlane radiant
1406400,95,11,radiant,%5BHyperX%5D%20Liquid%60TC,0,631867,632,0.000239381879625004,Pro,bottomlane radiant
1407333,94,10,radiant,%5BHyperX%5D%20Liquid%60TC,0,632800,633,0.000239760648421879,Pro,bottomlane radiant
1408533,96,10,radiant,%5BHyperX%5D%20Liquid%60TC,0,634000,634,0.000240139417218754,Pro,bottomlane radiant
1409533,99,11,radiant,%5BHyperX%5D%20Liquid%60TC,0,635000,635,0.000240518186015629,Pro,bottomlane radiant
1410266,101,13,radiant,%5BHyperX%5D%20Liquid%60TC,0,635733,636,0.000240896954812504,Pro,bottomlane radiant
1411400,101,14,radiant,%5BHyperX%5D%20Liquid%60TC,0,636867,637,0.000241275723609379,Pro,bottomlane radiant
1412333,104,14,radiant,%5BHyperX%5D%20Liquid%60TC,0,637800,638,0.000241654492406254,Pro,bottomlane radiant
1413333,105,14,radiant,%5BHyperX%5D%20Liquid%60TC,0,638800,639,0.000242033261203129,Pro,bottomlane radiant
1414133,106,14,radiant,%5BHyperX%5D%20Liquid%60TC,0,639600,640,0.000242412030000004,Pro,bottomlane radiant
1415533,103,14,radiant,%5BHyperX%5D%20Liquid%60TC,0,641000,641,0.000242790798796879,Pro,bottomlane radiant
1415866,102,14,radiant,%5BHyperX%5D%20Liquid%60TC,0,641333,642,0.000243169567593754,Pro,bottomlane radiant
1415866,102,14,radiant,%5BHyperX%5D%20Liquid%60TC,0,641333,643,0.000243548336390629,Pro,bottomlane radiant
1418466,100,14,radiant,%5BHyperX%5D%20Liquid%60TC,0,643933,644,0.000243927105187504,Pro,bottomlane radiant
1419333,101,15,radiant,%5BHyperX%5D%20Liquid%60TC,0,644800,645,0.000244305873984379,Pro,bottomlane radiant
1420466,103,16,radiant,%5BHyperX%5D%20Liquid%60TC,0,645933,646,0.000244684642781254,Pro,bottomlane radiant
1421466,104,17,radiant,%5BHyperX%5D%20Liquid%60TC,0,646933,647,0.000245063411578129,Pro,bottomlane radiant
1422533,105,18,radiant,%5BHyperX%5D%20Liquid%60TC,0,648000,648,0.000245442180375004,Pro,bottomlane radiant
1423466,107,19,radiant,%5BHyperX%5D%20Liquid%60TC,0,648933,649,0.000245820949171879,Pro,bottomlane radiant
1424533,108,19,radiant,%5BHyperX%5D%20Liquid%60TC,0,650000,650,0.000246199717968754,Pro,bottomlane radiant
1425400,107,17,radiant,%5BHyperX%5D%20Liquid%60TC,0,650867,651,0.000246578486765629,Pro,bottomlane radiant
1426533,104,16,radiant,%5BHyperX%5D%20Liquid%60TC,0,652000,652,0.000246957255562504,Pro,bottomlane radiant
1426933,103,15,radiant,%5BHyperX%5D%20Liquid%60TC,0,652400,653,0.000247336024359379,Pro,bottomlane radiant
1428200,104,16,radiant,%5BHyperX%5D%20Liquid%60TC,0,653667,654,0.000247714793156254,Pro,bottomlane radiant
1429266,106,18,radiant,%5BHyperX%5D%20Liquid%60TC,0,654733,655,0.000248093561953129,Pro,bottomlane radiant
1430133,107,20,radiant,%5BHyperX%5D%20Liquid%60TC,0,655600,656,0.000248472330750004,Pro,bottomlane radiant
1431466,107,20,radiant,%5BHyperX%5D%20Liquid%60TC,0,656933,657,0.000248851099546879,Pro,bottomlane radiant
1432533,107,20,radiant,%5BHyperX%5D%20Liquid%60TC,0,658000,658,0.000249229868343754,Pro,bottomlane radiant
1432533,107,20,radiant,%5BHyperX%5D%20Liquid%60TC,0,658000,659,0.000249608637140629,Pro,bottomlane radiant
1434400,107,21,radiant,%5BHyperX%5D%20Liquid%60TC,0,659867,660,0.000249987405937504,Pro,bottomlane radiant
1435333,109,23,radiant,%5BHyperX%5D%20Liquid%60TC,0,660800,661,0.000250366174734379,Pro,bottomlane radiant
1436533,110,22,radiant,%5BHyperX%5D%20Liquid%60TC,0,662000,662,0.000250744943531254,Pro,bottomlane radiant
1436533,110,22,radiant,%5BHyperX%5D%20Liquid%60TC,0,662000,663,0.000251123712328129,Pro,bottomlane radiant
1436533,110,22,radiant,%5BHyperX%5D%20Liquid%60TC,0,662000,664,0.000251502481125004,Pro,bottomlane radiant
1439466,111,21,radiant,%5BHyperX%5D%20Liquid%60TC,0,664933,665,0.000251881249921879,Pro,bottomlane radiant
1440200,111,19,radiant,%5BHyperX%5D%20Liquid%60TC,0,665667,666,0.000252260018718754,Pro,bottomlane radiant
1441466,110,16,radiant,%5BHyperX%5D%20Liquid%60TC,0,666933,667,0.000252638787515629,Pro,bottomlane radiant
1442200,110,14,radiant,%5BHyperX%5D%20Liquid%60TC,0,667667,668,0.000253017556312504,Pro,bottomlane radiant
1443400,108,13,radiant,%5BHyperX%5D%20Liquid%60TC,0,668867,669,0.000253396325109379,Pro,bottomlane radiant
1444533,105,14,radiant,%5BHyperX%5D%20Liquid%60TC,0,670000,670,0.000253775093906254,Pro,bottomlane radiant
1445533,104,15,radiant,%5BHyperX%5D%20Liquid%60TC,0,671000,671,0.000254153862703129,Pro,bottomlane radiant
1446333,105,17,radiant,%5BHyperX%5D%20Liquid%60TC,0,671800,672,0.000254532631500004,Pro,bottomlane radiant
1447400,107,19,radiant,%5BHyperX%5D%20Liquid%60TC,0,672867,673,0.000254911400296879,Pro,bottomlane radiant
1448400,107,21,radiant,%5BHyperX%5D%20Liquid%60TC,0,673867,674,0.000255290169093754,Pro,bottomlane radiant
1449266,107,20,radiant,%5BHyperX%5D%20Liquid%60TC,0,674733,675,0.000255668937890629,Pro,bottomlane radiant
1450400,106,19,radiant,%5BHyperX%5D%20Liquid%60TC,0,675867,676,0.000256047706687504,Pro,bottomlane radiant
1450733,107,19,radiant,%5BHyperX%5D%20Liquid%60TC,0,676200,677,0.000256426475484379,Pro,bottomlane radiant
1452333,105,18,radiant,%5BHyperX%5D%20Liquid%60TC,0,677800,678,0.000256805244281254,Pro,bottomlane radiant
1453400,105,17,radiant,%5BHyperX%5D%20Liquid%60TC,0,678867,679,0.000257184013078129,Pro,bottomlane radiant
1454466,105,16,radiant,%5BHyperX%5D%20Liquid%60TC,0,679933,680,0.000257562781875004,Pro,bottomlane radiant
1455333,106,18,radiant,%5BHyperX%5D%20Liquid%60TC,0,680800,681,0.000257941550671879,Pro,bottomlane radiant
1456133,107,20,radiant,%5BHyperX%5D%20Liquid%60TC,0,681600,682,0.000258320319468754,Pro,bottomlane radiant
1457533,106,19,radiant,%5BHyperX%5D%20Liquid%60TC,0,683000,683,0.000258699088265629,Pro,bottomlane radiant
1458266,104,18,radiant,%5BHyperX%5D%20Liquid%60TC,0,683733,684,0.000259077857062504,Pro,bottomlane radiant
1459400,102,16,radiant,%5BHyperX%5D%20Liquid%60TC,0,684867,685,0.000259456625859379,Pro,bottomlane radiant
1460000,101,14,radiant,%5BHyperX%5D%20Liquid%60TC,0,685467,686,0.000259835394656254,Pro,bottomlane radiant
1460000,101,14,radiant,%5BHyperX%5D%20Liquid%60TC,0,685467,687,0.000260214163453129,Pro,bottomlane radiant
1462466,100,12,radiant,%5BHyperX%5D%20Liquid%60TC,0,687933,688,0.000260592932250004,Pro,bottomlane radiant
1462466,100,12,radiant,%5BHyperX%5D%20Liquid%60TC,0,687933,689,0.000260971701046879,Pro,bottomlane radiant
1464200,101,11,radiant,%5BHyperX%5D%20Liquid%60TC,0,689667,690,0.000261350469843754,Pro,bottomlane radiant
1465533,100,10,radiant,%5BHyperX%5D%20Liquid%60TC,0,691000,691,0.000261729238640629,Pro,bottomlane radiant
1466333,101,12,radiant,%5BHyperX%5D%20Liquid%60TC,0,691800,692,0.000262108007437504,Pro,bottomlane radiant
1466666,101,13,radiant,%5BHyperX%5D%20Liquid%60TC,0,692133,693,0.000262486776234379,Pro,bottomlane radiant
1466666,101,13,radiant,%5BHyperX%5D%20Liquid%60TC,0,692133,694,0.000262865545031254,Pro,bottomlane radiant
1466666,101,13,radiant,%5BHyperX%5D%20Liquid%60TC,0,692133,695,0.000263244313828129,Pro,bottomlane radiant
1466666,101,13,radiant,%5BHyperX%5D%20Liquid%60TC,0,692133,696,0.000263623082625004,Pro,bottomlane radiant
1471400,102,13,radiant,%5BHyperX%5D%20Liquid%60TC,0,696867,697,0.000264001851421879,Pro,bottomlane radiant
1472200,102,14,radiant,%5BHyperX%5D%20Liquid%60TC,0,697667,698,0.000264380620218754,Pro,bottomlane radiant
1473533,101,14,radiant,%5BHyperX%5D%20Liquid%60TC,0,699000,699,0.000264759389015629,Pro,bottomlane radiant
1474533,101,13,radiant,%5BHyperX%5D%20Liquid%60TC,0,7e+05,700,0.000265138157812504,Pro,bottomlane radiant
1475333,102,13,radiant,%5BHyperX%5D%20Liquid%60TC,0,700800,701,0.000265516926609379,Pro,bottomlane radiant
1476533,104,12,radiant,%5BHyperX%5D%20Liquid%60TC,0,702000,702,0.000265895695406254,Pro,bottomlane radiant
1477333,104,12,radiant,%5BHyperX%5D%20Liquid%60TC,0,702800,703,0.000266274464203129,Pro,bottomlane radiant
1477733,103,12,radiant,%5BHyperX%5D%20Liquid%60TC,0,703200,704,0.000266653233000004,Pro,bottomlane radiant
1479400,101,10,radiant,%5BHyperX%5D%20Liquid%60TC,0,704867,705,0.000267032001796879,Pro,bottomlane radiant
1480533,100,11,radiant,%5BHyperX%5D%20Liquid%60TC,0,706000,706,0.000267410770593754,Pro,bottomlane radiant
1481200,101,13,radiant,%5BHyperX%5D%20Liquid%60TC,0,706667,707,0.000267789539390629,Pro,bottomlane radiant
1482533,104,14,radiant,%5BHyperX%5D%20Liquid%60TC,0,708000,708,0.000268168308187504,Pro,bottomlane radiant
1483533,104,13,radiant,%5BHyperX%5D%20Liquid%60TC,0,709000,709,0.000268547076984379,Pro,bottomlane radiant
1484533,104,13,radiant,%5BHyperX%5D%20Liquid%60TC,0,710000,710,0.000268925845781254,Pro,bottomlane radiant
1484866,104,14,radiant,%5BHyperX%5D%20Liquid%60TC,0,710333,711,0.000269304614578129,Pro,bottomlane radiant
1484866,104,14,radiant,%5BHyperX%5D%20Liquid%60TC,0,710333,712,0.000269683383375004,Pro,bottomlane radiant
1484866,104,14,radiant,%5BHyperX%5D%20Liquid%60TC,0,710333,713,0.000270062152171879,Pro,bottomlane radiant
1488333,102,14,radiant,%5BHyperX%5D%20Liquid%60TC,0,713800,714,0.000270440920968754,Pro,bottomlane radiant
1489466,99,14,radiant,%5BHyperX%5D%20Liquid%60TC,0,714933,715,0.000270819689765629,Pro,bottomlane radiant
1490533,96,13,radiant,%5BHyperX%5D%20Liquid%60TC,0,716000,716,0.000271198458562504,Pro,bottomlane radiant
1491266,94,13,radiant,%5BHyperX%5D%20Liquid%60TC,0,716733,717,0.000271577227359379,Pro,bottomlane radiant
1492266,94,11,radiant,%5BHyperX%5D%20Liquid%60TC,0,717733,718,0.000271955996156254,Pro,bottomlane radiant
1492933,95,10,radiant,%5BHyperX%5D%20Liquid%60TC,0,718400,719,0.000272334764953129,Pro,bottomlane radiant
1494400,96,11,radiant,%5BHyperX%5D%20Liquid%60TC,0,719867,720,0.000272713533750004,Pro,bottomlane radiant
1495333,93,11,radiant,%5BHyperX%5D%20Liquid%60TC,0,720800,721,0.000273092302546879,Pro,bottomlane radiant
1496066,91,11,radiant,%5BHyperX%5D%20Liquid%60TC,0,721533,722,0.000273471071343754,Pro,bottomlane radiant
1496066,91,11,radiant,%5BHyperX%5D%20Liquid%60TC,0,721533,723,0.000273849840140629,Pro,bottomlane radiant
1496066,91,11,radiant,%5BHyperX%5D%20Liquid%60TC,0,721533,724,0.000274228608937504,Pro,bottomlane radiant
1499133,7,7,radiant,%5BHyperX%5D%20Liquid%60TC,0,724600,725,0.000274607377734379,Pro,base1 radiant
1500466,8,10,radiant,%5BHyperX%5D%20Liquid%60TC,0,725933,726,0.000274986146531254,Pro,base1 radiant
1500466,8,10,radiant,%5BHyperX%5D%20Liquid%60TC,0,725933,727,0.000275364915328129,Pro,base1 radiant
1500466,8,10,radiant,%5BHyperX%5D%20Liquid%60TC,0,725933,728,0.000275743684125004,Pro,base1 radiant
1500466,8,10,radiant,%5BHyperX%5D%20Liquid%60TC,0,725933,729,0.000276122452921879,Pro,base1 radiant
1504466,9,8,radiant,%5BHyperX%5D%20Liquid%60TC,0,729933,730,0.000276501221718754,Pro,base1 radiant
1504866,9,7,radiant,%5BHyperX%5D%20Liquid%60TC,0,730333,731,0.000276879990515629,Pro,base1 radiant
1506533,98,10,radiant,%5BHyperX%5D%20Liquid%60TC,0,732000,732,0.000277258759312504,Pro,bottomlane radiant
1507466,101,11,radiant,%5BHyperX%5D%20Liquid%60TC,0,732933,733,0.000277637528109379,Pro,bottomlane radiant
1508533,104,11,radiant,%5BHyperX%5D%20Liquid%60TC,0,734000,734,0.000278016296906254,Pro,bottomlane radiant
1509533,106,13,radiant,%5BHyperX%5D%20Liquid%60TC,0,735000,735,0.000278395065703129,Pro,bottomlane radiant
1510133,105,13,radiant,%5BHyperX%5D%20Liquid%60TC,0,735600,736,0.000278773834500004,Pro,bottomlane radiant
1510133,105,13,radiant,%5BHyperX%5D%20Liquid%60TC,0,735600,737,0.000279152603296879,Pro,bottomlane radiant
1512200,105,12,radiant,%5BHyperX%5D%20Liquid%60TC,0,737667,738,0.000279531372093754,Pro,bottomlane radiant
1512200,105,12,radiant,%5BHyperX%5D%20Liquid%60TC,0,737667,739,0.000279910140890629,Pro,bottomlane radiant
1513666,105,11,radiant,%5BHyperX%5D%20Liquid%60TC,0,739133,740,0.000280288909687504,Pro,bottomlane radiant
1515266,104,11,radiant,%5BHyperX%5D%20Liquid%60TC,0,740733,741,0.000280667678484379,Pro,bottomlane radiant
1516400,101,10,radiant,%5BHyperX%5D%20Liquid%60TC,0,741867,742,0.000281046447281254,Pro,bottomlane radiant
1517133,99,9,radiant,%5BHyperX%5D%20Liquid%60TC,0,742600,743,0.000281425216078129,Pro,bottomlane radiant
1518466,97,10,radiant,%5BHyperX%5D%20Liquid%60TC,0,743933,744,0.000281803984875004,Pro,bottomlane radiant
1519333,94,10,radiant,%5BHyperX%5D%20Liquid%60TC,0,744800,745,0.000282182753671879,Pro,bottomlane radiant
1519666,93,10,radiant,%5BHyperX%5D%20Liquid%60TC,0,745133,746,0.000282561522468754,Pro,bottomlane radiant
1519666,93,10,radiant,%5BHyperX%5D%20Liquid%60TC,0,745133,747,0.000282940291265629,Pro,bottomlane radiant
1522133,92,10,radiant,%5BHyperX%5D%20Liquid%60TC,0,747600,748,0.000283319060062504,Pro,bottomlane radiant
1523466,89,10,radiant,%5BHyperX%5D%20Liquid%60TC,0,748933,749,0.000283697828859379,Pro,bottomlane radiant
1524266,87,10,radiant,%5BHyperX%5D%20Liquid%60TC,0,749733,750,0.000284076597656254,Pro,bottomlane radiant
1525533,84,10,radiant,%5BHyperX%5D%20Liquid%60TC,0,751000,751,0.000284455366453129,Pro,bottomlane radiant
1526333,76,10,radiant,%5BHyperX%5D%20Liquid%60TC,0,751800,752,0.000284834135250004,Pro,bottomlane radiant
1527533,72,9,radiant,%5BHyperX%5D%20Liquid%60TC,0,753000,753,0.000285212904046879,Pro,bottomlane radiant
1528466,69,9,radiant,%5BHyperX%5D%20Liquid%60TC,0,753933,754,0.000285591672843754,Pro,bottomlane radiant
1529400,66,10,radiant,%5BHyperX%5D%20Liquid%60TC,0,754867,755,0.000285970441640629,Pro,bottomlane radiant
1530333,63,10,radiant,%5BHyperX%5D%20Liquid%60TC,0,755800,756,0.000286349210437504,Pro,bottomlane radiant
1531333,60,10,radiant,%5BHyperX%5D%20Liquid%60TC,0,756800,757,0.000286727979234379,Pro,bottomlane radiant
1532400,57,10,radiant,%5BHyperX%5D%20Liquid%60TC,0,757867,758,0.000287106748031254,Pro,bottomlane radiant
1533533,54,10,radiant,%5BHyperX%5D%20Liquid%60TC,0,759000,759,0.000287485516828129,Pro,bottomlane radiant
1534200,52,10,radiant,%5BHyperX%5D%20Liquid%60TC,0,759667,760,0.000287864285625004,Pro,bottomlane radiant
1534200,52,10,radiant,%5BHyperX%5D%20Liquid%60TC,0,759667,761,0.00028824305442188,Pro,bottomlane radiant
1534200,52,10,radiant,%5BHyperX%5D%20Liquid%60TC,0,759667,762,0.000288621823218755,Pro,bottomlane radiant
1534200,52,10,radiant,%5BHyperX%5D%20Liquid%60TC,0,759667,763,0.00028900059201563,Pro,bottomlane radiant
1534200,52,10,radiant,%5BHyperX%5D%20Liquid%60TC,0,759667,764,0.000289379360812505,Pro,bottomlane radiant
1534200,52,10,radiant,%5BHyperX%5D%20Liquid%60TC,0,759667,765,0.00028975812960938,Pro,bottomlane radiant
1534200,52,10,radiant,%5BHyperX%5D%20Liquid%60TC,0,759667,766,0.000290136898406255,Pro,bottomlane radiant
1534200,52,10,radiant,%5BHyperX%5D%20Liquid%60TC,0,759667,767,0.00029051566720313,Pro,bottomlane radiant
1534200,52,10,radiant,%5BHyperX%5D%20Liquid%60TC,0,759667,768,0.000290894436000005,Pro,bottomlane radiant
1534200,52,10,radiant,%5BHyperX%5D%20Liquid%60TC,0,759667,769,0.00029127320479688,Pro,bottomlane radiant
1534200,52,10,radiant,%5BHyperX%5D%20Liquid%60TC,0,759667,770,0.000291651973593755,Pro,bottomlane radiant
1534200,52,10,radiant,%5BHyperX%5D%20Liquid%60TC,0,759667,771,0.00029203074239063,Pro,bottomlane radiant
1534200,52,10,radiant,%5BHyperX%5D%20Liquid%60TC,0,759667,772,0.000292409511187505,Pro,bottomlane radiant
1534200,52,10,radiant,%5BHyperX%5D%20Liquid%60TC,0,759667,773,0.00029278827998438,Pro,bottomlane radiant
1534200,52,10,radiant,%5BHyperX%5D%20Liquid%60TC,0,759667,774,0.000293167048781255,Pro,bottomlane radiant
1534200,52,10,radiant,%5BHyperX%5D%20Liquid%60TC,0,759667,775,0.00029354581757813,Pro,bottomlane radiant
1534200,52,10,radiant,%5BHyperX%5D%20Liquid%60TC,0,759667,776,0.000293924586375005,Pro,bottomlane radiant
1534200,52,10,radiant,%5BHyperX%5D%20Liquid%60TC,0,759667,777,0.00029430335517188,Pro,bottomlane radiant
1534200,52,10,radiant,%5BHyperX%5D%20Liquid%60TC,0,759667,778,0.000294682123968755,Pro,bottomlane radiant
1534200,52,10,radiant,%5BHyperX%5D%20Liquid%60TC,0,759667,779,0.00029506089276563,Pro,bottomlane radiant
1534200,52,10,radiant,%5BHyperX%5D%20Liquid%60TC,0,759667,780,0.000295439661562505,Pro,bottomlane radiant
1534200,52,10,radiant,%5BHyperX%5D%20Liquid%60TC,0,759667,781,0.00029581843035938,Pro,bottomlane radiant
1534200,52,10,radiant,%5BHyperX%5D%20Liquid%60TC,0,759667,782,0.000296197199156255,Pro,bottomlane radiant
1534200,52,10,radiant,%5BHyperX%5D%20Liquid%60TC,0,759667,783,0.00029657596795313,Pro,bottomlane radiant
1534200,52,10,radiant,%5BHyperX%5D%20Liquid%60TC,0,759667,784,0.000296954736750005,Pro,bottomlane radiant
1534200,52,10,radiant,%5BHyperX%5D%20Liquid%60TC,0,759667,785,0.00029733350554688,Pro,bottomlane radiant
1560133,52,10,radiant,%5BHyperX%5D%20Liquid%60TC,0,785600,786,0.000297712274343755,Pro,bottomlane radiant
1561466,8,6,radiant,%5BHyperX%5D%20Liquid%60TC,0,786933,787,0.00029809104314063,Pro,base1 radiant
1561466,8,6,radiant,%5BHyperX%5D%20Liquid%60TC,0,786933,788,0.000298469811937505,Pro,base1 radiant
1563400,9,6,radiant,%5BHyperX%5D%20Liquid%60TC,0,788867,789,0.00029884858073438,Pro,base1 radiant
1563733,9,7,radiant,%5BHyperX%5D%20Liquid%60TC,0,789200,790,0.000299227349531255,Pro,base1 radiant
1563733,9,7,radiant,%5BHyperX%5D%20Liquid%60TC,0,789200,791,0.00029960611832813,Pro,base1 radiant
1563733,9,7,radiant,%5BHyperX%5D%20Liquid%60TC,0,789200,792,0.000299984887125005,Pro,base1 radiant
1567333,54,51,radiant,%5BHyperX%5D%20Liquid%60TC,0,792800,793,0.00030036365592188,Pro,midlane radiant
1568400,56,53,radiant,%5BHyperX%5D%20Liquid%60TC,0,793867,794,0.000300742424718755,Pro,midlane radiant
1569200,57,54,radiant,%5BHyperX%5D%20Liquid%60TC,0,794667,795,0.00030112119351563,Pro,midlane radiant
1570000,59,55,radiant,%5BHyperX%5D%20Liquid%60TC,0,795467,796,0.000301499962312505,Pro,midlane radiant
1571066,61,55,radiant,%5BHyperX%5D%20Liquid%60TC,0,796533,797,0.00030187873110938,Pro,void radiant
1572066,62,55,radiant,%5BHyperX%5D%20Liquid%60TC,0,797533,798,0.000302257499906255,Pro,river
1573333,61,55,radiant,%5BHyperX%5D%20Liquid%60TC,0,798800,799,0.00030263626870313,Pro,void radiant
1573800,60,55,radiant,%5BHyperX%5D%20Liquid%60TC,0,799267,800,0.000303015037500005,Pro,midlane radiant
1573800,60,55,radiant,%5BHyperX%5D%20Liquid%60TC,0,799267,801,0.00030339380629688,Pro,midlane radiant
1573800,60,55,radiant,%5BHyperX%5D%20Liquid%60TC,0,799267,802,0.000303772575093755,Pro,midlane radiant
1573800,60,55,radiant,%5BHyperX%5D%20Liquid%60TC,0,799267,803,0.00030415134389063,Pro,midlane radiant
1573800,60,55,radiant,%5BHyperX%5D%20Liquid%60TC,0,799267,804,0.000304530112687505,Pro,midlane radiant
1573800,60,55,radiant,%5BHyperX%5D%20Liquid%60TC,0,799267,805,0.00030490888148438,Pro,midlane radiant
1573800,60,55,radiant,%5BHyperX%5D%20Liquid%60TC,0,799267,806,0.000305287650281255,Pro,midlane radiant
1573800,60,55,radiant,%5BHyperX%5D%20Liquid%60TC,0,799267,807,0.00030566641907813,Pro,midlane radiant
1573800,60,55,radiant,%5BHyperX%5D%20Liquid%60TC,0,799267,808,0.000306045187875005,Pro,midlane radiant
1573800,60,55,radiant,%5BHyperX%5D%20Liquid%60TC,0,799267,809,0.00030642395667188,Pro,midlane radiant
1573800,60,55,radiant,%5BHyperX%5D%20Liquid%60TC,0,799267,810,0.000306802725468755,Pro,midlane radiant
1573800,60,55,radiant,%5BHyperX%5D%20Liquid%60TC,0,799267,811,0.00030718149426563,Pro,midlane radiant
1573800,60,55,radiant,%5BHyperX%5D%20Liquid%60TC,0,799267,812,0.000307560263062505,Pro,midlane radiant
1573800,60,55,radiant,%5BHyperX%5D%20Liquid%60TC,0,799267,813,0.00030793903185938,Pro,midlane radiant
1573800,60,55,radiant,%5BHyperX%5D%20Liquid%60TC,0,799267,814,0.000308317800656255,Pro,midlane radiant
1573800,60,55,radiant,%5BHyperX%5D%20Liquid%60TC,0,799267,815,0.00030869656945313,Pro,midlane radiant
1573800,60,55,radiant,%5BHyperX%5D%20Liquid%60TC,0,799267,816,0.000309075338250005,Pro,midlane radiant
1573800,60,55,radiant,%5BHyperX%5D%20Liquid%60TC,0,799267,817,0.00030945410704688,Pro,midlane radiant
1573800,60,55,radiant,%5BHyperX%5D%20Liquid%60TC,0,799267,818,0.000309832875843755,Pro,midlane radiant
1573800,60,55,radiant,%5BHyperX%5D%20Liquid%60TC,0,799267,819,0.00031021164464063,Pro,midlane radiant
1573800,60,55,radiant,%5BHyperX%5D%20Liquid%60TC,0,799267,820,0.000310590413437505,Pro,midlane radiant
1573800,60,55,radiant,%5BHyperX%5D%20Liquid%60TC,0,799267,821,0.00031096918223438,Pro,midlane radiant
1573800,60,55,radiant,%5BHyperX%5D%20Liquid%60TC,0,799267,822,0.000311347951031255,Pro,midlane radiant
1573800,60,55,radiant,%5BHyperX%5D%20Liquid%60TC,0,799267,823,0.00031172671982813,Pro,midlane radiant
1573800,60,55,radiant,%5BHyperX%5D%20Liquid%60TC,0,799267,824,0.000312105488625005,Pro,midlane radiant
1573800,60,55,radiant,%5BHyperX%5D%20Liquid%60TC,0,799267,825,0.00031248425742188,Pro,midlane radiant
1573800,60,55,radiant,%5BHyperX%5D%20Liquid%60TC,0,799267,826,0.000312863026218755,Pro,midlane radiant
1573800,60,55,radiant,%5BHyperX%5D%20Liquid%60TC,0,799267,827,0.00031324179501563,Pro,midlane radiant
1573800,60,55,radiant,%5BHyperX%5D%20Liquid%60TC,0,799267,828,0.000313620563812505,Pro,midlane radiant
1573800,60,55,radiant,%5BHyperX%5D%20Liquid%60TC,0,799267,829,0.00031399933260938,Pro,midlane radiant
1573800,60,55,radiant,%5BHyperX%5D%20Liquid%60TC,0,799267,830,0.000314378101406255,Pro,midlane radiant
1573800,60,55,radiant,%5BHyperX%5D%20Liquid%60TC,0,799267,831,0.00031475687020313,Pro,midlane radiant
1573800,60,55,radiant,%5BHyperX%5D%20Liquid%60TC,0,799267,832,0.000315135639000005,Pro,midlane radiant
1607466,9,8,radiant,%5BHyperX%5D%20Liquid%60TC,0,832933,833,0.00031551440779688,Pro,base1 radiant
1608400,11,10,radiant,%5BHyperX%5D%20Liquid%60TC,0,833867,834,0.000315893176593755,Pro,base1 radiant
1609400,12,13,radiant,%5BHyperX%5D%20Liquid%60TC,0,834867,835,0.00031627194539063,Pro,base1 radiant
1610466,14,16,radiant,%5BHyperX%5D%20Liquid%60TC,0,835933,836,0.000316650714187505,Pro,base1 radiant
1611466,15,19,radiant,%5BHyperX%5D%20Liquid%60TC,0,836933,837,0.00031702948298438,Pro,base1 radiant
1612266,17,20,radiant,%5BHyperX%5D%20Liquid%60TC,0,837733,838,0.000317408251781255,Pro,base1 radiant
1613133,18,22,radiant,%5BHyperX%5D%20Liquid%60TC,0,838600,839,0.00031778702057813,Pro,base1 radiant
1614533,21,24,radiant,%5BHyperX%5D%20Liquid%60TC,0,840000,840,0.000318165789375005,Pro,base1 radiant
1615533,24,25,radiant,%5BHyperX%5D%20Liquid%60TC,0,841000,841,0.00031854455817188,Pro,base1 radiant
1616466,26,26,radiant,%5BHyperX%5D%20Liquid%60TC,0,841933,842,0.000318923326968755,Pro,base1 radiant
1617333,29,27,radiant,%5BHyperX%5D%20Liquid%60TC,0,842800,843,0.00031930209576563,Pro,base1 radiant
1618466,31,30,radiant,%5BHyperX%5D%20Liquid%60TC,0,843933,844,0.000319680864562505,Pro,midlane radiant
1619333,33,32,radiant,%5BHyperX%5D%20Liquid%60TC,0,844800,845,0.00032005963335938,Pro,midlane radiant
1620466,36,34,radiant,%5BHyperX%5D%20Liquid%60TC,0,845933,846,0.000320438402156255,Pro,midlane radiant
1621466,38,36,radiant,%5BHyperX%5D%20Liquid%60TC,0,846933,847,0.00032081717095313,Pro,midlane radiant
1622466,40,38,radiant,%5BHyperX%5D%20Liquid%60TC,0,847933,848,0.000321195939750005,Pro,midlane radiant
1623466,42,40,radiant,%5BHyperX%5D%20Liquid%60TC,0,848933,849,0.00032157470854688,Pro,midlane radiant
1624533,44,42,radiant,%5BHyperX%5D%20Liquid%60TC,0,850000,850,0.000321953477343755,Pro,midlane radiant
1625466,46,44,radiant,%5BHyperX%5D%20Liquid%60TC,0,850933,851,0.00032233224614063,Pro,midlane radiant
1626466,48,47,radiant,%5BHyperX%5D%20Liquid%60TC,0,851933,852,0.000322711014937505,Pro,midlane radiant
1627266,50,49,radiant,%5BHyperX%5D%20Liquid%60TC,0,852733,853,0.00032308978373438,Pro,midlane radiant
1628466,53,51,radiant,%5BHyperX%5D%20Liquid%60TC,0,853933,854,0.000323468552531255,Pro,midlane radiant
1629533,53,53,radiant,%5BHyperX%5D%20Liquid%60TC,0,855000,855,0.00032384732132813,Pro,midlane radiant
1630533,54,53,radiant,%5BHyperX%5D%20Liquid%60TC,0,856000,856,0.000324226090125005,Pro,midlane radiant
1631533,56,55,radiant,%5BHyperX%5D%20Liquid%60TC,0,857000,857,0.00032460485892188,Pro,midlane radiant
1632533,58,57,radiant,%5BHyperX%5D%20Liquid%60TC,0,858000,858,0.000324983627718755,Pro,midlane radiant
1633533,57,56,radiant,%5BHyperX%5D%20Liquid%60TC,0,859000,859,0.00032536239651563,Pro,midlane radiant
1634200,57,56,radiant,%5BHyperX%5D%20Liquid%60TC,0,859667,860,0.000325741165312505,Pro,midlane radiant
1635000,56,54,radiant,%5BHyperX%5D%20Liquid%60TC,0,860467,861,0.00032611993410938,Pro,midlane radiant
1636200,57,56,radiant,%5BHyperX%5D%20Liquid%60TC,0,861667,862,0.000326498702906255,Pro,midlane radiant
1636600,57,57,radiant,%5BHyperX%5D%20Liquid%60TC,0,862067,863,0.00032687747170313,Pro,midlane radiant
1637866,57,57,radiant,%5BHyperX%5D%20Liquid%60TC,0,863333,864,0.000327256240500005,Pro,midlane radiant
1639466,57,54,radiant,%5BHyperX%5D%20Liquid%60TC,0,864933,865,0.00032763500929688,Pro,midlane radiant
1640533,57,55,radiant,%5BHyperX%5D%20Liquid%60TC,0,866000,866,0.000328013778093755,Pro,midlane radiant
1641400,59,55,radiant,%5BHyperX%5D%20Liquid%60TC,0,866867,867,0.00032839254689063,Pro,midlane radiant
1642533,59,56,radiant,%5BHyperX%5D%20Liquid%60TC,0,868000,868,0.000328771315687505,Pro,midlane radiant
1643200,58,57,radiant,%5BHyperX%5D%20Liquid%60TC,0,868667,869,0.00032915008448438,Pro,midlane radiant
1644400,60,59,radiant,%5BHyperX%5D%20Liquid%60TC,0,869867,870,0.000329528853281255,Pro,midlane radiant
1645533,60,58,radiant,%5BHyperX%5D%20Liquid%60TC,0,871000,871,0.00032990762207813,Pro,midlane radiant
1646066,61,59,radiant,%5BHyperX%5D%20Liquid%60TC,0,871533,872,0.000330286390875005,Pro,midlane dire
1647466,59,58,radiant,%5BHyperX%5D%20Liquid%60TC,0,872933,873,0.00033066515967188,Pro,midlane radiant
1648533,61,60,radiant,%5BHyperX%5D%20Liquid%60TC,0,874000,874,0.000331043928468755,Pro,midlane dire
1649333,60,61,radiant,%5BHyperX%5D%20Liquid%60TC,0,874800,875,0.00033142269726563,Pro,midlane dire
1650333,61,61,radiant,%5BHyperX%5D%20Liquid%60TC,0,875800,876,0.000331801466062505,Pro,midlane dire
1651066,62,62,radiant,%5BHyperX%5D%20Liquid%60TC,0,876533,877,0.00033218023485938,Pro,midlane dire
1652533,64,61,radiant,%5BHyperX%5D%20Liquid%60TC,0,878000,878,0.000332559003656255,Pro,midlane dire
1653533,68,60,radiant,%5BHyperX%5D%20Liquid%60TC,0,879000,879,0.00033293777245313,Pro,midlane dire
1654466,71,58,radiant,%5BHyperX%5D%20Liquid%60TC,0,879933,880,0.000333316541250005,Pro,jungle dire
1655266,71,58,radiant,%5BHyperX%5D%20Liquid%60TC,0,880733,881,0.00033369531004688,Pro,jungle dire
1656400,68,59,radiant,%5BHyperX%5D%20Liquid%60TC,0,881867,882,0.000334074078843755,Pro,jungle dire
1657266,66,59,radiant,%5BHyperX%5D%20Liquid%60TC,0,882733,883,0.00033445284764063,Pro,jungle dire
1658400,60,60,radiant,%5BHyperX%5D%20Liquid%60TC,0,883867,884,0.000334831616437505,Pro,midlane dire
1658600,59,60,radiant,%5BHyperX%5D%20Liquid%60TC,0,884067,885,0.00033521038523438,Pro,midlane radiant
1658600,59,60,radiant,%5BHyperX%5D%20Liquid%60TC,0,884067,886,0.000335589154031255,Pro,midlane radiant
1661066,58,60,radiant,%5BHyperX%5D%20Liquid%60TC,0,886533,887,0.00033596792282813,Pro,midlane radiant
1661066,58,60,radiant,%5BHyperX%5D%20Liquid%60TC,0,886533,888,0.000336346691625005,Pro,midlane radiant
1661066,58,60,radiant,%5BHyperX%5D%20Liquid%60TC,0,886533,889,0.00033672546042188,Pro,midlane radiant
1661066,58,60,radiant,%5BHyperX%5D%20Liquid%60TC,0,886533,890,0.000337104229218755,Pro,midlane radiant
1661066,58,60,radiant,%5BHyperX%5D%20Liquid%60TC,0,886533,891,0.00033748299801563,Pro,midlane radiant
1661066,58,60,radiant,%5BHyperX%5D%20Liquid%60TC,0,886533,892,0.000337861766812505,Pro,midlane radiant
1661066,58,60,radiant,%5BHyperX%5D%20Liquid%60TC,0,886533,893,0.00033824053560938,Pro,midlane radiant
1661066,58,60,radiant,%5BHyperX%5D%20Liquid%60TC,0,886533,894,0.000338619304406255,Pro,midlane radiant
1661066,58,60,radiant,%5BHyperX%5D%20Liquid%60TC,0,886533,895,0.00033899807320313,Pro,midlane radiant
1661066,58,60,radiant,%5BHyperX%5D%20Liquid%60TC,0,886533,896,0.000339376842000005,Pro,midlane radiant
1661066,58,60,radiant,%5BHyperX%5D%20Liquid%60TC,0,886533,897,0.00033975561079688,Pro,midlane radiant
1661066,58,60,radiant,%5BHyperX%5D%20Liquid%60TC,0,886533,898,0.000340134379593755,Pro,midlane radiant
1661066,58,60,radiant,%5BHyperX%5D%20Liquid%60TC,0,886533,899,0.00034051314839063,Pro,midlane radiant
1661066,58,60,radiant,%5BHyperX%5D%20Liquid%60TC,0,886533,900,0.000340891917187505,Pro,midlane radiant
1661066,58,60,radiant,%5BHyperX%5D%20Liquid%60TC,0,886533,901,0.00034127068598438,Pro,midlane radiant
1661066,58,60,radiant,%5BHyperX%5D%20Liquid%60TC,0,886533,902,0.000341649454781255,Pro,midlane radiant
1661066,58,60,radiant,%5BHyperX%5D%20Liquid%60TC,0,886533,903,0.00034202822357813,Pro,midlane radiant
1661066,58,60,radiant,%5BHyperX%5D%20Liquid%60TC,0,886533,904,0.000342406992375005,Pro,midlane radiant
1661066,58,60,radiant,%5BHyperX%5D%20Liquid%60TC,0,886533,905,0.00034278576117188,Pro,midlane radiant
1680133,58,60,radiant,%5BHyperX%5D%20Liquid%60TC,0,905600,906,0.000343164529968755,Pro,midlane radiant
1680133,58,60,radiant,%5BHyperX%5D%20Liquid%60TC,0,905600,907,0.00034354329876563,Pro,midlane radiant
1680133,58,60,radiant,%5BHyperX%5D%20Liquid%60TC,0,905600,908,0.000343922067562505,Pro,midlane radiant
1680133,58,60,radiant,%5BHyperX%5D%20Liquid%60TC,0,905600,909,0.00034430083635938,Pro,midlane radiant
1680133,58,60,radiant,%5BHyperX%5D%20Liquid%60TC,0,905600,910,0.000344679605156255,Pro,midlane radiant
1680133,58,60,radiant,%5BHyperX%5D%20Liquid%60TC,0,905600,911,0.00034505837395313,Pro,midlane radiant
1680133,58,60,radiant,%5BHyperX%5D%20Liquid%60TC,0,905600,912,0.000345437142750005,Pro,midlane radiant
1680133,58,60,radiant,%5BHyperX%5D%20Liquid%60TC,0,905600,913,0.00034581591154688,Pro,midlane radiant
1680133,58,60,radiant,%5BHyperX%5D%20Liquid%60TC,0,905600,914,0.000346194680343755,Pro,midlane radiant
1680133,58,60,radiant,%5BHyperX%5D%20Liquid%60TC,0,905600,915,0.00034657344914063,Pro,midlane radiant
1680133,58,60,radiant,%5BHyperX%5D%20Liquid%60TC,0,905600,916,0.000346952217937505,Pro,midlane radiant
1680133,58,60,radiant,%5BHyperX%5D%20Liquid%60TC,0,905600,917,0.00034733098673438,Pro,midlane radiant
1692066,10,6,radiant,%5BHyperX%5D%20Liquid%60TC,0,917533,918,0.000347709755531255,Pro,base1 radiant
1692066,10,6,radiant,%5BHyperX%5D%20Liquid%60TC,0,917533,919,0.00034808852432813,Pro,base1 radiant
1692066,10,6,radiant,%5BHyperX%5D%20Liquid%60TC,0,917533,920,0.000348467293125005,Pro,base1 radiant
1692066,10,6,radiant,%5BHyperX%5D%20Liquid%60TC,0,917533,921,0.00034884606192188,Pro,base1 radiant
1692066,10,6,radiant,%5BHyperX%5D%20Liquid%60TC,0,917533,922,0.000349224830718755,Pro,base1 radiant
1697533,11,8,radiant,%5BHyperX%5D%20Liquid%60TC,0,923000,923,0.00034960359951563,Pro,base1 radiant
1697533,11,8,radiant,%5BHyperX%5D%20Liquid%60TC,0,923000,924,0.000349982368312505,Pro,base1 radiant
1697533,11,8,radiant,%5BHyperX%5D%20Liquid%60TC,0,923000,925,0.00035036113710938,Pro,base1 radiant
1697533,11,8,radiant,%5BHyperX%5D%20Liquid%60TC,0,923000,926,0.000350739905906255,Pro,base1 radiant
1701200,15,59,radiant,%5BHyperX%5D%20Liquid%60TC,0,926667,927,0.00035111867470313,Pro,toplane radiant
1702533,16,63,radiant,%5BHyperX%5D%20Liquid%60TC,0,928000,928,0.000351497443500005,Pro,toplane radiant
1703466,15,66,radiant,%5BHyperX%5D%20Liquid%60TC,0,928933,929,0.00035187621229688,Pro,toplane radiant
1704400,15,69,radiant,%5BHyperX%5D%20Liquid%60TC,0,929867,930,0.000352254981093755,Pro,toplane radiant
1705333,15,72,radiant,%5BHyperX%5D%20Liquid%60TC,0,930800,931,0.000352633749890631,Pro,toplane radiant
1706200,14,74,radiant,%5BHyperX%5D%20Liquid%60TC,0,931667,932,0.000353012518687506,Pro,toplane radiant
1707333,14,80,radiant,%5BHyperX%5D%20Liquid%60TC,0,932800,933,0.000353391287484381,Pro,toplane dire
1708400,14,83,radiant,%5BHyperX%5D%20Liquid%60TC,0,933867,934,0.000353770056281256,Pro,toplane dire
1709400,14,86,radiant,%5BHyperX%5D%20Liquid%60TC,0,934867,935,0.000354148825078131,Pro,toplane dire
1710466,13,89,radiant,%5BHyperX%5D%20Liquid%60TC,0,935933,936,0.000354527593875006,Pro,toplane dire
1711000,12,90,radiant,%5BHyperX%5D%20Liquid%60TC,0,936467,937,0.000354906362671881,Pro,toplane dire
1712466,11,91,radiant,%5BHyperX%5D%20Liquid%60TC,0,937933,938,0.000355285131468756,Pro,toplane dire
1713333,12,89,radiant,%5BHyperX%5D%20Liquid%60TC,0,938800,939,0.000355663900265631,Pro,toplane dire
1714400,13,86,radiant,%5BHyperX%5D%20Liquid%60TC,0,939867,940,0.000356042669062506,Pro,toplane dire
1715266,13,83,radiant,%5BHyperX%5D%20Liquid%60TC,0,940733,941,0.000356421437859381,Pro,toplane dire
1716533,14,79,radiant,%5BHyperX%5D%20Liquid%60TC,0,942000,942,0.000356800206656256,Pro,toplane radiant
1717266,14,78,radiant,%5BHyperX%5D%20Liquid%60TC,0,942733,943,0.000357178975453131,Pro,toplane radiant
1718266,13,81,radiant,%5BHyperX%5D%20Liquid%60TC,0,943733,944,0.000357557744250006,Pro,toplane dire
1719266,12,84,radiant,%5BHyperX%5D%20Liquid%60TC,0,944733,945,0.000357936513046881,Pro,toplane dire
1720333,11,87,radiant,%5BHyperX%5D%20Liquid%60TC,0,945800,946,0.000358315281843756,Pro,toplane dire
1720800,11,88,radiant,%5BHyperX%5D%20Liquid%60TC,0,946267,947,0.000358694050640631,Pro,toplane dire
1722400,12,89,radiant,%5BHyperX%5D%20Liquid%60TC,0,947867,948,0.000359072819437506,Pro,toplane dire
1723533,12,91,radiant,%5BHyperX%5D%20Liquid%60TC,0,949000,949,0.000359451588234381,Pro,toplane dire
1724333,13,93,radiant,%5BHyperX%5D%20Liquid%60TC,0,949800,950,0.000359830357031256,Pro,toplane dire
1725400,12,96,radiant,%5BHyperX%5D%20Liquid%60TC,0,950867,951,0.000360209125828131,Pro,toplane dire
1726400,14,96,radiant,%5BHyperX%5D%20Liquid%60TC,0,951867,952,0.000360587894625006,Pro,toplane dire
1727466,17,97,radiant,%5BHyperX%5D%20Liquid%60TC,0,952933,953,0.000360966663421881,Pro,toplane dire
1728466,15,96,radiant,%5BHyperX%5D%20Liquid%60TC,0,953933,954,0.000361345432218756,Pro,toplane dire
1729066,15,97,radiant,%5BHyperX%5D%20Liquid%60TC,0,954533,955,0.000361724201015631,Pro,toplane dire
1730466,13,97,radiant,%5BHyperX%5D%20Liquid%60TC,0,955933,956,0.000362102969812506,Pro,toplane dire
1731400,15,97,radiant,%5BHyperX%5D%20Liquid%60TC,0,956867,957,0.000362481738609381,Pro,toplane dire
1732533,14,97,radiant,%5BHyperX%5D%20Liquid%60TC,0,958000,958,0.000362860507406256,Pro,toplane dire
1733333,12,96,radiant,%5BHyperX%5D%20Liquid%60TC,0,958800,959,0.000363239276203131,Pro,toplane dire
1734333,10,95,radiant,%5BHyperX%5D%20Liquid%60TC,0,959800,960,0.000363618045000006,Pro,toplane dire
1735200,9,93,radiant,%5BHyperX%5D%20Liquid%60TC,0,960667,961,0.000363996813796881,Pro,toplane dire
1736266,11,91,radiant,%5BHyperX%5D%20Liquid%60TC,0,961733,962,0.000364375582593756,Pro,toplane dire
1737400,12,88,radiant,%5BHyperX%5D%20Liquid%60TC,0,962867,963,0.000364754351390631,Pro,toplane dire
1738400,13,89,radiant,%5BHyperX%5D%20Liquid%60TC,0,963867,964,0.000365133120187506,Pro,toplane dire
1739200,13,91,radiant,%5BHyperX%5D%20Liquid%60TC,0,964667,965,0.000365511888984381,Pro,toplane dire
1740133,13,91,radiant,%5BHyperX%5D%20Liquid%60TC,0,965600,966,0.000365890657781256,Pro,toplane dire
1740133,13,91,radiant,%5BHyperX%5D%20Liquid%60TC,0,965600,967,0.000366269426578131,Pro,toplane dire
1740133,13,91,radiant,%5BHyperX%5D%20Liquid%60TC,0,965600,968,0.000366648195375006,Pro,toplane dire
1740133,13,91,radiant,%5BHyperX%5D%20Liquid%60TC,0,965600,969,0.000367026964171881,Pro,toplane dire
1740133,13,91,radiant,%5BHyperX%5D%20Liquid%60TC,0,965600,970,0.000367405732968756,Pro,toplane dire
1740133,13,91,radiant,%5BHyperX%5D%20Liquid%60TC,0,965600,971,0.000367784501765631,Pro,toplane dire
1740133,13,91,radiant,%5BHyperX%5D%20Liquid%60TC,0,965600,972,0.000368163270562506,Pro,toplane dire
1740133,13,91,radiant,%5BHyperX%5D%20Liquid%60TC,0,965600,973,0.000368542039359381,Pro,toplane dire
1740133,13,91,radiant,%5BHyperX%5D%20Liquid%60TC,0,965600,974,0.000368920808156256,Pro,toplane dire
1740133,13,91,radiant,%5BHyperX%5D%20Liquid%60TC,0,965600,975,0.000369299576953131,Pro,toplane dire
1740133,13,91,radiant,%5BHyperX%5D%20Liquid%60TC,0,965600,976,0.000369678345750006,Pro,toplane dire
1740133,13,91,radiant,%5BHyperX%5D%20Liquid%60TC,0,965600,977,0.000370057114546881,Pro,toplane dire
1740133,13,91,radiant,%5BHyperX%5D%20Liquid%60TC,0,965600,978,0.000370435883343756,Pro,toplane dire
1740133,13,91,radiant,%5BHyperX%5D%20Liquid%60TC,0,965600,979,0.000370814652140631,Pro,toplane dire
1740133,13,91,radiant,%5BHyperX%5D%20Liquid%60TC,0,965600,980,0.000371193420937506,Pro,toplane dire
1740133,13,91,radiant,%5BHyperX%5D%20Liquid%60TC,0,965600,981,0.000371572189734381,Pro,toplane dire
1740133,13,91,radiant,%5BHyperX%5D%20Liquid%60TC,0,965600,982,0.000371950958531256,Pro,toplane dire
1740133,13,91,radiant,%5BHyperX%5D%20Liquid%60TC,0,965600,983,0.000372329727328131,Pro,toplane dire
1740133,13,91,radiant,%5BHyperX%5D%20Liquid%60TC,0,965600,984,0.000372708496125006,Pro,toplane dire
1740133,13,91,radiant,%5BHyperX%5D%20Liquid%60TC,0,965600,985,0.000373087264921881,Pro,toplane dire
1740133,13,91,radiant,%5BHyperX%5D%20Liquid%60TC,0,965600,986,0.000373466033718756,Pro,toplane dire
1740133,13,91,radiant,%5BHyperX%5D%20Liquid%60TC,0,965600,987,0.000373844802515631,Pro,toplane dire
1740133,13,91,radiant,%5BHyperX%5D%20Liquid%60TC,0,965600,988,0.000374223571312506,Pro,toplane dire
1740133,13,91,radiant,%5BHyperX%5D%20Liquid%60TC,0,965600,989,0.000374602340109381,Pro,toplane dire
1740133,13,91,radiant,%5BHyperX%5D%20Liquid%60TC,0,965600,990,0.000374981108906256,Pro,toplane dire
1740133,13,91,radiant,%5BHyperX%5D%20Liquid%60TC,0,965600,991,0.000375359877703131,Pro,toplane dire
1740133,13,91,radiant,%5BHyperX%5D%20Liquid%60TC,0,965600,992,0.000375738646500006,Pro,toplane dire
1740133,13,91,radiant,%5BHyperX%5D%20Liquid%60TC,0,965600,993,0.000376117415296881,Pro,toplane dire
1740133,13,91,radiant,%5BHyperX%5D%20Liquid%60TC,0,965600,994,0.000376496184093756,Pro,toplane dire
1740133,13,91,radiant,%5BHyperX%5D%20Liquid%60TC,0,965600,995,0.000376874952890631,Pro,toplane dire
1740133,13,91,radiant,%5BHyperX%5D%20Liquid%60TC,0,965600,996,0.000377253721687506,Pro,toplane dire
1740133,13,91,radiant,%5BHyperX%5D%20Liquid%60TC,0,965600,997,0.000377632490484381,Pro,toplane dire
1740133,13,91,radiant,%5BHyperX%5D%20Liquid%60TC,0,965600,998,0.000378011259281256,Pro,toplane dire
1740133,13,91,radiant,%5BHyperX%5D%20Liquid%60TC,0,965600,999,0.000378390028078131,Pro,toplane dire
1774466,10,8,radiant,%5BHyperX%5D%20Liquid%60TC,0,999933,1000,0.000378768796875006,Pro,base1 radiant
1775466,12,10,radiant,%5BHyperX%5D%20Liquid%60TC,0,1000933,1001,0.000379147565671881,Pro,base1 radiant
1776400,13,13,radiant,%5BHyperX%5D%20Liquid%60TC,0,1001867,1002,0.000379526334468756,Pro,base1 radiant
1777333,14,16,radiant,%5BHyperX%5D%20Liquid%60TC,0,1002800,1003,0.000379905103265631,Pro,base1 radiant
1778333,15,19,radiant,%5BHyperX%5D%20Liquid%60TC,0,1003800,1004,0.000380283872062506,Pro,base1 radiant
1779133,17,21,radiant,%5BHyperX%5D%20Liquid%60TC,0,1004600,1005,0.000380662640859381,Pro,base1 radiant
1780200,19,23,radiant,%5BHyperX%5D%20Liquid%60TC,0,1005667,1006,0.000381041409656256,Pro,base1 radiant
1781333,22,24,radiant,%5BHyperX%5D%20Liquid%60TC,0,1006800,1007,0.000381420178453131,Pro,base1 radiant
1782466,25,25,radiant,%5BHyperX%5D%20Liquid%60TC,0,1007933,1008,0.000381798947250006,Pro,base1 radiant
1783466,27,26,radiant,%5BHyperX%5D%20Liquid%60TC,0,1008933,1009,0.000382177716046881,Pro,base1 radiant
1784200,29,27,radiant,%5BHyperX%5D%20Liquid%60TC,0,1009667,1010,0.000382556484843756,Pro,base1 radiant
1785533,32,29,radiant,%5BHyperX%5D%20Liquid%60TC,0,1011000,1011,0.000382935253640631,Pro,midlane radiant
1786533,33,32,radiant,%5BHyperX%5D%20Liquid%60TC,0,1012000,1012,0.000383314022437506,Pro,midlane radiant
1787533,36,34,radiant,%5BHyperX%5D%20Liquid%60TC,0,1013000,1013,0.000383692791234381,Pro,midlane radiant
1788333,38,36,radiant,%5BHyperX%5D%20Liquid%60TC,0,1013800,1014,0.000384071560031256,Pro,midlane radiant
1789533,40,39,radiant,%5BHyperX%5D%20Liquid%60TC,0,1015000,1015,0.000384450328828131,Pro,midlane radiant
1790466,42,41,radiant,%5BHyperX%5D%20Liquid%60TC,0,1015933,1016,0.000384829097625006,Pro,midlane radiant
1791400,44,43,radiant,%5BHyperX%5D%20Liquid%60TC,0,1016867,1017,0.000385207866421881,Pro,midlane radiant
1792466,46,45,radiant,%5BHyperX%5D%20Liquid%60TC,0,1017933,1018,0.000385586635218756,Pro,midlane radiant
1793200,48,46,radiant,%5BHyperX%5D%20Liquid%60TC,0,1018667,1019,0.000385965404015631,Pro,midlane radiant
1794400,51,48,radiant,%5BHyperX%5D%20Liquid%60TC,0,1019867,1020,0.000386344172812506,Pro,midlane radiant
1795400,53,51,radiant,%5BHyperX%5D%20Liquid%60TC,0,1020867,1021,0.000386722941609381,Pro,midlane radiant
1796266,55,53,radiant,%5BHyperX%5D%20Liquid%60TC,0,1021733,1022,0.000387101710406256,Pro,midlane radiant
1797533,58,55,radiant,%5BHyperX%5D%20Liquid%60TC,0,1023000,1023,0.000387480479203131,Pro,midlane radiant
1798533,59,58,radiant,%5BHyperX%5D%20Liquid%60TC,0,1024000,1024,0.000387859248000006,Pro,midlane radiant
1799400,60,60,radiant,%5BHyperX%5D%20Liquid%60TC,0,1024867,1025,0.000388238016796881,Pro,midlane dire
1800333,57,60,radiant,%5BHyperX%5D%20Liquid%60TC,0,1025800,1026,0.000388616785593756,Pro,midlane radiant
1801466,57,60,radiant,%5BHyperX%5D%20Liquid%60TC,0,1026933,1027,0.000388995554390631,Pro,midlane radiant
1802533,56,58,radiant,%5BHyperX%5D%20Liquid%60TC,0,1028000,1028,0.000389374323187506,Pro,midlane radiant
1802600,55,58,radiant,%5BHyperX%5D%20Liquid%60TC,0,1028067,1029,0.000389753091984381,Pro,midlane radiant
1804466,57,58,radiant,%5BHyperX%5D%20Liquid%60TC,0,1029933,1030,0.000390131860781256,Pro,midlane radiant
1805400,60,59,radiant,%5BHyperX%5D%20Liquid%60TC,0,1030867,1031,0.000390510629578131,Pro,midlane radiant
1806266,62,60,radiant,%5BHyperX%5D%20Liquid%60TC,0,1031733,1032,0.000390889398375006,Pro,midlane dire
1807533,66,61,radiant,%5BHyperX%5D%20Liquid%60TC,0,1033000,1033,0.000391268167171881,Pro,midlane dire
1808200,65,60,radiant,%5BHyperX%5D%20Liquid%60TC,0,1033667,1034,0.000391646935968756,Pro,midlane dire
1809200,64,62,radiant,%5BHyperX%5D%20Liquid%60TC,0,1034667,1035,0.000392025704765631,Pro,midlane dire
1809866,65,62,radiant,%5BHyperX%5D%20Liquid%60TC,0,1035333,1036,0.000392404473562506,Pro,midlane dire
1810800,65,61,radiant,%5BHyperX%5D%20Liquid%60TC,0,1036267,1037,0.000392783242359381,Pro,midlane dire
1812000,65,62,radiant,%5BHyperX%5D%20Liquid%60TC,0,1037467,1038,0.000393162011156256,Pro,midlane dire
1813333,65,62,radiant,%5BHyperX%5D%20Liquid%60TC,0,1038800,1039,0.000393540779953131,Pro,midlane dire
1814333,62,61,radiant,%5BHyperX%5D%20Liquid%60TC,0,1039800,1040,0.000393919548750006,Pro,midlane dire
1814800,61,60,radiant,%5BHyperX%5D%20Liquid%60TC,0,1040267,1041,0.000394298317546881,Pro,midlane dire
1816466,59,57,radiant,%5BHyperX%5D%20Liquid%60TC,0,1041933,1042,0.000394677086343756,Pro,midlane radiant
1817400,58,54,radiant,%5BHyperX%5D%20Liquid%60TC,0,1042867,1043,0.000395055855140631,Pro,midlane radiant
1818333,58,51,radiant,%5BHyperX%5D%20Liquid%60TC,0,1043800,1044,0.000395434623937506,Pro,midlane radiant
1819266,59,48,radiant,%5BHyperX%5D%20Liquid%60TC,0,1044733,1045,0.000395813392734381,Pro,jungle radiant
1820333,59,45,radiant,%5BHyperX%5D%20Liquid%60TC,0,1045800,1046,0.000396192161531256,Pro,jungle radiant
1821400,60,42,radiant,%5BHyperX%5D%20Liquid%60TC,0,1046867,1047,0.000396570930328131,Pro,jungle radiant
1822533,61,39,radiant,%5BHyperX%5D%20Liquid%60TC,0,1048000,1048,0.000396949699125006,Pro,jungle radiant
1823266,61,37,radiant,%5BHyperX%5D%20Liquid%60TC,0,1048733,1049,0.000397328467921881,Pro,jungle radiant
1823600,61,36,radiant,%5BHyperX%5D%20Liquid%60TC,0,1049067,1050,0.000397707236718756,Pro,jungle radiant
1823600,61,36,radiant,%5BHyperX%5D%20Liquid%60TC,0,1049067,1051,0.000398086005515631,Pro,jungle radiant
1823600,61,36,radiant,%5BHyperX%5D%20Liquid%60TC,0,1049067,1052,0.000398464774312506,Pro,jungle radiant
1823600,61,36,radiant,%5BHyperX%5D%20Liquid%60TC,0,1049067,1053,0.000398843543109381,Pro,jungle radiant
1823600,61,36,radiant,%5BHyperX%5D%20Liquid%60TC,0,1049067,1054,0.000399222311906256,Pro,jungle radiant
1823600,61,36,radiant,%5BHyperX%5D%20Liquid%60TC,0,1049067,1055,0.000399601080703131,Pro,jungle radiant
1823600,61,36,radiant,%5BHyperX%5D%20Liquid%60TC,0,1049067,1056,0.000399979849500006,Pro,jungle radiant
1823600,61,36,radiant,%5BHyperX%5D%20Liquid%60TC,0,1049067,1057,0.000400358618296881,Pro,jungle radiant
1832000,61,37,radiant,%5BHyperX%5D%20Liquid%60TC,0,1057467,1058,0.000400737387093756,Pro,jungle radiant
1832000,61,37,radiant,%5BHyperX%5D%20Liquid%60TC,0,1057467,1059,0.000401116155890631,Pro,jungle radiant
1834266,62,38,radiant,%5BHyperX%5D%20Liquid%60TC,0,1059733,1060,0.000401494924687506,Pro,jungle radiant
1835400,62,38,radiant,%5BHyperX%5D%20Liquid%60TC,0,1060867,1061,0.000401873693484381,Pro,jungle radiant
1836466,65,39,radiant,%5BHyperX%5D%20Liquid%60TC,0,1061933,1062,0.000402252462281256,Pro,jungle radiant
1837333,67,37,radiant,%5BHyperX%5D%20Liquid%60TC,0,1062800,1063,0.000402631231078131,Pro,jungle radiant
1838466,69,34,radiant,%5BHyperX%5D%20Liquid%60TC,0,1063933,1064,0.000403009999875006,Pro,jungle radiant
1839533,71,31,radiant,%5BHyperX%5D%20Liquid%60TC,0,1065000,1065,0.000403388768671881,Pro,jungle radiant
1840200,72,29,radiant,%5BHyperX%5D%20Liquid%60TC,0,1065667,1066,0.000403767537468756,Pro,jungle radiant
1841266,75,29,radiant,%5BHyperX%5D%20Liquid%60TC,0,1066733,1067,0.000404146306265631,Pro,jungle radiant
1842266,78,28,radiant,%5BHyperX%5D%20Liquid%60TC,0,1067733,1068,0.000404525075062506,Pro,jungle radiant
1843266,77,28,radiant,%5BHyperX%5D%20Liquid%60TC,0,1068733,1069,0.000404903843859381,Pro,jungle radiant
1844333,74,29,radiant,%5BHyperX%5D%20Liquid%60TC,0,1069800,1070,0.000405282612656256,Pro,jungle radiant
1845466,71,30,radiant,%5BHyperX%5D%20Liquid%60TC,0,1070933,1071,0.000405661381453131,Pro,jungle radiant
1846400,70,33,radiant,%5BHyperX%5D%20Liquid%60TC,0,1071867,1072,0.000406040150250006,Pro,jungle radiant
1847466,68,36,radiant,%5BHyperX%5D%20Liquid%60TC,0,1072933,1073,0.000406418919046881,Pro,jungle radiant
1848400,66,38,radiant,%5BHyperX%5D%20Liquid%60TC,0,1073867,1074,0.000406797687843756,Pro,jungle radiant
1849466,63,39,radiant,%5BHyperX%5D%20Liquid%60TC,0,1074933,1075,0.000407176456640631,Pro,jungle radiant
1850466,63,40,radiant,%5BHyperX%5D%20Liquid%60TC,0,1075933,1076,0.000407555225437506,Pro,jungle radiant
1851400,60,41,radiant,%5BHyperX%5D%20Liquid%60TC,0,1076867,1077,0.000407933994234381,Pro,jungle radiant
1852533,57,42,radiant,%5BHyperX%5D%20Liquid%60TC,0,1078000,1078,0.000408312763031256,Pro,jungle radiant
1853266,55,42,radiant,%5BHyperX%5D%20Liquid%60TC,0,1078733,1079,0.000408691531828131,Pro,jungle radiant
1854200,54,44,radiant,%5BHyperX%5D%20Liquid%60TC,0,1079667,1080,0.000409070300625006,Pro,midlane radiant
1855266,54,46,radiant,%5BHyperX%5D%20Liquid%60TC,0,1080733,1081,0.000409449069421881,Pro,midlane radiant
1856466,54,47,radiant,%5BHyperX%5D%20Liquid%60TC,0,1081933,1082,0.000409827838218756,Pro,midlane radiant
1857466,54,44,radiant,%5BHyperX%5D%20Liquid%60TC,0,1082933,1083,0.000410206607015631,Pro,midlane radiant
1858533,55,43,radiant,%5BHyperX%5D%20Liquid%60TC,0,1084000,1084,0.000410585375812506,Pro,jungle radiant
1859533,58,42,radiant,%5BHyperX%5D%20Liquid%60TC,0,1085000,1085,0.000410964144609381,Pro,jungle radiant
1860533,61,40,radiant,%5BHyperX%5D%20Liquid%60TC,0,1086000,1086,0.000411342913406256,Pro,jungle radiant
1861466,63,39,radiant,%5BHyperX%5D%20Liquid%60TC,0,1086933,1087,0.000411721682203131,Pro,jungle radiant
1862200,63,40,radiant,%5BHyperX%5D%20Liquid%60TC,0,1087667,1088,0.000412100451000006,Pro,jungle radiant
1863266,61,42,radiant,%5BHyperX%5D%20Liquid%60TC,0,1088733,1089,0.000412479219796881,Pro,jungle radiant
1864466,60,45,radiant,%5BHyperX%5D%20Liquid%60TC,0,1089933,1090,0.000412857988593756,Pro,jungle radiant
1865266,59,47,radiant,%5BHyperX%5D%20Liquid%60TC,0,1090733,1091,0.000413236757390631,Pro,jungle radiant
1866333,58,50,radiant,%5BHyperX%5D%20Liquid%60TC,0,1091800,1092,0.000413615526187506,Pro,void radiant
1867333,58,53,radiant,%5BHyperX%5D%20Liquid%60TC,0,1092800,1093,0.000413994294984381,Pro,midlane radiant
1868333,57,56,radiant,%5BHyperX%5D%20Liquid%60TC,0,1093800,1094,0.000414373063781256,Pro,midlane radiant
1869333,57,56,radiant,%5BHyperX%5D%20Liquid%60TC,0,1094800,1095,0.000414751832578131,Pro,midlane radiant
1870066,59,57,radiant,%5BHyperX%5D%20Liquid%60TC,0,1095533,1096,0.000415130601375006,Pro,midlane radiant
1871066,57,56,radiant,%5BHyperX%5D%20Liquid%60TC,0,1096533,1097,0.000415509370171881,Pro,midlane radiant
1872466,57,54,radiant,%5BHyperX%5D%20Liquid%60TC,0,1097933,1098,0.000415888138968756,Pro,midlane radiant
1873200,57,52,radiant,%5BHyperX%5D%20Liquid%60TC,0,1098667,1099,0.000416266907765631,Pro,midlane radiant
1874533,58,53,radiant,%5BHyperX%5D%20Liquid%60TC,0,1100000,1100,0.000416645676562507,Pro,midlane radiant
1875466,57,54,radiant,%5BHyperX%5D%20Liquid%60TC,0,1100933,1101,0.000417024445359382,Pro,midlane radiant
1876200,58,56,radiant,%5BHyperX%5D%20Liquid%60TC,0,1101667,1102,0.000417403214156257,Pro,midlane radiant
1877200,58,55,radiant,%5BHyperX%5D%20Liquid%60TC,0,1102667,1103,0.000417781982953132,Pro,midlane radiant
1878066,59,56,radiant,%5BHyperX%5D%20Liquid%60TC,0,1103533,1104,0.000418160751750007,Pro,midlane radiant
1879466,58,54,radiant,%5BHyperX%5D%20Liquid%60TC,0,1104933,1105,0.000418539520546882,Pro,midlane radiant
1880400,56,53,radiant,%5BHyperX%5D%20Liquid%60TC,0,1105867,1106,0.000418918289343757,Pro,midlane radiant
1881466,57,55,radiant,%5BHyperX%5D%20Liquid%60TC,0,1106933,1107,0.000419297058140632,Pro,midlane radiant
1882533,59,57,radiant,%5BHyperX%5D%20Liquid%60TC,0,1108000,1108,0.000419675826937507,Pro,midlane radiant
1883333,61,58,radiant,%5BHyperX%5D%20Liquid%60TC,0,1108800,1109,0.000420054595734382,Pro,midlane radiant
1884400,60,57,radiant,%5BHyperX%5D%20Liquid%60TC,0,1109867,1110,0.000420433364531257,Pro,midlane radiant
1885533,58,55,radiant,%5BHyperX%5D%20Liquid%60TC,0,1111000,1111,0.000420812133328132,Pro,midlane radiant
1886200,58,53,radiant,%5BHyperX%5D%20Liquid%60TC,0,1111667,1112,0.000421190902125007,Pro,midlane radiant
1887466,55,51,radiant,%5BHyperX%5D%20Liquid%60TC,0,1112933,1113,0.000421569670921882,Pro,midlane radiant
1888466,52,50,radiant,%5BHyperX%5D%20Liquid%60TC,0,1113933,1114,0.000421948439718757,Pro,midlane radiant
1889533,49,48,radiant,%5BHyperX%5D%20Liquid%60TC,0,1115000,1115,0.000422327208515632,Pro,midlane radiant
1890466,46,48,radiant,%5BHyperX%5D%20Liquid%60TC,0,1115933,1116,0.000422705977312507,Pro,midlane radiant
1891400,43,47,radiant,%5BHyperX%5D%20Liquid%60TC,0,1116867,1117,0.000423084746109382,Pro,midlane radiant
1892466,40,47,radiant,%5BHyperX%5D%20Liquid%60TC,0,1117933,1118,0.000423463514906257,Pro,midlane radiant
1893466,38,48,radiant,%5BHyperX%5D%20Liquid%60TC,0,1118933,1119,0.000423842283703132,Pro,jungle radiant
1894533,38,51,radiant,%5BHyperX%5D%20Liquid%60TC,0,1120000,1120,0.000424221052500007,Pro,jungle radiant
1894933,39,52,radiant,%5BHyperX%5D%20Liquid%60TC,0,1120400,1121,0.000424599821296882,Pro,jungle radiant
1896466,36,53,radiant,%5BHyperX%5D%20Liquid%60TC,0,1121933,1122,0.000424978590093757,Pro,jungle radiant
1897333,34,54,radiant,%5BHyperX%5D%20Liquid%60TC,0,1122800,1123,0.000425357358890632,Pro,jungle radiant
1898200,36,53,radiant,%5BHyperX%5D%20Liquid%60TC,0,1123667,1124,0.000425736127687507,Pro,jungle radiant
1899466,37,50,radiant,%5BHyperX%5D%20Liquid%60TC,0,1124933,1125,0.000426114896484382,Pro,jungle radiant
1900200,38,48,radiant,%5BHyperX%5D%20Liquid%60TC,0,1125667,1126,0.000426493665281257,Pro,jungle radiant
1901533,38,50,radiant,%5BHyperX%5D%20Liquid%60TC,0,1127000,1127,0.000426872434078132,Pro,jungle radiant
1902533,36,53,radiant,%5BHyperX%5D%20Liquid%60TC,0,1128000,1128,0.000427251202875007,Pro,jungle radiant
1903466,37,51,radiant,%5BHyperX%5D%20Liquid%60TC,0,1128933,1129,0.000427629971671882,Pro,jungle radiant
1904400,37,48,radiant,%5BHyperX%5D%20Liquid%60TC,0,1129867,1130,0.000428008740468757,Pro,jungle radiant
1904733,37,47,radiant,%5BHyperX%5D%20Liquid%60TC,0,1130200,1131,0.000428387509265632,Pro,jungle radiant
1904733,37,47,radiant,%5BHyperX%5D%20Liquid%60TC,0,1130200,1132,0.000428766278062507,Pro,jungle radiant
1907466,37,45,radiant,%5BHyperX%5D%20Liquid%60TC,0,1132933,1133,0.000429145046859382,Pro,midlane radiant
1908466,37,46,radiant,%5BHyperX%5D%20Liquid%60TC,0,1133933,1134,0.000429523815656257,Pro,jungle radiant
1909200,38,48,radiant,%5BHyperX%5D%20Liquid%60TC,0,1134667,1135,0.000429902584453132,Pro,jungle radiant
1910533,37,49,radiant,%5BHyperX%5D%20Liquid%60TC,0,1136000,1136,0.000430281353250007,Pro,jungle radiant
1911533,36,47,radiant,%5BHyperX%5D%20Liquid%60TC,0,1137000,1137,0.000430660122046882,Pro,jungle radiant
1912533,37,49,radiant,%5BHyperX%5D%20Liquid%60TC,0,1138000,1138,0.000431038890843757,Pro,jungle radiant
1912866,37,50,radiant,%5BHyperX%5D%20Liquid%60TC,0,1138333,1139,0.000431417659640632,Pro,jungle radiant
1914400,36,52,radiant,%5BHyperX%5D%20Liquid%60TC,0,1139867,1140,0.000431796428437507,Pro,jungle radiant
1915533,34,55,radiant,%5BHyperX%5D%20Liquid%60TC,0,1141000,1141,0.000432175197234382,Pro,jungle radiant
1916333,32,57,radiant,%5BHyperX%5D%20Liquid%60TC,0,1141800,1142,0.000432553966031257,Pro,jungle radiant
1917400,30,60,radiant,%5BHyperX%5D%20Liquid%60TC,0,1142867,1143,0.000432932734828132,Pro,jungle radiant
1918533,27,62,radiant,%5BHyperX%5D%20Liquid%60TC,0,1144000,1144,0.000433311503625007,Pro,jungle radiant
1919266,25,63,radiant,%5BHyperX%5D%20Liquid%60TC,0,1144733,1145,0.000433690272421882,Pro,jungle radiant
1920533,22,64,radiant,%5BHyperX%5D%20Liquid%60TC,0,1146000,1146,0.000434069041218757,Pro,jungle radiant
1921333,20,66,radiant,%5BHyperX%5D%20Liquid%60TC,0,1146800,1147,0.000434447810015632,Pro,jungle radiant
1922333,19,68,radiant,%5BHyperX%5D%20Liquid%60TC,0,1147800,1148,0.000434826578812507,Pro,toplane radiant
1923400,18,71,radiant,%5BHyperX%5D%20Liquid%60TC,0,1148867,1149,0.000435205347609382,Pro,toplane radiant
1924333,17,74,radiant,%5BHyperX%5D%20Liquid%60TC,0,1149800,1150,0.000435584116406257,Pro,toplane radiant
1925333,16,77,radiant,%5BHyperX%5D%20Liquid%60TC,0,1150800,1151,0.000435962885203132,Pro,toplane radiant
1926533,16,81,radiant,%5BHyperX%5D%20Liquid%60TC,0,1152000,1152,0.000436341654000007,Pro,toplane dire
1927533,16,84,radiant,%5BHyperX%5D%20Liquid%60TC,0,1153000,1153,0.000436720422796882,Pro,toplane dire
1928466,17,86,radiant,%5BHyperX%5D%20Liquid%60TC,0,1153933,1154,0.000437099191593757,Pro,toplane dire
1929533,19,88,radiant,%5BHyperX%5D%20Liquid%60TC,0,1155000,1155,0.000437477960390632,Pro,toplane dire
1930400,21,89,radiant,%5BHyperX%5D%20Liquid%60TC,0,1155867,1156,0.000437856729187507,Pro,jungle dire
1931333,23,91,radiant,%5BHyperX%5D%20Liquid%60TC,0,1156800,1157,0.000438235497984382,Pro,jungle dire
1932333,24,93,radiant,%5BHyperX%5D%20Liquid%60TC,0,1157800,1158,0.000438614266781257,Pro,jungle dire
1933466,26,95,radiant,%5BHyperX%5D%20Liquid%60TC,0,1158933,1159,0.000438993035578132,Pro,jungle dire
1933466,26,95,radiant,%5BHyperX%5D%20Liquid%60TC,0,1158933,1160,0.000439371804375007,Pro,jungle dire
1935200,24,95,radiant,%5BHyperX%5D%20Liquid%60TC,0,1160667,1161,0.000439750573171882,Pro,jungle dire
1936333,21,96,radiant,%5BHyperX%5D%20Liquid%60TC,0,1161800,1162,0.000440129341968757,Pro,toplane dire
1937533,18,98,radiant,%5BHyperX%5D%20Liquid%60TC,0,1163000,1163,0.000440508110765632,Pro,toplane dire
1937866,17,98,radiant,%5BHyperX%5D%20Liquid%60TC,0,1163333,1164,0.000440886879562507,Pro,toplane dire
1939533,16,99,radiant,%5BHyperX%5D%20Liquid%60TC,0,1165000,1165,0.000441265648359382,Pro,toplane dire
1940133,18,100,radiant,%5BHyperX%5D%20Liquid%60TC,0,1165600,1166,0.000441644417156257,Pro,toplane dire
1941266,18,102,radiant,%5BHyperX%5D%20Liquid%60TC,0,1166733,1167,0.000442023185953132,Pro,toplane dire
1942333,17,105,radiant,%5BHyperX%5D%20Liquid%60TC,0,1167800,1168,0.000442401954750007,Pro,toplane dire
1943333,19,107,radiant,%5BHyperX%5D%20Liquid%60TC,0,1168800,1169,0.000442780723546882,Pro,toplane dire
1944533,22,108,radiant,%5BHyperX%5D%20Liquid%60TC,0,1170000,1170,0.000443159492343757,Pro,toplane dire
1945466,25,108,radiant,%5BHyperX%5D%20Liquid%60TC,0,1170933,1171,0.000443538261140632,Pro,toplane dire
1946466,26,109,radiant,%5BHyperX%5D%20Liquid%60TC,0,1171933,1172,0.000443917029937507,Pro,toplane dire
1946733,27,109,radiant,%5BHyperX%5D%20Liquid%60TC,0,1172200,1173,0.000444295798734382,Pro,toplane dire
1948133,28,108,radiant,%5BHyperX%5D%20Liquid%60TC,0,1173600,1174,0.000444674567531257,Pro,toplane dire
1949533,28,108,radiant,%5BHyperX%5D%20Liquid%60TC,0,1175000,1175,0.000445053336328132,Pro,toplane dire
1950533,27,109,radiant,%5BHyperX%5D%20Liquid%60TC,0,1176000,1176,0.000445432105125007,Pro,toplane dire
1951200,27,109,radiant,%5BHyperX%5D%20Liquid%60TC,0,1176667,1177,0.000445810873921882,Pro,toplane dire
1952333,25,109,radiant,%5BHyperX%5D%20Liquid%60TC,0,1177800,1178,0.000446189642718757,Pro,toplane dire
1952666,25,108,radiant,%5BHyperX%5D%20Liquid%60TC,0,1178133,1179,0.000446568411515632,Pro,toplane dire
1952666,25,108,radiant,%5BHyperX%5D%20Liquid%60TC,0,1178133,1180,0.000446947180312507,Pro,toplane dire
1954866,26,108,radiant,%5BHyperX%5D%20Liquid%60TC,0,1180333,1181,0.000447325949109382,Pro,toplane dire
1955733,27,109,radiant,%5BHyperX%5D%20Liquid%60TC,0,1181200,1182,0.000447704717906257,Pro,toplane dire
1957066,26,108,radiant,%5BHyperX%5D%20Liquid%60TC,0,1182533,1183,0.000448083486703132,Pro,toplane dire
1957800,25,108,radiant,%5BHyperX%5D%20Liquid%60TC,0,1183267,1184,0.000448462255500007,Pro,toplane dire
1957800,25,108,radiant,%5BHyperX%5D%20Liquid%60TC,0,1183267,1185,0.000448841024296882,Pro,toplane dire
1960466,23,107,radiant,%5BHyperX%5D%20Liquid%60TC,0,1185933,1186,0.000449219793093757,Pro,toplane dire
1961533,19,105,radiant,%5BHyperX%5D%20Liquid%60TC,0,1187000,1187,0.000449598561890632,Pro,toplane dire
1962333,15,103,radiant,%5BHyperX%5D%20Liquid%60TC,0,1187800,1188,0.000449977330687507,Pro,toplane dire
1963533,13,101,radiant,%5BHyperX%5D%20Liquid%60TC,0,1189000,1189,0.000450356099484382,Pro,toplane dire
1964400,13,98,radiant,%5BHyperX%5D%20Liquid%60TC,0,1189867,1190,0.000450734868281257,Pro,toplane dire
1965533,10,95,radiant,%5BHyperX%5D%20Liquid%60TC,0,1191000,1191,0.000451113637078132,Pro,toplane dire
1966533,8,93,radiant,%5BHyperX%5D%20Liquid%60TC,0,1192000,1192,0.000451492405875007,Pro,laneshop dire
1967466,11,96,radiant,%5BHyperX%5D%20Liquid%60TC,0,1192933,1193,0.000451871174671882,Pro,toplane dire
1968400,20,102,radiant,%5BHyperX%5D%20Liquid%60TC,0,1193867,1194,0.000452249943468757,Pro,toplane dire
1969400,19,101,radiant,%5BHyperX%5D%20Liquid%60TC,0,1194867,1195,0.000452628712265632,Pro,toplane dire
1970266,13,96,radiant,%5BHyperX%5D%20Liquid%60TC,0,1195733,1196,0.000453007481062507,Pro,toplane dire
1971266,14,93,radiant,%5BHyperX%5D%20Liquid%60TC,0,1196733,1197,0.000453386249859382,Pro,toplane dire
1972533,18,93,radiant,%5BHyperX%5D%20Liquid%60TC,0,1198000,1198,0.000453765018656257,Pro,toplane dire
1973400,21,93,radiant,%5BHyperX%5D%20Liquid%60TC,0,1198867,1199,0.000454143787453132,Pro,toplane dire
1974466,24,92,radiant,%5BHyperX%5D%20Liquid%60TC,0,1199933,1200,0.000454522556250007,Pro,jungle dire
1975466,25,89,radiant,%5BHyperX%5D%20Liquid%60TC,0,1200933,1201,0.000454901325046882,Pro,jungle dire
1976333,23,87,radiant,%5BHyperX%5D%20Liquid%60TC,0,1201800,1202,0.000455280093843757,Pro,jungle dire
1976733,22,86,radiant,%5BHyperX%5D%20Liquid%60TC,0,1202200,1203,0.000455658862640632,Pro,jungle dire
1978533,17,81,radiant,%5BHyperX%5D%20Liquid%60TC,0,1204000,1204,0.000456037631437507,Pro,toplane dire
1979466,17,78,radiant,%5BHyperX%5D%20Liquid%60TC,0,1204933,1205,0.000456416400234382,Pro,toplane radiant
1980466,16,75,radiant,%5BHyperX%5D%20Liquid%60TC,0,1205933,1206,0.000456795169031257,Pro,toplane radiant
1981400,16,72,radiant,%5BHyperX%5D%20Liquid%60TC,0,1206867,1207,0.000457173937828132,Pro,toplane radiant
1982333,17,69,radiant,%5BHyperX%5D%20Liquid%60TC,0,1207800,1208,0.000457552706625007,Pro,toplane radiant
1983200,17,68,radiant,%5BHyperX%5D%20Liquid%60TC,0,1208667,1209,0.000457931475421882,Pro,toplane radiant
1983200,17,68,radiant,%5BHyperX%5D%20Liquid%60TC,0,1208667,1210,0.000458310244218757,Pro,toplane radiant
1985466,18,68,radiant,%5BHyperX%5D%20Liquid%60TC,0,1210933,1211,0.000458689013015632,Pro,toplane radiant
1985733,18,67,radiant,%5BHyperX%5D%20Liquid%60TC,0,1211200,1212,0.000459067781812507,Pro,toplane radiant
1985733,18,67,radiant,%5BHyperX%5D%20Liquid%60TC,0,1211200,1213,0.000459446550609382,Pro,toplane radiant
1985733,18,67,radiant,%5BHyperX%5D%20Liquid%60TC,0,1211200,1214,0.000459825319406257,Pro,toplane radiant
1985733,18,67,radiant,%5BHyperX%5D%20Liquid%60TC,0,1211200,1215,0.000460204088203132,Pro,toplane radiant
1985733,18,67,radiant,%5BHyperX%5D%20Liquid%60TC,0,1211200,1216,0.000460582857000007,Pro,toplane radiant
1985733,18,67,radiant,%5BHyperX%5D%20Liquid%60TC,0,1211200,1217,0.000460961625796882,Pro,toplane radiant
1985733,18,67,radiant,%5BHyperX%5D%20Liquid%60TC,0,1211200,1218,0.000461340394593757,Pro,toplane radiant
1985733,18,67,radiant,%5BHyperX%5D%20Liquid%60TC,0,1211200,1219,0.000461719163390632,Pro,toplane radiant
1985733,18,67,radiant,%5BHyperX%5D%20Liquid%60TC,0,1211200,1220,0.000462097932187507,Pro,toplane radiant
1985733,18,67,radiant,%5BHyperX%5D%20Liquid%60TC,0,1211200,1221,0.000462476700984382,Pro,toplane radiant
1985733,18,67,radiant,%5BHyperX%5D%20Liquid%60TC,0,1211200,1222,0.000462855469781257,Pro,toplane radiant
1985733,18,67,radiant,%5BHyperX%5D%20Liquid%60TC,0,1211200,1223,0.000463234238578132,Pro,toplane radiant
1985733,18,67,radiant,%5BHyperX%5D%20Liquid%60TC,0,1211200,1224,0.000463613007375007,Pro,toplane radiant
1985733,18,67,radiant,%5BHyperX%5D%20Liquid%60TC,0,1211200,1225,0.000463991776171882,Pro,toplane radiant
1985733,18,67,radiant,%5BHyperX%5D%20Liquid%60TC,0,1211200,1226,0.000464370544968757,Pro,toplane radiant
1985733,18,67,radiant,%5BHyperX%5D%20Liquid%60TC,0,1211200,1227,0.000464749313765632,Pro,toplane radiant
1985733,18,67,radiant,%5BHyperX%5D%20Liquid%60TC,0,1211200,1228,0.000465128082562507,Pro,toplane radiant
1985733,18,67,radiant,%5BHyperX%5D%20Liquid%60TC,0,1211200,1229,0.000465506851359382,Pro,toplane radiant
1985733,18,67,radiant,%5BHyperX%5D%20Liquid%60TC,0,1211200,1230,0.000465885620156257,Pro,toplane radiant
1985733,18,67,radiant,%5BHyperX%5D%20Liquid%60TC,0,1211200,1231,0.000466264388953132,Pro,toplane radiant
1985733,18,67,radiant,%5BHyperX%5D%20Liquid%60TC,0,1211200,1232,0.000466643157750007,Pro,toplane radiant
1985733,18,67,radiant,%5BHyperX%5D%20Liquid%60TC,0,1211200,1233,0.000467021926546882,Pro,toplane radiant
1985733,18,67,radiant,%5BHyperX%5D%20Liquid%60TC,0,1211200,1234,0.000467400695343757,Pro,toplane radiant
1985733,18,67,radiant,%5BHyperX%5D%20Liquid%60TC,0,1211200,1235,0.000467779464140632,Pro,toplane radiant
1985733,18,67,radiant,%5BHyperX%5D%20Liquid%60TC,0,1211200,1236,0.000468158232937507,Pro,toplane radiant
1985733,18,67,radiant,%5BHyperX%5D%20Liquid%60TC,0,1211200,1237,0.000468537001734382,Pro,toplane radiant
1985733,18,67,radiant,%5BHyperX%5D%20Liquid%60TC,0,1211200,1238,0.000468915770531257,Pro,toplane radiant
1985733,18,67,radiant,%5BHyperX%5D%20Liquid%60TC,0,1211200,1239,0.000469294539328132,Pro,toplane radiant
1985733,18,67,radiant,%5BHyperX%5D%20Liquid%60TC,0,1211200,1240,0.000469673308125007,Pro,toplane radiant
1985733,18,67,radiant,%5BHyperX%5D%20Liquid%60TC,0,1211200,1241,0.000470052076921882,Pro,toplane radiant
1985733,18,67,radiant,%5BHyperX%5D%20Liquid%60TC,0,1211200,1242,0.000470430845718757,Pro,toplane radiant
1985733,18,67,radiant,%5BHyperX%5D%20Liquid%60TC,0,1211200,1243,0.000470809614515632,Pro,toplane radiant
1985733,18,67,radiant,%5BHyperX%5D%20Liquid%60TC,0,1211200,1244,0.000471188383312507,Pro,toplane radiant
1985733,18,67,radiant,%5BHyperX%5D%20Liquid%60TC,0,1211200,1245,0.000471567152109382,Pro,toplane radiant
1985733,18,67,radiant,%5BHyperX%5D%20Liquid%60TC,0,1211200,1246,0.000471945920906257,Pro,toplane radiant
2021533,9,7,radiant,%5BHyperX%5D%20Liquid%60TC,0,1247000,1247,0.000472324689703132,Pro,base1 radiant
2022266,10,9,radiant,%5BHyperX%5D%20Liquid%60TC,0,1247733,1248,0.000472703458500007,Pro,base1 radiant
2023533,12,12,radiant,%5BHyperX%5D%20Liquid%60TC,0,1249000,1249,0.000473082227296882,Pro,base1 radiant
2023933,12,14,radiant,%5BHyperX%5D%20Liquid%60TC,0,1249400,1250,0.000473460996093757,Pro,base1 radiant
2023933,12,14,radiant,%5BHyperX%5D%20Liquid%60TC,0,1249400,1251,0.000473839764890632,Pro,base1 radiant
2023933,12,14,radiant,%5BHyperX%5D%20Liquid%60TC,0,1249400,1252,0.000474218533687507,Pro,base1 radiant
2027466,11,33,radiant,%5BHyperX%5D%20Liquid%60TC,0,1252933,1253,0.000474597302484382,Pro,base1 radiant
2028266,11,35,radiant,%5BHyperX%5D%20Liquid%60TC,0,1253733,1254,0.000474976071281257,Pro,base1 radiant
2029400,11,38,radiant,%5BHyperX%5D%20Liquid%60TC,0,1254867,1255,0.000475354840078132,Pro,base1 radiant
2030400,11,41,radiant,%5BHyperX%5D%20Liquid%60TC,0,1255867,1256,0.000475733608875007,Pro,toplane radiant
2031333,12,44,radiant,%5BHyperX%5D%20Liquid%60TC,0,1256800,1257,0.000476112377671882,Pro,toplane radiant
2032533,13,48,radiant,%5BHyperX%5D%20Liquid%60TC,0,1258000,1258,0.000476491146468757,Pro,toplane radiant
2033466,13,51,radiant,%5BHyperX%5D%20Liquid%60TC,0,1258933,1259,0.000476869915265632,Pro,toplane radiant
2034533,14,56,radiant,%5BHyperX%5D%20Liquid%60TC,0,1260000,1260,0.000477248684062507,Pro,toplane radiant
2035333,14,53,radiant,%5BHyperX%5D%20Liquid%60TC,0,1260800,1261,0.000477627452859382,Pro,toplane radiant
2036466,12,54,radiant,%5BHyperX%5D%20Liquid%60TC,0,1261933,1262,0.000478006221656257,Pro,toplane radiant
2037200,13,56,radiant,%5BHyperX%5D%20Liquid%60TC,0,1262667,1263,0.000478384990453132,Pro,toplane radiant
2037666,14,57,radiant,%5BHyperX%5D%20Liquid%60TC,0,1263133,1264,0.000478763759250007,Pro,toplane radiant
2038866,13,57,radiant,%5BHyperX%5D%20Liquid%60TC,0,1264333,1265,0.000479142528046882,Pro,toplane radiant
2040133,13,57,radiant,%5BHyperX%5D%20Liquid%60TC,0,1265600,1266,0.000479521296843757,Pro,toplane radiant
2041533,16,60,radiant,%5BHyperX%5D%20Liquid%60TC,0,1267000,1267,0.000479900065640632,Pro,toplane radiant
2042533,13,61,radiant,%5BHyperX%5D%20Liquid%60TC,0,1268000,1268,0.000480278834437507,Pro,toplane radiant
2043133,12,56,radiant,%5BHyperX%5D%20Liquid%60TC,0,1268600,1269,0.000480657603234383,Pro,toplane radiant
2044533,7,53,radiant,%5BHyperX%5D%20Liquid%60TC,0,1270000,1270,0.000481036372031258,Pro,void radiant
2045133,6,51,radiant,%5BHyperX%5D%20Liquid%60TC,0,1270600,1271,0.000481415140828133,Pro,void radiant
2046400,6,49,radiant,%5BHyperX%5D%20Liquid%60TC,0,1271867,1272,0.000481793909625008,Pro,void radiant
2047533,6,52,radiant,%5BHyperX%5D%20Liquid%60TC,0,1273000,1273,0.000482172678421883,Pro,void radiant
2048533,9,53,radiant,%5BHyperX%5D%20Liquid%60TC,0,1274000,1274,0.000482551447218758,Pro,void radiant
2049333,8,53,radiant,%5BHyperX%5D%20Liquid%60TC,0,1274800,1275,0.000482930216015633,Pro,void radiant
2050466,7,53,radiant,%5BHyperX%5D%20Liquid%60TC,0,1275933,1276,0.000483308984812508,Pro,void radiant
2051400,10,52,radiant,%5BHyperX%5D%20Liquid%60TC,0,1276867,1277,0.000483687753609383,Pro,void radiant
2051400,10,52,radiant,%5BHyperX%5D%20Liquid%60TC,0,1276867,1278,0.000484066522406258,Pro,void radiant
2053533,10,51,radiant,%5BHyperX%5D%20Liquid%60TC,0,1279000,1279,0.000484445291203133,Pro,void radiant
2054000,10,52,radiant,%5BHyperX%5D%20Liquid%60TC,0,1279467,1280,0.000484824060000008,Pro,void radiant
2055333,10,49,radiant,%5BHyperX%5D%20Liquid%60TC,0,1280800,1281,0.000485202828796883,Pro,void radiant
2056400,13,50,radiant,%5BHyperX%5D%20Liquid%60TC,0,1281867,1282,0.000485581597593758,Pro,toplane radiant
2057333,14,47,radiant,%5BHyperX%5D%20Liquid%60TC,0,1282800,1283,0.000485960366390633,Pro,toplane radiant
2058533,14,43,radiant,%5BHyperX%5D%20Liquid%60TC,0,1284000,1284,0.000486339135187508,Pro,toplane radiant
2059466,14,40,radiant,%5BHyperX%5D%20Liquid%60TC,0,1284933,1285,0.000486717903984383,Pro,toplane radiant
2060400,14,37,radiant,%5BHyperX%5D%20Liquid%60TC,0,1285867,1286,0.000487096672781258,Pro,base1 radiant
2061466,14,34,radiant,%5BHyperX%5D%20Liquid%60TC,0,1286933,1287,0.000487475441578133,Pro,base1 radiant
2062266,13,32,radiant,%5BHyperX%5D%20Liquid%60TC,0,1287733,1288,0.000487854210375008,Pro,base1 radiant
2063333,12,29,radiant,%5BHyperX%5D%20Liquid%60TC,0,1288800,1289,0.000488232979171883,Pro,base1 radiant
2064400,12,26,radiant,%5BHyperX%5D%20Liquid%60TC,0,1289867,1290,0.000488611747968758,Pro,base1 radiant
2065400,12,23,radiant,%5BHyperX%5D%20Liquid%60TC,0,1290867,1291,0.000488990516765633,Pro,base1 radiant
2066333,11,20,radiant,%5BHyperX%5D%20Liquid%60TC,0,1291800,1292,0.000489369285562508,Pro,base1 radiant
2067533,11,16,radiant,%5BHyperX%5D%20Liquid%60TC,0,1293000,1293,0.000489748054359383,Pro,base1 radiant
2068466,11,13,radiant,%5BHyperX%5D%20Liquid%60TC,0,1293933,1294,0.000490126823156258,Pro,base1 radiant
2069266,11,11,radiant,%5BHyperX%5D%20Liquid%60TC,0,1294733,1295,0.000490505591953133,Pro,base1 radiant
2069933,13,11,radiant,%5BHyperX%5D%20Liquid%60TC,0,1295400,1296,0.000490884360750008,Pro,base1 radiant
2071333,13,8,radiant,%5BHyperX%5D%20Liquid%60TC,0,1296800,1297,0.000491263129546883,Pro,base1 radiant
2072400,11,6,radiant,%5BHyperX%5D%20Liquid%60TC,0,1297867,1298,0.000491641898343758,Pro,base1 radiant
2073466,12,8,radiant,%5BHyperX%5D%20Liquid%60TC,0,1298933,1299,0.000492020667140633,Pro,base1 radiant
2074466,11,10,radiant,%5BHyperX%5D%20Liquid%60TC,0,1299933,1300,0.000492399435937508,Pro,base1 radiant
2075466,12,11,radiant,%5BHyperX%5D%20Liquid%60TC,0,1300933,1301,0.000492778204734383,Pro,base1 radiant
2076266,13,11,radiant,%5BHyperX%5D%20Liquid%60TC,0,1301733,1302,0.000493156973531258,Pro,base1 radiant
2077400,16,11,radiant,%5BHyperX%5D%20Liquid%60TC,0,1302867,1303,0.000493535742328133,Pro,base1 radiant
2078333,19,12,radiant,%5BHyperX%5D%20Liquid%60TC,0,1303800,1304,0.000493914511125008,Pro,base1 radiant
2079466,22,10,radiant,%5BHyperX%5D%20Liquid%60TC,0,1304933,1305,0.000494293279921883,Pro,base1 radiant
2080400,25,11,radiant,%5BHyperX%5D%20Liquid%60TC,0,1305867,1306,0.000494672048718758,Pro,base1 radiant
2081333,28,11,radiant,%5BHyperX%5D%20Liquid%60TC,0,1306800,1307,0.000495050817515633,Pro,base1 radiant
2082333,31,11,radiant,%5BHyperX%5D%20Liquid%60TC,0,1307800,1308,0.000495429586312508,Pro,base1 radiant
2083466,34,10,radiant,%5BHyperX%5D%20Liquid%60TC,0,1308933,1309,0.000495808355109383,Pro,base1 radiant
2084533,37,10,radiant,%5BHyperX%5D%20Liquid%60TC,0,1310000,1310,0.000496187123906258,Pro,bottomlane radiant
2085266,39,10,radiant,%5BHyperX%5D%20Liquid%60TC,0,1310733,1311,0.000496565892703133,Pro,bottomlane radiant
2086333,42,10,radiant,%5BHyperX%5D%20Liquid%60TC,0,1311800,1312,0.000496944661500008,Pro,bottomlane radiant
2087266,45,10,radiant,%5BHyperX%5D%20Liquid%60TC,0,1312733,1313,0.000497323430296883,Pro,bottomlane radiant
2088466,49,10,radiant,%5BHyperX%5D%20Liquid%60TC,0,1313933,1314,0.000497702199093758,Pro,bottomlane radiant
2089400,52,10,radiant,%5BHyperX%5D%20Liquid%60TC,0,1314867,1315,0.000498080967890633,Pro,bottomlane radiant
2090333,55,10,radiant,%5BHyperX%5D%20Liquid%60TC,0,1315800,1316,0.000498459736687508,Pro,bottomlane radiant
2091333,58,10,radiant,%5BHyperX%5D%20Liquid%60TC,0,1316800,1317,0.000498838505484383,Pro,bottomlane radiant
2092400,61,10,radiant,%5BHyperX%5D%20Liquid%60TC,0,1317867,1318,0.000499217274281258,Pro,bottomlane radiant
2093466,64,9,radiant,%5BHyperX%5D%20Liquid%60TC,0,1318933,1319,0.000499596043078133,Pro,bottomlane radiant
2094533,67,9,radiant,%5BHyperX%5D%20Liquid%60TC,0,1320000,1320,0.000499974811875008,Pro,bottomlane radiant
2095533,70,9,radiant,%5BHyperX%5D%20Liquid%60TC,0,1321000,1321,0.000500353580671883,Pro,bottomlane radiant
2096466,73,9,radiant,%5BHyperX%5D%20Liquid%60TC,0,1321933,1322,0.000500732349468758,Pro,bottomlane radiant
2097333,76,10,radiant,%5BHyperX%5D%20Liquid%60TC,0,1322800,1323,0.000501111118265633,Pro,bottomlane radiant
2098333,79,11,radiant,%5BHyperX%5D%20Liquid%60TC,0,1323800,1324,0.000501489887062508,Pro,bottomlane radiant
2099533,80,11,radiant,%5BHyperX%5D%20Liquid%60TC,0,1325000,1325,0.000501868655859383,Pro,bottomlane radiant
2100466,80,11,radiant,%5BHyperX%5D%20Liquid%60TC,0,1325933,1326,0.000502247424656258,Pro,bottomlane radiant
2101466,79,12,radiant,%5BHyperX%5D%20Liquid%60TC,0,1326933,1327,0.000502626193453133,Pro,bottomlane radiant
2102266,81,12,radiant,%5BHyperX%5D%20Liquid%60TC,0,1327733,1328,0.000503004962250008,Pro,bottomlane radiant
2103400,81,11,radiant,%5BHyperX%5D%20Liquid%60TC,0,1328867,1329,0.000503383731046883,Pro,bottomlane radiant
2103400,81,11,radiant,%5BHyperX%5D%20Liquid%60TC,0,1328867,1330,0.000503762499843758,Pro,bottomlane radiant
2105533,81,12,radiant,%5BHyperX%5D%20Liquid%60TC,0,1331000,1331,0.000504141268640633,Pro,bottomlane radiant
2105533,81,12,radiant,%5BHyperX%5D%20Liquid%60TC,0,1331000,1332,0.000504520037437508,Pro,bottomlane radiant
2107400,82,12,radiant,%5BHyperX%5D%20Liquid%60TC,0,1332867,1333,0.000504898806234383,Pro,bottomlane radiant
2108533,84,12,radiant,%5BHyperX%5D%20Liquid%60TC,0,1334000,1334,0.000505277575031258,Pro,bottomlane radiant
2109533,81,13,radiant,%5BHyperX%5D%20Liquid%60TC,0,1335000,1335,0.000505656343828133,Pro,bottomlane radiant
2110333,79,14,radiant,%5BHyperX%5D%20Liquid%60TC,0,1335800,1336,0.000506035112625008,Pro,bottomlane radiant
2111533,77,17,radiant,%5BHyperX%5D%20Liquid%60TC,0,1337000,1337,0.000506413881421883,Pro,bottomlane radiant
2112533,76,20,radiant,%5BHyperX%5D%20Liquid%60TC,0,1338000,1338,0.000506792650218758,Pro,jungle radiant
2113533,75,23,radiant,%5BHyperX%5D%20Liquid%60TC,0,1339000,1339,0.000507171419015633,Pro,jungle radiant
2114533,73,26,radiant,%5BHyperX%5D%20Liquid%60TC,0,1340000,1340,0.000507550187812508,Pro,jungle radiant
2115333,72,28,radiant,%5BHyperX%5D%20Liquid%60TC,0,1340800,1341,0.000507928956609383,Pro,jungle radiant
2116533,71,31,radiant,%5BHyperX%5D%20Liquid%60TC,0,1342000,1342,0.000508307725406258,Pro,jungle radiant
2117333,70,33,radiant,%5BHyperX%5D%20Liquid%60TC,0,1342800,1343,0.000508686494203133,Pro,jungle radiant
2118533,68,36,radiant,%5BHyperX%5D%20Liquid%60TC,0,1344000,1344,0.000509065263000008,Pro,jungle radiant
2119466,67,38,radiant,%5BHyperX%5D%20Liquid%60TC,0,1344933,1345,0.000509444031796883,Pro,jungle radiant
2120466,64,39,radiant,%5BHyperX%5D%20Liquid%60TC,0,1345933,1346,0.000509822800593758,Pro,jungle radiant
2121466,62,41,radiant,%5BHyperX%5D%20Liquid%60TC,0,1346933,1347,0.000510201569390633,Pro,jungle radiant
2122466,60,43,radiant,%5BHyperX%5D%20Liquid%60TC,0,1347933,1348,0.000510580338187508,Pro,jungle radiant
2123466,59,46,radiant,%5BHyperX%5D%20Liquid%60TC,0,1348933,1349,0.000510959106984383,Pro,jungle radiant
2123866,59,47,radiant,%5BHyperX%5D%20Liquid%60TC,0,1349333,1350,0.000511337875781258,Pro,jungle radiant
2125533,58,49,radiant,%5BHyperX%5D%20Liquid%60TC,0,1351000,1351,0.000511716644578133,Pro,void radiant
2126400,57,51,radiant,%5BHyperX%5D%20Liquid%60TC,0,1351867,1352,0.000512095413375008,Pro,midlane radiant
2127466,56,53,radiant,%5BHyperX%5D%20Liquid%60TC,0,1352933,1353,0.000512474182171883,Pro,midlane radiant
2128333,58,55,radiant,%5BHyperX%5D%20Liquid%60TC,0,1353800,1354,0.000512852950968758,Pro,midlane radiant
2129200,60,57,radiant,%5BHyperX%5D%20Liquid%60TC,0,1354667,1355,0.000513231719765633,Pro,midlane radiant
2130466,59,55,radiant,%5BHyperX%5D%20Liquid%60TC,0,1355933,1356,0.000513610488562508,Pro,midlane radiant
2131200,57,53,radiant,%5BHyperX%5D%20Liquid%60TC,0,1356667,1357,0.000513989257359383,Pro,midlane radiant
2132466,57,52,radiant,%5BHyperX%5D%20Liquid%60TC,0,1357933,1358,0.000514368026156258,Pro,midlane radiant
2133333,58,54,radiant,%5BHyperX%5D%20Liquid%60TC,0,1358800,1359,0.000514746794953133,Pro,midlane radiant
2134200,58,55,radiant,%5BHyperX%5D%20Liquid%60TC,0,1359667,1360,0.000515125563750008,Pro,midlane radiant
2135333,58,55,radiant,%5BHyperX%5D%20Liquid%60TC,0,1360800,1361,0.000515504332546883,Pro,midlane radiant
2136200,59,57,radiant,%5BHyperX%5D%20Liquid%60TC,0,1361667,1362,0.000515883101343758,Pro,midlane radiant
2137333,58,55,radiant,%5BHyperX%5D%20Liquid%60TC,0,1362800,1363,0.000516261870140633,Pro,midlane radiant
2138466,58,53,radiant,%5BHyperX%5D%20Liquid%60TC,0,1363933,1364,0.000516640638937508,Pro,midlane radiant
2139333,57,52,radiant,%5BHyperX%5D%20Liquid%60TC,0,1364800,1365,0.000517019407734383,Pro,midlane radiant
2140200,56,54,radiant,%5BHyperX%5D%20Liquid%60TC,0,1365667,1366,0.000517398176531258,Pro,midlane radiant
2141333,53,54,radiant,%5BHyperX%5D%20Liquid%60TC,0,1366800,1367,0.000517776945328133,Pro,midlane radiant
2142466,56,55,radiant,%5BHyperX%5D%20Liquid%60TC,0,1367933,1368,0.000518155714125008,Pro,midlane radiant
2143266,58,56,radiant,%5BHyperX%5D%20Liquid%60TC,0,1368733,1369,0.000518534482921883,Pro,midlane radiant
2144400,59,57,radiant,%5BHyperX%5D%20Liquid%60TC,0,1369867,1370,0.000518913251718758,Pro,midlane radiant
2145466,60,58,radiant,%5BHyperX%5D%20Liquid%60TC,0,1370933,1371,0.000519292020515633,Pro,midlane radiant
2146000,61,59,radiant,%5BHyperX%5D%20Liquid%60TC,0,1371467,1372,0.000519670789312508,Pro,midlane dire
2146733,62,58,radiant,%5BHyperX%5D%20Liquid%60TC,0,1372200,1373,0.000520049558109383,Pro,midlane dire
2146733,62,58,radiant,%5BHyperX%5D%20Liquid%60TC,0,1372200,1374,0.000520428326906258,Pro,midlane dire
2149133,61,58,radiant,%5BHyperX%5D%20Liquid%60TC,0,1374600,1375,0.000520807095703133,Pro,midlane radiant
2150533,60,58,radiant,%5BHyperX%5D%20Liquid%60TC,0,1376000,1376,0.000521185864500008,Pro,midlane radiant
2151266,58,59,radiant,%5BHyperX%5D%20Liquid%60TC,0,1376733,1377,0.000521564633296883,Pro,midlane radiant
2152400,57,62,radiant,%5BHyperX%5D%20Liquid%60TC,0,1377867,1378,0.000521943402093758,Pro,river
2153466,60,62,radiant,%5BHyperX%5D%20Liquid%60TC,0,1378933,1379,0.000522322170890633,Pro,midlane dire
2154333,61,64,radiant,%5BHyperX%5D%20Liquid%60TC,0,1379800,1380,0.000522700939687508,Pro,midlane dire
2155333,60,62,radiant,%5BHyperX%5D%20Liquid%60TC,0,1380800,1381,0.000523079708484383,Pro,midlane dire
2156466,61,62,radiant,%5BHyperX%5D%20Liquid%60TC,0,1381933,1382,0.000523458477281258,Pro,midlane dire
2157333,61,65,radiant,%5BHyperX%5D%20Liquid%60TC,0,1382800,1383,0.000523837246078133,Pro,midlane dire
2158533,60,62,radiant,%5BHyperX%5D%20Liquid%60TC,0,1384000,1384,0.000524216014875008,Pro,midlane dire
2159400,58,61,radiant,%5BHyperX%5D%20Liquid%60TC,0,1384867,1385,0.000524594783671883,Pro,midlane radiant
2160133,58,61,radiant,%5BHyperX%5D%20Liquid%60TC,0,1385600,1386,0.000524973552468758,Pro,midlane radiant
2161466,56,59,radiant,%5BHyperX%5D%20Liquid%60TC,0,1386933,1387,0.000525352321265633,Pro,midlane radiant
2162333,54,57,radiant,%5BHyperX%5D%20Liquid%60TC,0,1387800,1388,0.000525731090062508,Pro,midlane radiant
2163266,52,55,radiant,%5BHyperX%5D%20Liquid%60TC,0,1388733,1389,0.000526109858859383,Pro,midlane radiant
2164466,51,52,radiant,%5BHyperX%5D%20Liquid%60TC,0,1389933,1390,0.000526488627656258,Pro,midlane radiant
2165533,52,53,radiant,%5BHyperX%5D%20Liquid%60TC,0,1391000,1391,0.000526867396453133,Pro,midlane radiant
2166400,52,52,radiant,%5BHyperX%5D%20Liquid%60TC,0,1391867,1392,0.000527246165250008,Pro,midlane radiant
2167333,55,51,radiant,%5BHyperX%5D%20Liquid%60TC,0,1392800,1393,0.000527624934046883,Pro,midlane radiant
2168466,58,49,radiant,%5BHyperX%5D%20Liquid%60TC,0,1393933,1394,0.000528003702843758,Pro,void radiant
2169466,59,46,radiant,%5BHyperX%5D%20Liquid%60TC,0,1394933,1395,0.000528382471640633,Pro,jungle radiant
2170400,60,43,radiant,%5BHyperX%5D%20Liquid%60TC,0,1395867,1396,0.000528761240437508,Pro,jungle radiant
2171266,62,41,radiant,%5BHyperX%5D%20Liquid%60TC,0,1396733,1397,0.000529140009234383,Pro,jungle radiant
2172533,64,39,radiant,%5BHyperX%5D%20Liquid%60TC,0,1398000,1398,0.000529518778031258,Pro,jungle radiant
2173533,67,38,radiant,%5BHyperX%5D%20Liquid%60TC,0,1399000,1399,0.000529897546828133,Pro,jungle radiant
2174200,68,36,radiant,%5BHyperX%5D%20Liquid%60TC,0,1399667,1400,0.000530276315625008,Pro,jungle radiant
2175266,68,34,radiant,%5BHyperX%5D%20Liquid%60TC,0,1400733,1401,0.000530655084421883,Pro,jungle radiant
2176200,68,31,radiant,%5BHyperX%5D%20Liquid%60TC,0,1401667,1402,0.000531033853218758,Pro,jungle radiant
2177466,66,28,radiant,%5BHyperX%5D%20Liquid%60TC,0,1402933,1403,0.000531412622015633,Pro,jungle radiant
2178333,64,26,radiant,%5BHyperX%5D%20Liquid%60TC,0,1403800,1404,0.000531791390812508,Pro,jungle radiant
2179266,62,24,radiant,%5BHyperX%5D%20Liquid%60TC,0,1404733,1405,0.000532170159609383,Pro,jungle radiant
2180533,60,21,radiant,%5BHyperX%5D%20Liquid%60TC,0,1406000,1406,0.000532548928406258,Pro,jungle radiant
2181466,58,19,radiant,%5BHyperX%5D%20Liquid%60TC,0,1406933,1407,0.000532927697203133,Pro,jungle radiant
2182333,57,17,radiant,%5BHyperX%5D%20Liquid%60TC,0,1407800,1408,0.000533306466000008,Pro,jungle radiant
2183533,56,14,radiant,%5BHyperX%5D%20Liquid%60TC,0,1409000,1409,0.000533685234796883,Pro,void radiant
2184266,56,12,radiant,%5BHyperX%5D%20Liquid%60TC,0,1409733,1410,0.000534064003593758,Pro,bottomlane radiant
2185533,59,10,radiant,%5BHyperX%5D%20Liquid%60TC,0,1411000,1411,0.000534442772390633,Pro,bottomlane radiant
2186266,60,9,radiant,%5BHyperX%5D%20Liquid%60TC,0,1411733,1412,0.000534821541187508,Pro,bottomlane radiant
2187266,63,9,radiant,%5BHyperX%5D%20Liquid%60TC,0,1412733,1413,0.000535200309984383,Pro,bottomlane radiant
2188466,64,10,radiant,%5BHyperX%5D%20Liquid%60TC,0,1413933,1414,0.000535579078781258,Pro,bottomlane radiant
2189533,65,8,radiant,%5BHyperX%5D%20Liquid%60TC,0,1415000,1415,0.000535957847578133,Pro,bottomlane radiant
2190000,64,9,radiant,%5BHyperX%5D%20Liquid%60TC,0,1415467,1416,0.000536336616375008,Pro,bottomlane radiant
2191200,65,9,radiant,%5BHyperX%5D%20Liquid%60TC,0,1416667,1417,0.000536715385171883,Pro,bottomlane radiant
2192400,65,9,radiant,%5BHyperX%5D%20Liquid%60TC,0,1417867,1418,0.000537094153968758,Pro,bottomlane radiant
2193466,64,9,radiant,%5BHyperX%5D%20Liquid%60TC,0,1418933,1419,0.000537472922765633,Pro,bottomlane radiant
2194533,65,8,radiant,%5BHyperX%5D%20Liquid%60TC,0,1420000,1420,0.000537851691562508,Pro,bottomlane radiant
2195266,64,9,radiant,%5BHyperX%5D%20Liquid%60TC,0,1420733,1421,0.000538230460359383,Pro,bottomlane radiant
2196333,65,10,radiant,%5BHyperX%5D%20Liquid%60TC,0,1421800,1422,0.000538609229156258,Pro,bottomlane radiant
2197400,65,10,radiant,%5BHyperX%5D%20Liquid%60TC,0,1422867,1423,0.000538987997953133,Pro,bottomlane radiant
2198400,62,10,radiant,%5BHyperX%5D%20Liquid%60TC,0,1423867,1424,0.000539366766750008,Pro,bottomlane radiant
2199533,59,11,radiant,%5BHyperX%5D%20Liquid%60TC,0,1425000,1425,0.000539745535546883,Pro,bottomlane radiant
2200333,56,11,radiant,%5BHyperX%5D%20Liquid%60TC,0,1425800,1426,0.000540124304343758,Pro,bottomlane radiant
2201533,52,12,radiant,%5BHyperX%5D%20Liquid%60TC,0,1427000,1427,0.000540503073140633,Pro,bottomlane radiant
2202333,50,13,radiant,%5BHyperX%5D%20Liquid%60TC,0,1427800,1428,0.000540881841937508,Pro,bottomlane radiant
2203466,48,15,radiant,%5BHyperX%5D%20Liquid%60TC,0,1428933,1429,0.000541260610734383,Pro,void radiant
2204466,46,17,radiant,%5BHyperX%5D%20Liquid%60TC,0,1429933,1430,0.000541639379531258,Pro,jungle radiant
2205333,44,19,radiant,%5BHyperX%5D%20Liquid%60TC,0,1430800,1431,0.000542018148328133,Pro,jungle radiant
2206533,43,22,radiant,%5BHyperX%5D%20Liquid%60TC,0,1432000,1432,0.000542396917125008,Pro,jungle radiant
2207266,42,24,radiant,%5BHyperX%5D%20Liquid%60TC,0,1432733,1433,0.000542775685921884,Pro,jungle radiant
2208400,41,27,radiant,%5BHyperX%5D%20Liquid%60TC,0,1433867,1434,0.000543154454718759,Pro,void radiant
2209400,43,28,radiant,%5BHyperX%5D%20Liquid%60TC,0,1434867,1435,0.000543533223515634,Pro,jungle radiant
2210400,42,29,radiant,%5BHyperX%5D%20Liquid%60TC,0,1435867,1436,0.000543911992312509,Pro,jungle radiant
2211466,41,32,radiant,%5BHyperX%5D%20Liquid%60TC,0,1436933,1437,0.000544290761109384,Pro,midlane radiant
2212400,40,35,radiant,%5BHyperX%5D%20Liquid%60TC,0,1437867,1438,0.000544669529906259,Pro,midlane radiant
2213400,40,38,radiant,%5BHyperX%5D%20Liquid%60TC,0,1438867,1439,0.000545048298703134,Pro,midlane radiant
2214466,39,41,radiant,%5BHyperX%5D%20Liquid%60TC,0,1439933,1440,0.000545427067500009,Pro,midlane radiant
2215200,39,43,radiant,%5BHyperX%5D%20Liquid%60TC,0,1440667,1441,0.000545805836296884,Pro,midlane radiant
2216333,39,40,radiant,%5BHyperX%5D%20Liquid%60TC,0,1441800,1442,0.000546184605093759,Pro,midlane radiant
2217333,39,37,radiant,%5BHyperX%5D%20Liquid%60TC,0,1442800,1443,0.000546563373890634,Pro,midlane radiant
2218266,39,34,radiant,%5BHyperX%5D%20Liquid%60TC,0,1443733,1444,0.000546942142687509,Pro,midlane radiant
2219533,39,30,radiant,%5BHyperX%5D%20Liquid%60TC,0,1445000,1445,0.000547320911484384,Pro,midlane radiant
2220266,40,28,radiant,%5BHyperX%5D%20Liquid%60TC,0,1445733,1446,0.000547699680281259,Pro,midlane radiant
2221333,42,25,radiant,%5BHyperX%5D%20Liquid%60TC,0,1446800,1447,0.000548078449078134,Pro,jungle radiant
2222533,43,22,radiant,%5BHyperX%5D%20Liquid%60TC,0,1448000,1448,0.000548457217875009,Pro,jungle radiant
2223333,44,20,radiant,%5BHyperX%5D%20Liquid%60TC,0,1448800,1449,0.000548835986671884,Pro,jungle radiant
2224533,46,17,radiant,%5BHyperX%5D%20Liquid%60TC,0,1450000,1450,0.000549214755468759,Pro,jungle radiant
2225400,45,15,radiant,%5BHyperX%5D%20Liquid%60TC,0,1450867,1451,0.000549593524265634,Pro,bottomlane radiant
2226266,45,13,radiant,%5BHyperX%5D%20Liquid%60TC,0,1451733,1452,0.000549972293062509,Pro,bottomlane radiant
2227333,47,11,radiant,%5BHyperX%5D%20Liquid%60TC,0,1452800,1453,0.000550351061859384,Pro,bottomlane radiant
2228200,49,10,radiant,%5BHyperX%5D%20Liquid%60TC,0,1453667,1454,0.000550729830656259,Pro,bottomlane radiant
2229400,47,10,radiant,%5BHyperX%5D%20Liquid%60TC,0,1454867,1455,0.000551108599453134,Pro,bottomlane radiant
2230333,49,9,radiant,%5BHyperX%5D%20Liquid%60TC,0,1455800,1456,0.000551487368250009,Pro,bottomlane radiant
2231400,51,9,radiant,%5BHyperX%5D%20Liquid%60TC,0,1456867,1457,0.000551866137046884,Pro,bottomlane radiant
2232466,54,9,radiant,%5BHyperX%5D%20Liquid%60TC,0,1457933,1458,0.000552244905843759,Pro,bottomlane radiant
2233466,62,12,radiant,%5BHyperX%5D%20Liquid%60TC,0,1458933,1459,0.000552623674640634,Pro,bottomlane radiant
2234466,61,11,radiant,%5BHyperX%5D%20Liquid%60TC,0,1459933,1460,0.000553002443437509,Pro,bottomlane radiant
2235266,56,10,radiant,%5BHyperX%5D%20Liquid%60TC,0,1460733,1461,0.000553381212234384,Pro,bottomlane radiant
2236533,52,10,radiant,%5BHyperX%5D%20Liquid%60TC,0,1462000,1462,0.000553759981031259,Pro,bottomlane radiant
2237133,50,9,radiant,%5BHyperX%5D%20Liquid%60TC,0,1462600,1463,0.000554138749828134,Pro,bottomlane radiant
2238333,51,9,radiant,%5BHyperX%5D%20Liquid%60TC,0,1463800,1464,0.000554517518625009,Pro,bottomlane radiant
2239266,49,8,radiant,%5BHyperX%5D%20Liquid%60TC,0,1464733,1465,0.000554896287421884,Pro,bottomlane radiant
2240533,49,10,radiant,%5BHyperX%5D%20Liquid%60TC,0,1466000,1466,0.000555275056218759,Pro,bottomlane radiant
2241533,49,11,radiant,%5BHyperX%5D%20Liquid%60TC,0,1467000,1467,0.000555653825015634,Pro,bottomlane radiant
2242200,47,12,radiant,%5BHyperX%5D%20Liquid%60TC,0,1467667,1468,0.000556032593812509,Pro,bottomlane radiant
2243466,44,13,radiant,%5BHyperX%5D%20Liquid%60TC,0,1468933,1469,0.000556411362609384,Pro,bottomlane radiant
2244333,47,12,radiant,%5BHyperX%5D%20Liquid%60TC,0,1469800,1470,0.000556790131406259,Pro,bottomlane radiant
2245266,50,11,radiant,%5BHyperX%5D%20Liquid%60TC,0,1470733,1471,0.000557168900203134,Pro,bottomlane radiant
2245600,51,11,radiant,%5BHyperX%5D%20Liquid%60TC,0,1471067,1472,0.000557547669000009,Pro,bottomlane radiant
2247533,49,11,radiant,%5BHyperX%5D%20Liquid%60TC,0,1473000,1473,0.000557926437796884,Pro,bottomlane radiant
2248333,49,10,radiant,%5BHyperX%5D%20Liquid%60TC,0,1473800,1474,0.000558305206593759,Pro,bottomlane radiant
2249266,49,10,radiant,%5BHyperX%5D%20Liquid%60TC,0,1474733,1475,0.000558683975390634,Pro,bottomlane radiant
2250533,47,11,radiant,%5BHyperX%5D%20Liquid%60TC,0,1476000,1476,0.000559062744187509,Pro,bottomlane radiant
2251533,49,13,radiant,%5BHyperX%5D%20Liquid%60TC,0,1477000,1477,0.000559441512984384,Pro,bottomlane radiant
2252400,48,10,radiant,%5BHyperX%5D%20Liquid%60TC,0,1477867,1478,0.000559820281781259,Pro,bottomlane radiant
2253533,49,12,radiant,%5BHyperX%5D%20Liquid%60TC,0,1479000,1479,0.000560199050578134,Pro,bottomlane radiant
2254266,49,12,radiant,%5BHyperX%5D%20Liquid%60TC,0,1479733,1480,0.000560577819375009,Pro,bottomlane radiant
2255133,48,11,radiant,%5BHyperX%5D%20Liquid%60TC,0,1480600,1481,0.000560956588171884,Pro,bottomlane radiant
2256466,47,11,radiant,%5BHyperX%5D%20Liquid%60TC,0,1481933,1482,0.000561335356968759,Pro,bottomlane radiant
2257200,45,12,radiant,%5BHyperX%5D%20Liquid%60TC,0,1482667,1483,0.000561714125765634,Pro,bottomlane radiant
2258533,42,14,radiant,%5BHyperX%5D%20Liquid%60TC,0,1484000,1484,0.000562092894562509,Pro,bottomlane radiant
2259533,39,14,radiant,%5BHyperX%5D%20Liquid%60TC,0,1485000,1485,0.000562471663359384,Pro,bottomlane radiant
2260533,41,16,radiant,%5BHyperX%5D%20Liquid%60TC,0,1486000,1486,0.000562850432156259,Pro,bottomlane radiant
2261333,42,18,radiant,%5BHyperX%5D%20Liquid%60TC,0,1486800,1487,0.000563229200953134,Pro,jungle radiant
2262533,42,22,radiant,%5BHyperX%5D%20Liquid%60TC,0,1488000,1488,0.000563607969750009,Pro,jungle radiant
2263466,41,25,radiant,%5BHyperX%5D%20Liquid%60TC,0,1488933,1489,0.000563986738546884,Pro,jungle radiant
2264466,41,28,radiant,%5BHyperX%5D%20Liquid%60TC,0,1489933,1490,0.000564365507343759,Pro,jungle radiant
2265533,45,29,radiant,%5BHyperX%5D%20Liquid%60TC,0,1491000,1491,0.000564744276140634,Pro,jungle radiant
2266533,48,31,radiant,%5BHyperX%5D%20Liquid%60TC,0,1492000,1492,0.000565123044937509,Pro,jungle radiant
2267533,52,33,radiant,%5BHyperX%5D%20Liquid%60TC,0,1493000,1493,0.000565501813734384,Pro,jungle radiant
2268466,54,36,radiant,%5BHyperX%5D%20Liquid%60TC,0,1493933,1494,0.000565880582531259,Pro,jungle radiant
2269400,56,36,radiant,%5BHyperX%5D%20Liquid%60TC,0,1494867,1495,0.000566259351328134,Pro,jungle radiant
2270533,58,38,radiant,%5BHyperX%5D%20Liquid%60TC,0,1496000,1496,0.000566638120125009,Pro,jungle radiant
2271400,60,41,radiant,%5BHyperX%5D%20Liquid%60TC,0,1496867,1497,0.000567016888921884,Pro,jungle radiant
2272400,57,38,radiant,%5BHyperX%5D%20Liquid%60TC,0,1497867,1498,0.000567395657718759,Pro,jungle radiant
2273000,55,37,radiant,%5BHyperX%5D%20Liquid%60TC,0,1498467,1499,0.000567774426515634,Pro,jungle radiant
2274400,54,35,radiant,%5BHyperX%5D%20Liquid%60TC,0,1499867,1500,0.000568153195312509,Pro,jungle radiant
2274400,54,35,radiant,%5BHyperX%5D%20Liquid%60TC,0,1499867,1501,0.000568531964109384,Pro,jungle radiant
2276266,53,35,radiant,%5BHyperX%5D%20Liquid%60TC,0,1501733,1502,0.000568910732906259,Pro,jungle radiant
2277533,52,32,radiant,%5BHyperX%5D%20Liquid%60TC,0,1503000,1503,0.000569289501703134,Pro,jungle radiant
2278400,50,33,radiant,%5BHyperX%5D%20Liquid%60TC,0,1503867,1504,0.000569668270500009,Pro,jungle radiant
2279400,54,37,radiant,%5BHyperX%5D%20Liquid%60TC,0,1504867,1505,0.000570047039296884,Pro,jungle radiant
2280266,50,34,radiant,%5BHyperX%5D%20Liquid%60TC,0,1505733,1506,0.000570425808093759,Pro,jungle radiant
2281400,48,36,radiant,%5BHyperX%5D%20Liquid%60TC,0,1506867,1507,0.000570804576890634,Pro,jungle radiant
2282400,48,36,radiant,%5BHyperX%5D%20Liquid%60TC,0,1507867,1508,0.000571183345687509,Pro,jungle radiant
2283133,46,37,radiant,%5BHyperX%5D%20Liquid%60TC,0,1508600,1509,0.000571562114484384,Pro,midlane radiant
2284333,44,39,radiant,%5BHyperX%5D%20Liquid%60TC,0,1509800,1510,0.000571940883281259,Pro,midlane radiant
2285400,42,40,radiant,%5BHyperX%5D%20Liquid%60TC,0,1510867,1511,0.000572319652078134,Pro,midlane radiant
2286333,39,40,radiant,%5BHyperX%5D%20Liquid%60TC,0,1511800,1512,0.000572698420875009,Pro,midlane radiant
2287400,36,39,radiant,%5BHyperX%5D%20Liquid%60TC,0,1512867,1513,0.000573077189671884,Pro,midlane radiant
2288200,34,38,radiant,%5BHyperX%5D%20Liquid%60TC,0,1513667,1514,0.000573455958468759,Pro,midlane radiant
2289266,32,36,radiant,%5BHyperX%5D%20Liquid%60TC,0,1514733,1515,0.000573834727265634,Pro,midlane radiant
2290266,30,34,radiant,%5BHyperX%5D%20Liquid%60TC,0,1515733,1516,0.000574213496062509,Pro,midlane radiant
2291533,33,32,radiant,%5BHyperX%5D%20Liquid%60TC,0,1517000,1517,0.000574592264859384,Pro,midlane radiant
2291800,29,32,radiant,%5BHyperX%5D%20Liquid%60TC,0,1517267,1518,0.000574971033656259,Pro,midlane radiant
2291800,29,32,radiant,%5BHyperX%5D%20Liquid%60TC,0,1517267,1519,0.000575349802453134,Pro,midlane radiant
2291800,29,32,radiant,%5BHyperX%5D%20Liquid%60TC,0,1517267,1520,0.000575728571250009,Pro,midlane radiant
2295533,22,32,radiant,%5BHyperX%5D%20Liquid%60TC,0,1521000,1521,0.000576107340046884,Pro,base1 radiant
2296533,19,31,radiant,%5BHyperX%5D%20Liquid%60TC,0,1522000,1522,0.000576486108843759,Pro,base1 radiant
2297466,17,29,radiant,%5BHyperX%5D%20Liquid%60TC,0,1522933,1523,0.000576864877640634,Pro,base1 radiant
2298333,15,27,radiant,%5BHyperX%5D%20Liquid%60TC,0,1523800,1524,0.000577243646437509,Pro,base1 radiant
2299200,15,24,radiant,%5BHyperX%5D%20Liquid%60TC,0,1524667,1525,0.000577622415234384,Pro,base1 radiant
2299200,15,24,radiant,%5BHyperX%5D%20Liquid%60TC,0,1524667,1526,0.000578001184031259,Pro,base1 radiant
2299200,15,24,radiant,%5BHyperX%5D%20Liquid%60TC,0,1524667,1527,0.000578379952828134,Pro,base1 radiant
2299200,15,24,radiant,%5BHyperX%5D%20Liquid%60TC,0,1524667,1528,0.000578758721625009,Pro,base1 radiant
2299200,15,24,radiant,%5BHyperX%5D%20Liquid%60TC,0,1524667,1529,0.000579137490421884,Pro,base1 radiant
2299200,15,24,radiant,%5BHyperX%5D%20Liquid%60TC,0,1524667,1530,0.000579516259218759,Pro,base1 radiant
2299200,15,24,radiant,%5BHyperX%5D%20Liquid%60TC,0,1524667,1531,0.000579895028015634,Pro,base1 radiant
2299200,15,24,radiant,%5BHyperX%5D%20Liquid%60TC,0,1524667,1532,0.000580273796812509,Pro,base1 radiant
2299200,15,24,radiant,%5BHyperX%5D%20Liquid%60TC,0,1524667,1533,0.000580652565609384,Pro,base1 radiant
2299200,15,24,radiant,%5BHyperX%5D%20Liquid%60TC,0,1524667,1534,0.000581031334406259,Pro,base1 radiant
2299200,15,24,radiant,%5BHyperX%5D%20Liquid%60TC,0,1524667,1535,0.000581410103203134,Pro,base1 radiant
2299200,15,24,radiant,%5BHyperX%5D%20Liquid%60TC,0,1524667,1536,0.000581788872000009,Pro,base1 radiant
2299200,15,24,radiant,%5BHyperX%5D%20Liquid%60TC,0,1524667,1537,0.000582167640796884,Pro,base1 radiant
2299200,15,24,radiant,%5BHyperX%5D%20Liquid%60TC,0,1524667,1538,0.000582546409593759,Pro,base1 radiant
2299200,15,24,radiant,%5BHyperX%5D%20Liquid%60TC,0,1524667,1539,0.000582925178390634,Pro,base1 radiant
2299200,15,24,radiant,%5BHyperX%5D%20Liquid%60TC,0,1524667,1540,0.000583303947187509,Pro,base1 radiant
2299200,15,24,radiant,%5BHyperX%5D%20Liquid%60TC,0,1524667,1541,0.000583682715984384,Pro,base1 radiant
2299200,15,24,radiant,%5BHyperX%5D%20Liquid%60TC,0,1524667,1542,0.000584061484781259,Pro,base1 radiant
2299200,15,24,radiant,%5BHyperX%5D%20Liquid%60TC,0,1524667,1543,0.000584440253578134,Pro,base1 radiant
2299200,15,24,radiant,%5BHyperX%5D%20Liquid%60TC,0,1524667,1544,0.000584819022375009,Pro,base1 radiant
2299200,15,24,radiant,%5BHyperX%5D%20Liquid%60TC,0,1524667,1545,0.000585197791171884,Pro,base1 radiant
2299200,15,24,radiant,%5BHyperX%5D%20Liquid%60TC,0,1524667,1546,0.000585576559968759,Pro,base1 radiant
2299200,15,24,radiant,%5BHyperX%5D%20Liquid%60TC,0,1524667,1547,0.000585955328765634,Pro,base1 radiant
2299200,15,24,radiant,%5BHyperX%5D%20Liquid%60TC,0,1524667,1548,0.000586334097562509,Pro,base1 radiant
2299200,15,24,radiant,%5BHyperX%5D%20Liquid%60TC,0,1524667,1549,0.000586712866359384,Pro,base1 radiant
2299200,15,24,radiant,%5BHyperX%5D%20Liquid%60TC,0,1524667,1550,0.000587091635156259,Pro,base1 radiant
2299200,15,24,radiant,%5BHyperX%5D%20Liquid%60TC,0,1524667,1551,0.000587470403953134,Pro,base1 radiant
2299200,15,24,radiant,%5BHyperX%5D%20Liquid%60TC,0,1524667,1552,0.000587849172750009,Pro,base1 radiant
2299200,15,24,radiant,%5BHyperX%5D%20Liquid%60TC,0,1524667,1553,0.000588227941546884,Pro,base1 radiant
2299200,15,24,radiant,%5BHyperX%5D%20Liquid%60TC,0,1524667,1554,0.000588606710343759,Pro,base1 radiant
2299200,15,24,radiant,%5BHyperX%5D%20Liquid%60TC,0,1524667,1555,0.000588985479140634,Pro,base1 radiant
2299200,15,24,radiant,%5BHyperX%5D%20Liquid%60TC,0,1524667,1556,0.000589364247937509,Pro,base1 radiant
2299200,15,24,radiant,%5BHyperX%5D%20Liquid%60TC,0,1524667,1557,0.000589743016734384,Pro,base1 radiant
2299200,15,24,radiant,%5BHyperX%5D%20Liquid%60TC,0,1524667,1558,0.000590121785531259,Pro,base1 radiant
2299200,15,24,radiant,%5BHyperX%5D%20Liquid%60TC,0,1524667,1559,0.000590500554328134,Pro,base1 radiant
2299200,15,24,radiant,%5BHyperX%5D%20Liquid%60TC,0,1524667,1560,0.000590879323125009,Pro,base1 radiant
2299200,15,24,radiant,%5BHyperX%5D%20Liquid%60TC,0,1524667,1561,0.000591258091921884,Pro,base1 radiant
2299200,15,24,radiant,%5BHyperX%5D%20Liquid%60TC,0,1524667,1562,0.000591636860718759,Pro,base1 radiant
2299200,15,24,radiant,%5BHyperX%5D%20Liquid%60TC,0,1524667,1563,0.000592015629515634,Pro,base1 radiant
2299200,15,24,radiant,%5BHyperX%5D%20Liquid%60TC,0,1524667,1564,0.000592394398312509,Pro,base1 radiant
2299200,15,24,radiant,%5BHyperX%5D%20Liquid%60TC,0,1524667,1565,0.000592773167109384,Pro,base1 radiant
2340133,15,24,radiant,%5BHyperX%5D%20Liquid%60TC,0,1565600,1566,0.000593151935906259,Pro,base1 radiant
2340133,15,24,radiant,%5BHyperX%5D%20Liquid%60TC,0,1565600,1567,0.000593530704703134,Pro,base1 radiant
2342333,10,7,radiant,%5BHyperX%5D%20Liquid%60TC,0,1567800,1568,0.000593909473500009,Pro,base1 radiant
2342333,10,7,radiant,%5BHyperX%5D%20Liquid%60TC,0,1567800,1569,0.000594288242296884,Pro,base1 radiant
2342333,10,7,radiant,%5BHyperX%5D%20Liquid%60TC,0,1567800,1570,0.000594667011093759,Pro,base1 radiant
2342333,10,7,radiant,%5BHyperX%5D%20Liquid%60TC,0,1567800,1571,0.000595045779890634,Pro,base1 radiant
2342333,10,7,radiant,%5BHyperX%5D%20Liquid%60TC,0,1567800,1572,0.000595424548687509,Pro,base1 radiant
2342333,10,7,radiant,%5BHyperX%5D%20Liquid%60TC,0,1567800,1573,0.000595803317484384,Pro,base1 radiant
2348466,21,26,radiant,%5BHyperX%5D%20Liquid%60TC,0,1573933,1574,0.000596182086281259,Pro,base1 radiant
2349266,20,25,radiant,%5BHyperX%5D%20Liquid%60TC,0,1574733,1575,0.000596560855078134,Pro,base1 radiant
2350333,23,25,radiant,%5BHyperX%5D%20Liquid%60TC,0,1575800,1576,0.000596939623875009,Pro,base1 radiant
2351333,24,26,radiant,%5BHyperX%5D%20Liquid%60TC,0,1576800,1577,0.000597318392671884,Pro,base1 radiant
2352333,27,27,radiant,%5BHyperX%5D%20Liquid%60TC,0,1577800,1578,0.000597697161468759,Pro,base1 radiant
2352333,27,27,radiant,%5BHyperX%5D%20Liquid%60TC,0,1577800,1579,0.000598075930265634,Pro,base1 radiant
2354533,28,28,radiant,%5BHyperX%5D%20Liquid%60TC,0,1580000,1580,0.000598454699062509,Pro,base1 radiant
2354933,28,29,radiant,%5BHyperX%5D%20Liquid%60TC,0,1580400,1581,0.000598833467859384,Pro,base1 radiant
2354933,28,29,radiant,%5BHyperX%5D%20Liquid%60TC,0,1580400,1582,0.000599212236656259,Pro,base1 radiant
2354933,28,29,radiant,%5BHyperX%5D%20Liquid%60TC,0,1580400,1583,0.000599591005453134,Pro,base1 radiant
2358333,26,30,radiant,%5BHyperX%5D%20Liquid%60TC,0,1583800,1584,0.000599969774250009,Pro,base1 radiant
2359466,29,31,radiant,%5BHyperX%5D%20Liquid%60TC,0,1584933,1585,0.000600348543046884,Pro,midlane radiant
2360533,30,28,radiant,%5BHyperX%5D%20Liquid%60TC,0,1586000,1586,0.000600727311843759,Pro,base1 radiant
2360666,31,28,radiant,%5BHyperX%5D%20Liquid%60TC,0,1586133,1587,0.000601106080640634,Pro,base1 radiant
2362466,31,27,radiant,%5BHyperX%5D%20Liquid%60TC,0,1587933,1588,0.000601484849437509,Pro,base1 radiant
2362466,31,27,radiant,%5BHyperX%5D%20Liquid%60TC,0,1587933,1589,0.000601863618234384,Pro,base1 radiant
2362466,31,27,radiant,%5BHyperX%5D%20Liquid%60TC,0,1587933,1590,0.000602242387031259,Pro,base1 radiant
2362466,31,27,radiant,%5BHyperX%5D%20Liquid%60TC,0,1587933,1591,0.000602621155828134,Pro,base1 radiant
2366400,31,24,radiant,%5BHyperX%5D%20Liquid%60TC,0,1591867,1592,0.000602999924625009,Pro,base1 radiant
2367466,32,21,radiant,%5BHyperX%5D%20Liquid%60TC,0,1592933,1593,0.000603378693421884,Pro,base1 radiant
2368533,34,18,radiant,%5BHyperX%5D%20Liquid%60TC,0,1594000,1594,0.000603757462218759,Pro,base1 radiant
2369533,35,15,radiant,%5BHyperX%5D%20Liquid%60TC,0,1595000,1595,0.000604136231015634,Pro,base1 radiant
2370466,38,14,radiant,%5BHyperX%5D%20Liquid%60TC,0,1595933,1596,0.000604514999812509,Pro,bottomlane radiant
2371266,40,13,radiant,%5BHyperX%5D%20Liquid%60TC,0,1596733,1597,0.000604893768609384,Pro,bottomlane radiant
2372400,42,11,radiant,%5BHyperX%5D%20Liquid%60TC,0,1597867,1598,0.000605272537406259,Pro,bottomlane radiant
2373066,40,10,radiant,%5BHyperX%5D%20Liquid%60TC,0,1598533,1599,0.000605651306203134,Pro,bottomlane radiant
2374400,43,10,radiant,%5BHyperX%5D%20Liquid%60TC,0,1599867,1600,0.000606030075000009,Pro,bottomlane radiant
2375400,41,10,radiant,%5BHyperX%5D%20Liquid%60TC,0,1600867,1601,0.000606408843796884,Pro,bottomlane radiant
2376333,38,11,radiant,%5BHyperX%5D%20Liquid%60TC,0,1601800,1602,0.000606787612593759,Pro,bottomlane radiant
2377400,35,12,radiant,%5BHyperX%5D%20Liquid%60TC,0,1602867,1603,0.000607166381390634,Pro,bottomlane radiant
2378533,36,12,radiant,%5BHyperX%5D%20Liquid%60TC,0,1604000,1604,0.000607545150187509,Pro,bottomlane radiant
2379066,35,12,radiant,%5BHyperX%5D%20Liquid%60TC,0,1604533,1605,0.000607923918984384,Pro,bottomlane radiant
2380466,38,11,radiant,%5BHyperX%5D%20Liquid%60TC,0,1605933,1606,0.000608302687781259,Pro,bottomlane radiant
2380466,38,11,radiant,%5BHyperX%5D%20Liquid%60TC,0,1605933,1607,0.000608681456578134,Pro,bottomlane radiant
2382400,36,12,radiant,%5BHyperX%5D%20Liquid%60TC,0,1607867,1608,0.000609060225375009,Pro,bottomlane radiant
2383200,38,12,radiant,%5BHyperX%5D%20Liquid%60TC,0,1608667,1609,0.000609438994171884,Pro,bottomlane radiant
2384400,36,10,radiant,%5BHyperX%5D%20Liquid%60TC,0,1609867,1610,0.000609817762968759,Pro,bottomlane radiant
2385400,37,10,radiant,%5BHyperX%5D%20Liquid%60TC,0,1610867,1611,0.000610196531765635,Pro,bottomlane radiant
2386466,40,9,radiant,%5BHyperX%5D%20Liquid%60TC,0,1611933,1612,0.00061057530056251,Pro,bottomlane radiant
2387533,42,10,radiant,%5BHyperX%5D%20Liquid%60TC,0,1613000,1613,0.000610954069359385,Pro,bottomlane radiant
2388333,43,10,radiant,%5BHyperX%5D%20Liquid%60TC,0,1613800,1614,0.00061133283815626,Pro,bottomlane radiant
2389466,45,10,radiant,%5BHyperX%5D%20Liquid%60TC,0,1614933,1615,0.000611711606953135,Pro,bottomlane radiant
2390466,43,10,radiant,%5BHyperX%5D%20Liquid%60TC,0,1615933,1616,0.00061209037575001,Pro,bottomlane radiant
2391200,42,11,radiant,%5BHyperX%5D%20Liquid%60TC,0,1616667,1617,0.000612469144546885,Pro,bottomlane radiant
2392400,41,12,radiant,%5BHyperX%5D%20Liquid%60TC,0,1617867,1618,0.00061284791334376,Pro,bottomlane radiant
2392866,40,12,radiant,%5BHyperX%5D%20Liquid%60TC,0,1618333,1619,0.000613226682140635,Pro,bottomlane radiant
2394400,28,11,radiant,%5BHyperX%5D%20Liquid%60TC,0,1619867,1620,0.00061360545093751,Pro,base1 radiant
2395400,28,14,radiant,%5BHyperX%5D%20Liquid%60TC,0,1620867,1621,0.000613984219734385,Pro,base1 radiant
2396200,27,16,radiant,%5BHyperX%5D%20Liquid%60TC,0,1621667,1622,0.00061436298853126,Pro,base1 radiant
2397466,24,15,radiant,%5BHyperX%5D%20Liquid%60TC,0,1622933,1623,0.000614741757328135,Pro,base1 radiant
2398266,24,13,radiant,%5BHyperX%5D%20Liquid%60TC,0,1623733,1624,0.00061512052612501,Pro,base1 radiant
2399200,25,14,radiant,%5BHyperX%5D%20Liquid%60TC,0,1624667,1625,0.000615499294921885,Pro,base1 radiant
2400400,27,16,radiant,%5BHyperX%5D%20Liquid%60TC,0,1625867,1626,0.00061587806371876,Pro,base1 radiant
2401533,28,19,radiant,%5BHyperX%5D%20Liquid%60TC,0,1627000,1627,0.000616256832515635,Pro,base1 radiant
2402266,28,21,radiant,%5BHyperX%5D%20Liquid%60TC,0,1627733,1628,0.00061663560131251,Pro,base1 radiant
2403133,29,22,radiant,%5BHyperX%5D%20Liquid%60TC,0,1628600,1629,0.000617014370109385,Pro,base1 radiant
2404400,32,21,radiant,%5BHyperX%5D%20Liquid%60TC,0,1629867,1630,0.00061739313890626,Pro,base1 radiant
2405466,34,18,radiant,%5BHyperX%5D%20Liquid%60TC,0,1630933,1631,0.000617771907703135,Pro,base1 radiant
2406533,35,15,radiant,%5BHyperX%5D%20Liquid%60TC,0,1632000,1632,0.00061815067650001,Pro,base1 radiant
2407466,42,10,radiant,%5BHyperX%5D%20Liquid%60TC,0,1632933,1633,0.000618529445296885,Pro,bottomlane radiant
2408400,35,14,radiant,%5BHyperX%5D%20Liquid%60TC,0,1633867,1634,0.00061890821409376,Pro,base1 radiant
2409533,32,15,radiant,%5BHyperX%5D%20Liquid%60TC,0,1635000,1635,0.000619286982890635,Pro,base1 radiant
2410200,34,15,radiant,%5BHyperX%5D%20Liquid%60TC,0,1635667,1636,0.00061966575168751,Pro,base1 radiant
2411533,35,14,radiant,%5BHyperX%5D%20Liquid%60TC,0,1637000,1637,0.000620044520484385,Pro,base1 radiant
2412466,32,15,radiant,%5BHyperX%5D%20Liquid%60TC,0,1637933,1638,0.00062042328928126,Pro,base1 radiant
2413266,34,14,radiant,%5BHyperX%5D%20Liquid%60TC,0,1638733,1639,0.000620802058078135,Pro,base1 radiant
2414333,34,13,radiant,%5BHyperX%5D%20Liquid%60TC,0,1639800,1640,0.00062118082687501,Pro,base1 radiant
2415533,36,13,radiant,%5BHyperX%5D%20Liquid%60TC,0,1641000,1641,0.000621559595671885,Pro,base1 radiant
2416133,38,14,radiant,%5BHyperX%5D%20Liquid%60TC,0,1641600,1642,0.00062193836446876,Pro,bottomlane radiant
2417400,36,14,radiant,%5BHyperX%5D%20Liquid%60TC,0,1642867,1643,0.000622317133265635,Pro,base1 radiant
2417400,36,14,radiant,%5BHyperX%5D%20Liquid%60TC,0,1642867,1644,0.00062269590206251,Pro,base1 radiant
2419266,37,14,radiant,%5BHyperX%5D%20Liquid%60TC,0,1644733,1645,0.000623074670859385,Pro,bottomlane radiant
2419600,38,14,radiant,%5BHyperX%5D%20Liquid%60TC,0,1645067,1646,0.00062345343965626,Pro,bottomlane radiant
2419600,38,14,radiant,%5BHyperX%5D%20Liquid%60TC,0,1645067,1647,0.000623832208453135,Pro,bottomlane radiant
2419600,38,14,radiant,%5BHyperX%5D%20Liquid%60TC,0,1645067,1648,0.00062421097725001,Pro,bottomlane radiant
2419600,38,14,radiant,%5BHyperX%5D%20Liquid%60TC,0,1645067,1649,0.000624589746046885,Pro,bottomlane radiant
2419600,38,14,radiant,%5BHyperX%5D%20Liquid%60TC,0,1645067,1650,0.00062496851484376,Pro,bottomlane radiant
2419600,38,14,radiant,%5BHyperX%5D%20Liquid%60TC,0,1645067,1651,0.000625347283640635,Pro,bottomlane radiant
2419600,38,14,radiant,%5BHyperX%5D%20Liquid%60TC,0,1645067,1652,0.00062572605243751,Pro,bottomlane radiant
2419600,38,14,radiant,%5BHyperX%5D%20Liquid%60TC,0,1645067,1653,0.000626104821234385,Pro,bottomlane radiant
2419600,38,14,radiant,%5BHyperX%5D%20Liquid%60TC,0,1645067,1654,0.00062648359003126,Pro,bottomlane radiant
2419600,38,14,radiant,%5BHyperX%5D%20Liquid%60TC,0,1645067,1655,0.000626862358828135,Pro,bottomlane radiant
2419600,38,14,radiant,%5BHyperX%5D%20Liquid%60TC,0,1645067,1656,0.00062724112762501,Pro,bottomlane radiant
2419600,38,14,radiant,%5BHyperX%5D%20Liquid%60TC,0,1645067,1657,0.000627619896421885,Pro,bottomlane radiant
2419600,38,14,radiant,%5BHyperX%5D%20Liquid%60TC,0,1645067,1658,0.00062799866521876,Pro,bottomlane radiant
2419600,38,14,radiant,%5BHyperX%5D%20Liquid%60TC,0,1645067,1659,0.000628377434015635,Pro,bottomlane radiant
2419600,38,14,radiant,%5BHyperX%5D%20Liquid%60TC,0,1645067,1660,0.00062875620281251,Pro,bottomlane radiant
2419600,38,14,radiant,%5BHyperX%5D%20Liquid%60TC,0,1645067,1661,0.000629134971609385,Pro,bottomlane radiant
2419600,38,14,radiant,%5BHyperX%5D%20Liquid%60TC,0,1645067,1662,0.00062951374040626,Pro,bottomlane radiant
2419600,38,14,radiant,%5BHyperX%5D%20Liquid%60TC,0,1645067,1663,0.000629892509203135,Pro,bottomlane radiant
2419600,38,14,radiant,%5BHyperX%5D%20Liquid%60TC,0,1645067,1664,0.00063027127800001,Pro,bottomlane radiant
2419600,38,14,radiant,%5BHyperX%5D%20Liquid%60TC,0,1645067,1665,0.000630650046796885,Pro,bottomlane radiant
2419600,38,14,radiant,%5BHyperX%5D%20Liquid%60TC,0,1645067,1666,0.00063102881559376,Pro,bottomlane radiant
2419600,38,14,radiant,%5BHyperX%5D%20Liquid%60TC,0,1645067,1667,0.000631407584390635,Pro,bottomlane radiant
2419600,38,14,radiant,%5BHyperX%5D%20Liquid%60TC,0,1645067,1668,0.00063178635318751,Pro,bottomlane radiant
2419600,38,14,radiant,%5BHyperX%5D%20Liquid%60TC,0,1645067,1669,0.000632165121984385,Pro,bottomlane radiant
2419600,38,14,radiant,%5BHyperX%5D%20Liquid%60TC,0,1645067,1670,0.00063254389078126,Pro,bottomlane radiant
2419600,38,14,radiant,%5BHyperX%5D%20Liquid%60TC,0,1645067,1671,0.000632922659578135,Pro,bottomlane radiant
2419600,38,14,radiant,%5BHyperX%5D%20Liquid%60TC,0,1645067,1672,0.00063330142837501,Pro,bottomlane radiant
2419600,38,14,radiant,%5BHyperX%5D%20Liquid%60TC,0,1645067,1673,0.000633680197171885,Pro,bottomlane radiant
2419600,38,14,radiant,%5BHyperX%5D%20Liquid%60TC,0,1645067,1674,0.00063405896596876,Pro,bottomlane radiant
2419600,38,14,radiant,%5BHyperX%5D%20Liquid%60TC,0,1645067,1675,0.000634437734765635,Pro,bottomlane radiant
2419600,38,14,radiant,%5BHyperX%5D%20Liquid%60TC,0,1645067,1676,0.00063481650356251,Pro,bottomlane radiant
2419600,38,14,radiant,%5BHyperX%5D%20Liquid%60TC,0,1645067,1677,0.000635195272359385,Pro,bottomlane radiant
2419600,38,14,radiant,%5BHyperX%5D%20Liquid%60TC,0,1645067,1678,0.00063557404115626,Pro,bottomlane radiant
2419600,38,14,radiant,%5BHyperX%5D%20Liquid%60TC,0,1645067,1679,0.000635952809953135,Pro,bottomlane radiant
2419600,38,14,radiant,%5BHyperX%5D%20Liquid%60TC,0,1645067,1680,0.00063633157875001,Pro,bottomlane radiant
2419600,38,14,radiant,%5BHyperX%5D%20Liquid%60TC,0,1645067,1681,0.000636710347546885,Pro,bottomlane radiant
2419600,38,14,radiant,%5BHyperX%5D%20Liquid%60TC,0,1645067,1682,0.00063708911634376,Pro,bottomlane radiant
2419600,38,14,radiant,%5BHyperX%5D%20Liquid%60TC,0,1645067,1683,0.000637467885140635,Pro,bottomlane radiant
2419600,38,14,radiant,%5BHyperX%5D%20Liquid%60TC,0,1645067,1684,0.00063784665393751,Pro,bottomlane radiant
2419600,38,14,radiant,%5BHyperX%5D%20Liquid%60TC,0,1645067,1685,0.000638225422734385,Pro,bottomlane radiant
2460133,38,14,radiant,%5BHyperX%5D%20Liquid%60TC,0,1685600,1686,0.00063860419153126,Pro,bottomlane radiant
2460133,38,14,radiant,%5BHyperX%5D%20Liquid%60TC,0,1685600,1687,0.000638982960328135,Pro,bottomlane radiant
2460133,38,14,radiant,%5BHyperX%5D%20Liquid%60TC,0,1685600,1688,0.00063936172912501,Pro,bottomlane radiant
2460133,38,14,radiant,%5BHyperX%5D%20Liquid%60TC,0,1685600,1689,0.000639740497921885,Pro,bottomlane radiant
2460133,38,14,radiant,%5BHyperX%5D%20Liquid%60TC,0,1685600,1690,0.00064011926671876,Pro,bottomlane radiant
2460133,38,14,radiant,%5BHyperX%5D%20Liquid%60TC,0,1685600,1691,0.000640498035515635,Pro,bottomlane radiant
2466533,8,7,radiant,%5BHyperX%5D%20Liquid%60TC,0,1692000,1692,0.00064087680431251,Pro,base1 radiant
2467466,9,10,radiant,%5BHyperX%5D%20Liquid%60TC,0,1692933,1693,0.000641255573109385,Pro,base1 radiant
2468533,11,13,radiant,%5BHyperX%5D%20Liquid%60TC,0,1694000,1694,0.00064163434190626,Pro,base1 radiant
2469466,13,15,radiant,%5BHyperX%5D%20Liquid%60TC,0,1694933,1695,0.000642013110703135,Pro,base1 radiant
2470533,13,19,radiant,%5BHyperX%5D%20Liquid%60TC,0,1696000,1696,0.00064239187950001,Pro,base1 radiant
2471533,14,22,radiant,%5BHyperX%5D%20Liquid%60TC,0,1697000,1697,0.000642770648296885,Pro,base1 radiant
2472333,14,23,radiant,%5BHyperX%5D%20Liquid%60TC,0,1697800,1698,0.00064314941709376,Pro,base1 radiant
2473266,16,25,radiant,%5BHyperX%5D%20Liquid%60TC,0,1698733,1699,0.000643528185890635,Pro,base1 radiant
2474533,19,27,radiant,%5BHyperX%5D%20Liquid%60TC,0,1700000,1700,0.00064390695468751,Pro,base1 radiant
2475266,21,27,radiant,%5BHyperX%5D%20Liquid%60TC,0,1700733,1701,0.000644285723484385,Pro,base1 radiant
2476333,21,25,radiant,%5BHyperX%5D%20Liquid%60TC,0,1701800,1702,0.00064466449228126,Pro,base1 radiant
2477466,19,23,radiant,%5BHyperX%5D%20Liquid%60TC,0,1702933,1703,0.000645043261078135,Pro,base1 radiant
2478333,19,26,radiant,%5BHyperX%5D%20Liquid%60TC,0,1703800,1704,0.00064542202987501,Pro,base1 radiant
2478666,19,27,radiant,%5BHyperX%5D%20Liquid%60TC,0,1704133,1705,0.000645800798671885,Pro,base1 radiant
2480333,19,28,radiant,%5BHyperX%5D%20Liquid%60TC,0,1705800,1706,0.00064617956746876,Pro,base1 radiant
2481533,19,30,radiant,%5BHyperX%5D%20Liquid%60TC,0,1707000,1707,0.000646558336265635,Pro,base1 radiant
2482333,18,32,radiant,%5BHyperX%5D%20Liquid%60TC,0,1707800,1708,0.00064693710506251,Pro,base1 radiant
2483533,11,39,radiant,%5BHyperX%5D%20Liquid%60TC,0,1709000,1709,0.000647315873859385,Pro,toplane radiant
2484533,18,32,radiant,%5BHyperX%5D%20Liquid%60TC,0,1710000,1710,0.00064769464265626,Pro,base1 radiant
2485400,20,30,radiant,%5BHyperX%5D%20Liquid%60TC,0,1710867,1711,0.000648073411453135,Pro,base1 radiant
2486200,19,30,radiant,%5BHyperX%5D%20Liquid%60TC,0,1711667,1712,0.00064845218025001,Pro,base1 radiant
2487466,19,30,radiant,%5BHyperX%5D%20Liquid%60TC,0,1712933,1713,0.000648830949046885,Pro,base1 radiant
2488333,20,28,radiant,%5BHyperX%5D%20Liquid%60TC,0,1713800,1714,0.00064920971784376,Pro,base1 radiant
2489266,20,31,radiant,%5BHyperX%5D%20Liquid%60TC,0,1714733,1715,0.000649588486640635,Pro,base1 radiant
2490400,19,33,radiant,%5BHyperX%5D%20Liquid%60TC,0,1715867,1716,0.00064996725543751,Pro,base1 radiant
2491533,18,34,radiant,%5BHyperX%5D%20Liquid%60TC,0,1717000,1717,0.000650346024234385,Pro,base1 radiant
2492466,19,34,radiant,%5BHyperX%5D%20Liquid%60TC,0,1717933,1718,0.00065072479303126,Pro,base1 radiant
2493200,20,32,radiant,%5BHyperX%5D%20Liquid%60TC,0,1718667,1719,0.000651103561828135,Pro,base1 radiant
2494266,21,30,radiant,%5BHyperX%5D%20Liquid%60TC,0,1719733,1720,0.00065148233062501,Pro,base1 radiant
2495466,21,26,radiant,%5BHyperX%5D%20Liquid%60TC,0,1720933,1721,0.000651861099421885,Pro,base1 radiant
2496333,21,25,radiant,%5BHyperX%5D%20Liquid%60TC,0,1721800,1722,0.00065223986821876,Pro,base1 radiant
2497466,20,26,radiant,%5BHyperX%5D%20Liquid%60TC,0,1722933,1723,0.000652618637015635,Pro,base1 radiant
2498400,17,27,radiant,%5BHyperX%5D%20Liquid%60TC,0,1723867,1724,0.00065299740581251,Pro,base1 radiant
2499533,14,28,radiant,%5BHyperX%5D%20Liquid%60TC,0,1725000,1725,0.000653376174609385,Pro,base1 radiant
2500400,12,29,radiant,%5BHyperX%5D%20Liquid%60TC,0,1725867,1726,0.00065375494340626,Pro,base1 radiant
2501533,12,26,radiant,%5BHyperX%5D%20Liquid%60TC,0,1727000,1727,0.000654133712203135,Pro,base1 radiant
2502466,12,24,radiant,%5BHyperX%5D%20Liquid%60TC,0,1727933,1728,0.00065451248100001,Pro,base1 radiant
2503533,12,22,radiant,%5BHyperX%5D%20Liquid%60TC,0,1729000,1729,0.000654891249796885,Pro,base1 radiant
2504400,12,19,radiant,%5BHyperX%5D%20Liquid%60TC,0,1729867,1730,0.00065527001859376,Pro,base1 radiant
2505333,11,16,radiant,%5BHyperX%5D%20Liquid%60TC,0,1730800,1731,0.000655648787390635,Pro,base1 radiant
2506000,11,14,radiant,%5BHyperX%5D%20Liquid%60TC,0,1731467,1732,0.00065602755618751,Pro,base1 radiant
2507533,14,13,radiant,%5BHyperX%5D%20Liquid%60TC,0,1733000,1733,0.000656406324984385,Pro,base1 radiant
2508533,12,13,radiant,%5BHyperX%5D%20Liquid%60TC,0,1734000,1734,0.00065678509378126,Pro,base1 radiant
2509400,10,11,radiant,%5BHyperX%5D%20Liquid%60TC,0,1734867,1735,0.000657163862578135,Pro,base1 radiant
2510200,8,10,radiant,%5BHyperX%5D%20Liquid%60TC,0,1735667,1736,0.00065754263137501,Pro,base1 radiant
2511266,10,10,radiant,%5BHyperX%5D%20Liquid%60TC,0,1736733,1737,0.000657921400171885,Pro,base1 radiant
2512400,13,11,radiant,%5BHyperX%5D%20Liquid%60TC,0,1737867,1738,0.00065830016896876,Pro,base1 radiant
2513533,16,13,radiant,%5BHyperX%5D%20Liquid%60TC,0,1739000,1739,0.000658678937765635,Pro,base1 radiant
2514466,18,15,radiant,%5BHyperX%5D%20Liquid%60TC,0,1739933,1740,0.00065905770656251,Pro,base1 radiant
2515466,21,17,radiant,%5BHyperX%5D%20Liquid%60TC,0,1740933,1741,0.000659436475359385,Pro,base1 radiant
2516333,23,19,radiant,%5BHyperX%5D%20Liquid%60TC,0,1741800,1742,0.00065981524415626,Pro,base1 radiant
2517400,24,22,radiant,%5BHyperX%5D%20Liquid%60TC,0,1742867,1743,0.000660194012953135,Pro,base1 radiant
2518533,23,25,radiant,%5BHyperX%5D%20Liquid%60TC,0,1744000,1744,0.00066057278175001,Pro,base1 radiant
2519333,22,27,radiant,%5BHyperX%5D%20Liquid%60TC,0,1744800,1745,0.000660951550546885,Pro,base1 radiant
2520533,21,30,radiant,%5BHyperX%5D%20Liquid%60TC,0,1746000,1746,0.00066133031934376,Pro,base1 radiant
2521266,19,31,radiant,%5BHyperX%5D%20Liquid%60TC,0,1746733,1747,0.000661709088140635,Pro,base1 radiant
2522466,16,30,radiant,%5BHyperX%5D%20Liquid%60TC,0,1747933,1748,0.00066208785693751,Pro,base1 radiant
2523400,14,28,radiant,%5BHyperX%5D%20Liquid%60TC,0,1748867,1749,0.000662466625734385,Pro,base1 radiant
2524400,12,26,radiant,%5BHyperX%5D%20Liquid%60TC,0,1749867,1750,0.00066284539453126,Pro,base1 radiant
2524800,12,25,radiant,%5BHyperX%5D%20Liquid%60TC,0,1750267,1751,0.000663224163328135,Pro,base1 radiant
2526466,11,27,radiant,%5BHyperX%5D%20Liquid%60TC,0,1751933,1752,0.00066360293212501,Pro,base1 radiant
2526466,11,27,radiant,%5BHyperX%5D%20Liquid%60TC,0,1751933,1753,0.000663981700921885,Pro,base1 radiant
2528200,11,29,radiant,%5BHyperX%5D%20Liquid%60TC,0,1753667,1754,0.00066436046971876,Pro,base1 radiant
2529533,12,30,radiant,%5BHyperX%5D%20Liquid%60TC,0,1755000,1755,0.000664739238515635,Pro,base1 radiant
2530533,12,27,radiant,%5BHyperX%5D%20Liquid%60TC,0,1756000,1756,0.00066511800731251,Pro,base1 radiant
2531266,12,28,radiant,%5BHyperX%5D%20Liquid%60TC,0,1756733,1757,0.000665496776109385,Pro,base1 radiant
2532533,11,31,radiant,%5BHyperX%5D%20Liquid%60TC,0,1758000,1758,0.00066587554490626,Pro,base1 radiant
2533533,12,33,radiant,%5BHyperX%5D%20Liquid%60TC,0,1759000,1759,0.000666254313703135,Pro,base1 radiant
2534266,14,33,radiant,%5BHyperX%5D%20Liquid%60TC,0,1759733,1760,0.00066663308250001,Pro,base1 radiant
2535466,17,32,radiant,%5BHyperX%5D%20Liquid%60TC,0,1760933,1761,0.000667011851296885,Pro,base1 radiant
2536466,20,32,radiant,%5BHyperX%5D%20Liquid%60TC,0,1761933,1762,0.00066739062009376,Pro,base1 radiant
2537200,22,31,radiant,%5BHyperX%5D%20Liquid%60TC,0,1762667,1763,0.000667769388890635,Pro,base1 radiant
2538266,23,29,radiant,%5BHyperX%5D%20Liquid%60TC,0,1763733,1764,0.00066814815768751,Pro,base1 radiant
2539200,24,27,radiant,%5BHyperX%5D%20Liquid%60TC,0,1764667,1765,0.000668526926484385,Pro,base1 radiant
2540400,25,26,radiant,%5BHyperX%5D%20Liquid%60TC,0,1765867,1766,0.00066890569528126,Pro,base1 radiant
2541533,23,28,radiant,%5BHyperX%5D%20Liquid%60TC,0,1767000,1767,0.000669284464078135,Pro,base1 radiant
2542333,21,29,radiant,%5BHyperX%5D%20Liquid%60TC,0,1767800,1768,0.00066966323287501,Pro,base1 radiant
2543466,19,31,radiant,%5BHyperX%5D%20Liquid%60TC,0,1768933,1769,0.000670042001671885,Pro,base1 radiant
2544200,17,31,radiant,%5BHyperX%5D%20Liquid%60TC,0,1769667,1770,0.00067042077046876,Pro,base1 radiant
2545266,15,29,radiant,%5BHyperX%5D%20Liquid%60TC,0,1770733,1771,0.000670799539265635,Pro,base1 radiant
2546333,12,29,radiant,%5BHyperX%5D%20Liquid%60TC,0,1771800,1772,0.000671178308062511,Pro,base1 radiant
2547533,15,28,radiant,%5BHyperX%5D%20Liquid%60TC,0,1773000,1773,0.000671557076859386,Pro,base1 radiant
2548266,17,28,radiant,%5BHyperX%5D%20Liquid%60TC,0,1773733,1774,0.000671935845656261,Pro,base1 radiant
2549400,17,28,radiant,%5BHyperX%5D%20Liquid%60TC,0,1774867,1775,0.000672314614453136,Pro,base1 radiant
2550466,14,29,radiant,%5BHyperX%5D%20Liquid%60TC,0,1775933,1776,0.000672693383250011,Pro,base1 radiant
2551133,12,29,radiant,%5BHyperX%5D%20Liquid%60TC,0,1776600,1777,0.000673072152046886,Pro,base1 radiant
2552400,12,30,radiant,%5BHyperX%5D%20Liquid%60TC,0,1777867,1778,0.000673450920843761,Pro,base1 radiant
2553200,13,32,radiant,%5BHyperX%5D%20Liquid%60TC,0,1778667,1779,0.000673829689640636,Pro,base1 radiant
2554400,16,32,radiant,%5BHyperX%5D%20Liquid%60TC,0,1779867,1780,0.000674208458437511,Pro,base1 radiant
2555333,18,30,radiant,%5BHyperX%5D%20Liquid%60TC,0,1780800,1781,0.000674587227234386,Pro,base1 radiant
2556400,21,29,radiant,%5BHyperX%5D%20Liquid%60TC,0,1781867,1782,0.000674965996031261,Pro,base1 radiant
2557533,24,29,radiant,%5BHyperX%5D%20Liquid%60TC,0,1783000,1783,0.000675344764828136,Pro,base1 radiant
2558466,22,31,radiant,%5BHyperX%5D%20Liquid%60TC,0,1783933,1784,0.000675723533625011,Pro,base1 radiant
2559333,20,32,radiant,%5BHyperX%5D%20Liquid%60TC,0,1784800,1785,0.000676102302421886,Pro,base1 radiant
2560533,19,33,radiant,%5BHyperX%5D%20Liquid%60TC,0,1786000,1786,0.000676481071218761,Pro,base1 radiant
2561533,20,30,radiant,%5BHyperX%5D%20Liquid%60TC,0,1787000,1787,0.000676859840015636,Pro,base1 radiant
2561533,20,30,radiant,%5BHyperX%5D%20Liquid%60TC,0,1787000,1788,0.000677238608812511,Pro,base1 radiant
2561533,20,30,radiant,%5BHyperX%5D%20Liquid%60TC,0,1787000,1789,0.000677617377609386,Pro,base1 radiant
2561533,20,30,radiant,%5BHyperX%5D%20Liquid%60TC,0,1787000,1790,0.000677996146406261,Pro,base1 radiant
2561533,20,30,radiant,%5BHyperX%5D%20Liquid%60TC,0,1787000,1791,0.000678374915203136,Pro,base1 radiant
2561533,20,30,radiant,%5BHyperX%5D%20Liquid%60TC,0,1787000,1792,0.000678753684000011,Pro,base1 radiant
2561533,20,30,radiant,%5BHyperX%5D%20Liquid%60TC,0,1787000,1793,0.000679132452796886,Pro,base1 radiant
2561533,20,30,radiant,%5BHyperX%5D%20Liquid%60TC,0,1787000,1794,0.000679511221593761,Pro,base1 radiant
2561533,20,30,radiant,%5BHyperX%5D%20Liquid%60TC,0,1787000,1795,0.000679889990390636,Pro,base1 radiant
2570466,20,29,radiant,%5BHyperX%5D%20Liquid%60TC,0,1795933,1796,0.000680268759187511,Pro,base1 radiant
2571533,22,26,radiant,%5BHyperX%5D%20Liquid%60TC,0,1797000,1797,0.000680647527984386,Pro,base1 radiant
2572266,24,24,radiant,%5BHyperX%5D%20Liquid%60TC,0,1797733,1798,0.000681026296781261,Pro,base1 radiant
2573333,26,21,radiant,%5BHyperX%5D%20Liquid%60TC,0,1798800,1799,0.000681405065578136,Pro,base1 radiant
2574266,28,19,radiant,%5BHyperX%5D%20Liquid%60TC,0,1799733,1800,0.000681783834375011,Pro,base1 radiant
2575400,31,18,radiant,%5BHyperX%5D%20Liquid%60TC,0,1800867,1801,0.000682162603171886,Pro,base1 radiant
2576466,30,16,radiant,%5BHyperX%5D%20Liquid%60TC,0,1801933,1802,0.000682541371968761,Pro,base1 radiant
2576466,30,16,radiant,%5BHyperX%5D%20Liquid%60TC,0,1801933,1803,0.000682920140765636,Pro,base1 radiant
2576466,30,16,radiant,%5BHyperX%5D%20Liquid%60TC,0,1801933,1804,0.000683298909562511,Pro,base1 radiant
2579400,30,15,radiant,%5BHyperX%5D%20Liquid%60TC,0,1804867,1805,0.000683677678359386,Pro,base1 radiant
2580333,28,13,radiant,%5BHyperX%5D%20Liquid%60TC,0,1805800,1806,0.000684056447156261,Pro,base1 radiant
2581533,30,15,radiant,%5BHyperX%5D%20Liquid%60TC,0,1807000,1807,0.000684435215953136,Pro,base1 radiant
2581866,30,16,radiant,%5BHyperX%5D%20Liquid%60TC,0,1807333,1808,0.000684813984750011,Pro,base1 radiant
2583200,29,15,radiant,%5BHyperX%5D%20Liquid%60TC,0,1808667,1809,0.000685192753546886,Pro,base1 radiant
2584466,29,15,radiant,%5BHyperX%5D%20Liquid%60TC,0,1809933,1810,0.000685571522343761,Pro,base1 radiant
2585533,27,16,radiant,%5BHyperX%5D%20Liquid%60TC,0,1811000,1811,0.000685950291140636,Pro,base1 radiant
2586533,29,17,radiant,%5BHyperX%5D%20Liquid%60TC,0,1812000,1812,0.000686329059937511,Pro,base1 radiant
2587466,30,16,radiant,%5BHyperX%5D%20Liquid%60TC,0,1812933,1813,0.000686707828734386,Pro,base1 radiant
2588400,29,17,radiant,%5BHyperX%5D%20Liquid%60TC,0,1813867,1814,0.000687086597531261,Pro,base1 radiant
2589533,29,17,radiant,%5BHyperX%5D%20Liquid%60TC,0,1815000,1815,0.000687465366328136,Pro,base1 radiant
2590200,31,17,radiant,%5BHyperX%5D%20Liquid%60TC,0,1815667,1816,0.000687844135125011,Pro,base1 radiant
2591266,29,16,radiant,%5BHyperX%5D%20Liquid%60TC,0,1816733,1817,0.000688222903921886,Pro,base1 radiant
2592533,31,15,radiant,%5BHyperX%5D%20Liquid%60TC,0,1818000,1818,0.000688601672718761,Pro,base1 radiant
2593533,37,12,radiant,%5BHyperX%5D%20Liquid%60TC,0,1819000,1819,0.000688980441515636,Pro,bottomlane radiant
2594533,35,13,radiant,%5BHyperX%5D%20Liquid%60TC,0,1820000,1820,0.000689359210312511,Pro,base1 radiant
2595533,39,11,radiant,%5BHyperX%5D%20Liquid%60TC,0,1821000,1821,0.000689737979109386,Pro,bottomlane radiant
2596533,32,10,radiant,%5BHyperX%5D%20Liquid%60TC,0,1822000,1822,0.000690116747906261,Pro,base1 radiant
2597400,30,15,radiant,%5BHyperX%5D%20Liquid%60TC,0,1822867,1823,0.000690495516703136,Pro,base1 radiant
2598066,28,15,radiant,%5BHyperX%5D%20Liquid%60TC,0,1823533,1824,0.000690874285500011,Pro,base1 radiant
2598066,28,15,radiant,%5BHyperX%5D%20Liquid%60TC,0,1823533,1825,0.000691253054296886,Pro,base1 radiant
2600466,28,16,radiant,%5BHyperX%5D%20Liquid%60TC,0,1825933,1826,0.000691631823093761,Pro,base1 radiant
2601533,31,18,radiant,%5BHyperX%5D%20Liquid%60TC,0,1827000,1827,0.000692010591890636,Pro,base1 radiant
2602333,31,16,radiant,%5BHyperX%5D%20Liquid%60TC,0,1827800,1828,0.000692389360687511,Pro,base1 radiant
2603400,35,13,radiant,%5BHyperX%5D%20Liquid%60TC,0,1828867,1829,0.000692768129484386,Pro,base1 radiant
2604466,38,12,radiant,%5BHyperX%5D%20Liquid%60TC,0,1829933,1830,0.000693146898281261,Pro,bottomlane radiant
2605400,35,11,radiant,%5BHyperX%5D%20Liquid%60TC,0,1830867,1831,0.000693525667078136,Pro,base1 radiant
2606400,30,16,radiant,%5BHyperX%5D%20Liquid%60TC,0,1831867,1832,0.000693904435875011,Pro,base1 radiant
2607400,28,14,radiant,%5BHyperX%5D%20Liquid%60TC,0,1832867,1833,0.000694283204671886,Pro,base1 radiant
2607666,28,13,radiant,%5BHyperX%5D%20Liquid%60TC,0,1833133,1834,0.000694661973468761,Pro,base1 radiant
2607666,28,13,radiant,%5BHyperX%5D%20Liquid%60TC,0,1833133,1835,0.000695040742265636,Pro,base1 radiant
2610266,28,14,radiant,%5BHyperX%5D%20Liquid%60TC,0,1835733,1836,0.000695419511062511,Pro,base1 radiant
2611333,26,15,radiant,%5BHyperX%5D%20Liquid%60TC,0,1836800,1837,0.000695798279859386,Pro,base1 radiant
2612400,23,15,radiant,%5BHyperX%5D%20Liquid%60TC,0,1837867,1838,0.000696177048656261,Pro,base1 radiant
2613400,20,14,radiant,%5BHyperX%5D%20Liquid%60TC,0,1838867,1839,0.000696555817453136,Pro,base1 radiant
2614466,17,14,radiant,%5BHyperX%5D%20Liquid%60TC,0,1839933,1840,0.000696934586250011,Pro,base1 radiant
2614866,16,14,radiant,%5BHyperX%5D%20Liquid%60TC,0,1840333,1841,0.000697313355046886,Pro,base1 radiant
2614866,16,14,radiant,%5BHyperX%5D%20Liquid%60TC,0,1840333,1842,0.000697692123843761,Pro,base1 radiant
2614866,16,14,radiant,%5BHyperX%5D%20Liquid%60TC,0,1840333,1843,0.000698070892640636,Pro,base1 radiant
2614866,16,14,radiant,%5BHyperX%5D%20Liquid%60TC,0,1840333,1844,0.000698449661437511,Pro,base1 radiant
2614866,16,14,radiant,%5BHyperX%5D%20Liquid%60TC,0,1840333,1845,0.000698828430234386,Pro,base1 radiant
2614866,16,14,radiant,%5BHyperX%5D%20Liquid%60TC,0,1840333,1846,0.000699207199031261,Pro,base1 radiant
2614866,16,14,radiant,%5BHyperX%5D%20Liquid%60TC,0,1840333,1847,0.000699585967828136,Pro,base1 radiant
2614866,16,14,radiant,%5BHyperX%5D%20Liquid%60TC,0,1840333,1848,0.000699964736625011,Pro,base1 radiant
2614866,16,14,radiant,%5BHyperX%5D%20Liquid%60TC,0,1840333,1849,0.000700343505421886,Pro,base1 radiant
2614866,16,14,radiant,%5BHyperX%5D%20Liquid%60TC,0,1840333,1850,0.000700722274218761,Pro,base1 radiant
2614866,16,14,radiant,%5BHyperX%5D%20Liquid%60TC,0,1840333,1851,0.000701101043015636,Pro,base1 radiant
2614866,16,14,radiant,%5BHyperX%5D%20Liquid%60TC,0,1840333,1852,0.000701479811812511,Pro,base1 radiant
2614866,16,14,radiant,%5BHyperX%5D%20Liquid%60TC,0,1840333,1853,0.000701858580609386,Pro,base1 radiant
2614866,16,14,radiant,%5BHyperX%5D%20Liquid%60TC,0,1840333,1854,0.000702237349406261,Pro,base1 radiant
2614866,16,14,radiant,%5BHyperX%5D%20Liquid%60TC,0,1840333,1855,0.000702616118203136,Pro,base1 radiant
2614866,16,14,radiant,%5BHyperX%5D%20Liquid%60TC,0,1840333,1856,0.000702994887000011,Pro,base1 radiant
2614866,16,14,radiant,%5BHyperX%5D%20Liquid%60TC,0,1840333,1857,0.000703373655796886,Pro,base1 radiant
2614866,16,14,radiant,%5BHyperX%5D%20Liquid%60TC,0,1840333,1858,0.000703752424593761,Pro,base1 radiant
2614866,16,14,radiant,%5BHyperX%5D%20Liquid%60TC,0,1840333,1859,0.000704131193390636,Pro,base1 radiant
2614866,16,14,radiant,%5BHyperX%5D%20Liquid%60TC,0,1840333,1860,0.000704509962187511,Pro,base1 radiant
2614866,16,14,radiant,%5BHyperX%5D%20Liquid%60TC,0,1840333,1861,0.000704888730984386,Pro,base1 radiant
2614866,16,14,radiant,%5BHyperX%5D%20Liquid%60TC,0,1840333,1862,0.000705267499781261,Pro,base1 radiant
2614866,16,14,radiant,%5BHyperX%5D%20Liquid%60TC,0,1840333,1863,0.000705646268578136,Pro,base1 radiant
2614866,16,14,radiant,%5BHyperX%5D%20Liquid%60TC,0,1840333,1864,0.000706025037375011,Pro,base1 radiant
2614866,16,14,radiant,%5BHyperX%5D%20Liquid%60TC,0,1840333,1865,0.000706403806171886,Pro,base1 radiant
2640133,16,14,radiant,%5BHyperX%5D%20Liquid%60TC,0,1865600,1866,0.000706782574968761,Pro,base1 radiant
775133,24,12,radiant,%5BHyperX%5D%20Liquid%60wayto,0,600,0,0,Pro,base1 radiant
775133,24,12,radiant,%5BHyperX%5D%20Liquid%60wayto,0,600,1,3.78768796875006e-07,Pro,base1 radiant
776400,27,12,radiant,%5BHyperX%5D%20Liquid%60wayto,0,1867,2,7.57537593750012e-07,Pro,base1 radiant
777266,29,12,radiant,%5BHyperX%5D%20Liquid%60wayto,0,2733,3,1.13630639062502e-06,Pro,base1 radiant
778533,32,12,radiant,%5BHyperX%5D%20Liquid%60wayto,0,4000,4,1.51507518750002e-06,Pro,base1 radiant
779133,33,13,radiant,%5BHyperX%5D%20Liquid%60wayto,0,4600,5,1.89384398437503e-06,Pro,base1 radiant
780200,34,13,radiant,%5BHyperX%5D%20Liquid%60wayto,0,5667,6,2.27261278125004e-06,Pro,base1 radiant
781133,32,13,radiant,%5BHyperX%5D%20Liquid%60wayto,0,6600,7,2.65138157812504e-06,Pro,base1 radiant
782066,30,12,radiant,%5BHyperX%5D%20Liquid%60wayto,0,7533,8,3.03015037500005e-06,Pro,base1 radiant
783133,32,13,radiant,%5BHyperX%5D%20Liquid%60wayto,0,8600,9,3.40891917187505e-06,Pro,base1 radiant
784533,35,13,radiant,%5BHyperX%5D%20Liquid%60wayto,0,10000,10,3.78768796875006e-06,Pro,base1 radiant
785333,37,13,radiant,%5BHyperX%5D%20Liquid%60wayto,0,10800,11,4.16645676562507e-06,Pro,bottomlane radiant
786200,39,13,radiant,%5BHyperX%5D%20Liquid%60wayto,0,11667,12,4.54522556250007e-06,Pro,bottomlane radiant
787533,37,12,radiant,%5BHyperX%5D%20Liquid%60wayto,0,13000,13,4.92399435937508e-06,Pro,bottomlane radiant
788400,35,13,radiant,%5BHyperX%5D%20Liquid%60wayto,0,13867,14,5.30276315625008e-06,Pro,base1 radiant
789533,38,13,radiant,%5BHyperX%5D%20Liquid%60wayto,0,15000,15,5.68153195312509e-06,Pro,bottomlane radiant
790333,40,13,radiant,%5BHyperX%5D%20Liquid%60wayto,0,15800,16,6.06030075000009e-06,Pro,bottomlane radiant
791200,42,12,radiant,%5BHyperX%5D%20Liquid%60wayto,0,16667,17,6.4390695468751e-06,Pro,bottomlane radiant
792533,45,12,radiant,%5BHyperX%5D%20Liquid%60wayto,0,18000,18,6.81783834375011e-06,Pro,bottomlane radiant
793333,47,12,radiant,%5BHyperX%5D%20Liquid%60wayto,0,18800,19,7.19660714062511e-06,Pro,bottomlane radiant
794200,49,12,radiant,%5BHyperX%5D%20Liquid%60wayto,0,19667,20,7.57537593750012e-06,Pro,bottomlane radiant
795533,52,11,radiant,%5BHyperX%5D%20Liquid%60wayto,0,21000,21,7.95414473437513e-06,Pro,bottomlane radiant
796400,54,11,radiant,%5BHyperX%5D%20Liquid%60wayto,0,21867,22,8.33291353125013e-06,Pro,bottomlane radiant
797266,56,11,radiant,%5BHyperX%5D%20Liquid%60wayto,0,22733,23,8.71168232812514e-06,Pro,bottomlane radiant
798533,59,11,radiant,%5BHyperX%5D%20Liquid%60wayto,0,24000,24,9.09045112500014e-06,Pro,bottomlane radiant
799466,61,11,radiant,%5BHyperX%5D%20Liquid%60wayto,0,24933,25,9.46921992187515e-06,Pro,bottomlane radiant
800466,63,12,radiant,%5BHyperX%5D%20Liquid%60wayto,0,25933,26,9.84798871875015e-06,Pro,bottomlane radiant
801200,64,14,radiant,%5BHyperX%5D%20Liquid%60wayto,0,26667,27,1.02267575156252e-05,Pro,bottomlane radiant
802400,66,16,radiant,%5BHyperX%5D%20Liquid%60wayto,0,27867,28,1.06055263125002e-05,Pro,void radiant
803533,68,18,radiant,%5BHyperX%5D%20Liquid%60wayto,0,29000,29,1.09842951093752e-05,Pro,jungle radiant
804266,69,19,radiant,%5BHyperX%5D%20Liquid%60wayto,0,29733,30,1.13630639062502e-05,Pro,jungle radiant
805066,70,21,radiant,%5BHyperX%5D%20Liquid%60wayto,0,30533,31,1.17418327031252e-05,Pro,jungle radiant
806533,72,23,radiant,%5BHyperX%5D%20Liquid%60wayto,0,32000,32,1.21206015000002e-05,Pro,jungle radiant
807333,73,25,radiant,%5BHyperX%5D%20Liquid%60wayto,0,32800,33,1.24993702968752e-05,Pro,jungle radiant
808266,72,27,radiant,%5BHyperX%5D%20Liquid%60wayto,0,33733,34,1.28781390937502e-05,Pro,jungle radiant
809466,70,29,radiant,%5BHyperX%5D%20Liquid%60wayto,0,34933,35,1.32569078906252e-05,Pro,jungle radiant
810533,69,31,radiant,%5BHyperX%5D%20Liquid%60wayto,0,36000,36,1.36356766875002e-05,Pro,jungle radiant
811533,68,33,radiant,%5BHyperX%5D%20Liquid%60wayto,0,37000,37,1.40144454843752e-05,Pro,jungle radiant
811933,68,34,radiant,%5BHyperX%5D%20Liquid%60wayto,0,37400,38,1.43932142812502e-05,Pro,jungle radiant
813533,68,37,radiant,%5BHyperX%5D%20Liquid%60wayto,0,39000,39,1.47719830781252e-05,Pro,jungle radiant
814333,66,38,radiant,%5BHyperX%5D%20Liquid%60wayto,0,39800,40,1.51507518750002e-05,Pro,jungle radiant
815333,64,39,radiant,%5BHyperX%5D%20Liquid%60wayto,0,40800,41,1.55295206718752e-05,Pro,jungle radiant
816133,62,39,radiant,%5BHyperX%5D%20Liquid%60wayto,0,41600,42,1.59082894687503e-05,Pro,jungle radiant
817466,59,38,radiant,%5BHyperX%5D%20Liquid%60wayto,0,42933,43,1.62870582656253e-05,Pro,jungle radiant
818533,57,38,radiant,%5BHyperX%5D%20Liquid%60wayto,0,44000,44,1.66658270625003e-05,Pro,jungle radiant
819533,56,36,radiant,%5BHyperX%5D%20Liquid%60wayto,0,45000,45,1.70445958593753e-05,Pro,jungle radiant
820466,54,37,radiant,%5BHyperX%5D%20Liquid%60wayto,0,45933,46,1.74233646562503e-05,Pro,jungle radiant
821533,53,38,radiant,%5BHyperX%5D%20Liquid%60wayto,0,47000,47,1.78021334531253e-05,Pro,jungle radiant
822533,52,38,radiant,%5BHyperX%5D%20Liquid%60wayto,0,48000,48,1.81809022500003e-05,Pro,jungle radiant
823533,53,38,radiant,%5BHyperX%5D%20Liquid%60wayto,0,49000,49,1.85596710468753e-05,Pro,jungle radiant
824066,54,37,radiant,%5BHyperX%5D%20Liquid%60wayto,0,49533,50,1.89384398437503e-05,Pro,jungle radiant
825466,54,36,radiant,%5BHyperX%5D%20Liquid%60wayto,0,50933,51,1.93172086406253e-05,Pro,jungle radiant
826533,53,34,radiant,%5BHyperX%5D%20Liquid%60wayto,0,52000,52,1.96959774375003e-05,Pro,jungle radiant
827266,52,36,radiant,%5BHyperX%5D%20Liquid%60wayto,0,52733,53,2.00747462343753e-05,Pro,jungle radiant
828533,49,36,radiant,%5BHyperX%5D%20Liquid%60wayto,0,54000,54,2.04535150312503e-05,Pro,jungle radiant
829533,48,34,radiant,%5BHyperX%5D%20Liquid%60wayto,0,55000,55,2.08322838281253e-05,Pro,jungle radiant
830133,47,33,radiant,%5BHyperX%5D%20Liquid%60wayto,0,55600,56,2.12110526250003e-05,Pro,jungle radiant
831066,46,31,radiant,%5BHyperX%5D%20Liquid%60wayto,0,56533,57,2.15898214218753e-05,Pro,jungle radiant
832533,44,29,radiant,%5BHyperX%5D%20Liquid%60wayto,0,58000,58,2.19685902187503e-05,Pro,jungle radiant
833466,42,28,radiant,%5BHyperX%5D%20Liquid%60wayto,0,58933,59,2.23473590156253e-05,Pro,jungle radiant
834333,41,27,radiant,%5BHyperX%5D%20Liquid%60wayto,0,59800,60,2.27261278125004e-05,Pro,void radiant
835200,42,25,radiant,%5BHyperX%5D%20Liquid%60wayto,0,60667,61,2.31048966093754e-05,Pro,jungle radiant
836133,43,23,radiant,%5BHyperX%5D%20Liquid%60wayto,0,61600,62,2.34836654062504e-05,Pro,jungle radiant
837533,44,20,radiant,%5BHyperX%5D%20Liquid%60wayto,0,63000,63,2.38624342031254e-05,Pro,jungle radiant
838466,45,18,radiant,%5BHyperX%5D%20Liquid%60wayto,0,63933,64,2.42412030000004e-05,Pro,jungle radiant
839000,46,17,radiant,%5BHyperX%5D%20Liquid%60wayto,0,64467,65,2.46199717968754e-05,Pro,jungle radiant
840266,48,15,radiant,%5BHyperX%5D%20Liquid%60wayto,0,65733,66,2.49987405937504e-05,Pro,void radiant
841266,49,13,radiant,%5BHyperX%5D%20Liquid%60wayto,0,66733,67,2.53775093906254e-05,Pro,bottomlane radiant
842200,47,12,radiant,%5BHyperX%5D%20Liquid%60wayto,0,67667,68,2.57562781875004e-05,Pro,bottomlane radiant
843133,47,11,radiant,%5BHyperX%5D%20Liquid%60wayto,0,68600,69,2.61350469843754e-05,Pro,bottomlane radiant
843133,47,11,radiant,%5BHyperX%5D%20Liquid%60wayto,0,68600,70,2.65138157812504e-05,Pro,bottomlane radiant
843133,47,11,radiant,%5BHyperX%5D%20Liquid%60wayto,0,68600,71,2.68925845781254e-05,Pro,bottomlane radiant
843133,47,11,radiant,%5BHyperX%5D%20Liquid%60wayto,0,68600,72,2.72713533750004e-05,Pro,bottomlane radiant
843133,47,11,radiant,%5BHyperX%5D%20Liquid%60wayto,0,68600,73,2.76501221718754e-05,Pro,bottomlane radiant
843133,47,11,radiant,%5BHyperX%5D%20Liquid%60wayto,0,68600,74,2.80288909687504e-05,Pro,bottomlane radiant
843133,47,11,radiant,%5BHyperX%5D%20Liquid%60wayto,0,68600,75,2.84076597656254e-05,Pro,bottomlane radiant
843133,47,11,radiant,%5BHyperX%5D%20Liquid%60wayto,0,68600,76,2.87864285625005e-05,Pro,bottomlane radiant
851400,49,11,radiant,%5BHyperX%5D%20Liquid%60wayto,0,76867,77,2.91651973593755e-05,Pro,bottomlane radiant
852266,51,11,radiant,%5BHyperX%5D%20Liquid%60wayto,0,77733,78,2.95439661562505e-05,Pro,bottomlane radiant
853533,54,11,radiant,%5BHyperX%5D%20Liquid%60wayto,0,79000,79,2.99227349531255e-05,Pro,bottomlane radiant
853533,54,11,radiant,%5BHyperX%5D%20Liquid%60wayto,0,79000,80,3.03015037500005e-05,Pro,bottomlane radiant
853533,54,11,radiant,%5BHyperX%5D%20Liquid%60wayto,0,79000,81,3.06802725468755e-05,Pro,bottomlane radiant
853533,54,11,radiant,%5BHyperX%5D%20Liquid%60wayto,0,79000,82,3.10590413437505e-05,Pro,bottomlane radiant
853533,54,11,radiant,%5BHyperX%5D%20Liquid%60wayto,0,79000,83,3.14378101406255e-05,Pro,bottomlane radiant
858533,55,11,radiant,%5BHyperX%5D%20Liquid%60wayto,0,84000,84,3.18165789375005e-05,Pro,bottomlane radiant
859400,57,11,radiant,%5BHyperX%5D%20Liquid%60wayto,0,84867,85,3.21953477343755e-05,Pro,bottomlane radiant
860533,59,10,radiant,%5BHyperX%5D%20Liquid%60wayto,0,86000,86,3.25741165312505e-05,Pro,bottomlane radiant
861533,62,11,radiant,%5BHyperX%5D%20Liquid%60wayto,0,87000,87,3.29528853281255e-05,Pro,bottomlane radiant
862400,64,10,radiant,%5BHyperX%5D%20Liquid%60wayto,0,87867,88,3.33316541250005e-05,Pro,bottomlane radiant
863333,66,10,radiant,%5BHyperX%5D%20Liquid%60wayto,0,88800,89,3.37104229218755e-05,Pro,bottomlane radiant
864200,68,10,radiant,%5BHyperX%5D%20Liquid%60wayto,0,89667,90,3.40891917187505e-05,Pro,bottomlane radiant
865466,71,10,radiant,%5BHyperX%5D%20Liquid%60wayto,0,90933,91,3.44679605156255e-05,Pro,bottomlane radiant
866333,73,10,radiant,%5BHyperX%5D%20Liquid%60wayto,0,91800,92,3.48467293125005e-05,Pro,bottomlane radiant
867200,75,10,radiant,%5BHyperX%5D%20Liquid%60wayto,0,92667,93,3.52254981093756e-05,Pro,bottomlane radiant
868466,78,10,radiant,%5BHyperX%5D%20Liquid%60wayto,0,93933,94,3.56042669062506e-05,Pro,bottomlane radiant
869333,80,10,radiant,%5BHyperX%5D%20Liquid%60wayto,0,94800,95,3.59830357031256e-05,Pro,bottomlane radiant
870200,82,10,radiant,%5BHyperX%5D%20Liquid%60wayto,0,95667,96,3.63618045000006e-05,Pro,bottomlane radiant
871333,84,10,radiant,%5BHyperX%5D%20Liquid%60wayto,0,96800,97,3.67405732968756e-05,Pro,bottomlane radiant
872133,86,10,radiant,%5BHyperX%5D%20Liquid%60wayto,0,97600,98,3.71193420937506e-05,Pro,bottomlane radiant
873000,88,10,radiant,%5BHyperX%5D%20Liquid%60wayto,0,98467,99,3.74981108906256e-05,Pro,bottomlane radiant
874466,91,11,radiant,%5BHyperX%5D%20Liquid%60wayto,0,99933,100,3.78768796875006e-05,Pro,bottomlane radiant
875400,93,11,radiant,%5BHyperX%5D%20Liquid%60wayto,0,100867,101,3.82556484843756e-05,Pro,bottomlane radiant
876333,95,11,radiant,%5BHyperX%5D%20Liquid%60wayto,0,101800,102,3.86344172812506e-05,Pro,bottomlane radiant
877533,97,13,radiant,%5BHyperX%5D%20Liquid%60wayto,0,103000,103,3.90131860781256e-05,Pro,bottomlane radiant
878533,99,13,radiant,%5BHyperX%5D%20Liquid%60wayto,0,104000,104,3.93919548750006e-05,Pro,bottomlane radiant
879533,101,14,radiant,%5BHyperX%5D%20Liquid%60wayto,0,105000,105,3.97707236718756e-05,Pro,bottomlane radiant
880333,102,15,radiant,%5BHyperX%5D%20Liquid%60wayto,0,105800,106,4.01494924687506e-05,Pro,bottomlane radiant
881533,104,14,radiant,%5BHyperX%5D%20Liquid%60wayto,0,107000,107,4.05282612656256e-05,Pro,bottomlane radiant
882000,105,15,radiant,%5BHyperX%5D%20Liquid%60wayto,0,107467,108,4.09070300625006e-05,Pro,bottomlane radiant
883366,105,16,radiant,%5BHyperX%5D%20Liquid%60wayto,0,108833,109,4.12857988593756e-05,Pro,bottomlane radiant
883900,106,17,radiant,%5BHyperX%5D%20Liquid%60wayto,0,109367,110,4.16645676562507e-05,Pro,bottomlane radiant
885100,105,17,radiant,%5BHyperX%5D%20Liquid%60wayto,0,110567,111,4.20433364531257e-05,Pro,bottomlane radiant
886500,103,15,radiant,%5BHyperX%5D%20Liquid%60wayto,0,111967,112,4.24221052500007e-05,Pro,bottomlane radiant
887500,100,14,radiant,%5BHyperX%5D%20Liquid%60wayto,0,112967,113,4.28008740468757e-05,Pro,bottomlane radiant
888366,98,14,radiant,%5BHyperX%5D%20Liquid%60wayto,0,113833,114,4.31796428437507e-05,Pro,bottomlane radiant
889233,97,15,radiant,%5BHyperX%5D%20Liquid%60wayto,0,114700,115,4.35584116406257e-05,Pro,void radiant
889833,96,16,radiant,%5BHyperX%5D%20Liquid%60wayto,0,115300,116,4.39371804375007e-05,Pro,jungle radiant
891233,96,16,radiant,%5BHyperX%5D%20Liquid%60wayto,0,116700,117,4.43159492343757e-05,Pro,jungle radiant
891233,96,16,radiant,%5BHyperX%5D%20Liquid%60wayto,0,116700,118,4.46947180312507e-05,Pro,jungle radiant
893233,97,14,radiant,%5BHyperX%5D%20Liquid%60wayto,0,118700,119,4.50734868281257e-05,Pro,bottomlane radiant
894100,99,14,radiant,%5BHyperX%5D%20Liquid%60wayto,0,119567,120,4.54522556250007e-05,Pro,bottomlane radiant
894100,99,14,radiant,%5BHyperX%5D%20Liquid%60wayto,0,119567,121,4.58310244218757e-05,Pro,bottomlane radiant
894100,99,14,radiant,%5BHyperX%5D%20Liquid%60wayto,0,119567,122,4.62097932187507e-05,Pro,bottomlane radiant
897100,101,15,radiant,%5BHyperX%5D%20Liquid%60wayto,0,122567,123,4.65885620156257e-05,Pro,bottomlane radiant
897100,101,15,radiant,%5BHyperX%5D%20Liquid%60wayto,0,122567,124,4.69673308125007e-05,Pro,bottomlane radiant
897100,101,15,radiant,%5BHyperX%5D%20Liquid%60wayto,0,122567,125,4.73460996093757e-05,Pro,bottomlane radiant
900100,101,15,radiant,%5BHyperX%5D%20Liquid%60wayto,0,125567,126,4.77248684062507e-05,Pro,bottomlane radiant
900100,101,15,radiant,%5BHyperX%5D%20Liquid%60wayto,0,125567,127,4.81036372031258e-05,Pro,bottomlane radiant
900100,101,15,radiant,%5BHyperX%5D%20Liquid%60wayto,0,125567,128,4.84824060000008e-05,Pro,bottomlane radiant
903233,102,16,radiant,%5BHyperX%5D%20Liquid%60wayto,0,128700,129,4.88611747968758e-05,Pro,bottomlane radiant
904433,101,15,radiant,%5BHyperX%5D%20Liquid%60wayto,0,129900,130,4.92399435937508e-05,Pro,bottomlane radiant
905100,100,14,radiant,%5BHyperX%5D%20Liquid%60wayto,0,130567,131,4.96187123906258e-05,Pro,bottomlane radiant
906233,99,14,radiant,%5BHyperX%5D%20Liquid%60wayto,0,131700,132,4.99974811875008e-05,Pro,bottomlane radiant
907100,97,13,radiant,%5BHyperX%5D%20Liquid%60wayto,0,132567,133,5.03762499843758e-05,Pro,bottomlane radiant
908500,94,12,radiant,%5BHyperX%5D%20Liquid%60wayto,0,133967,134,5.07550187812508e-05,Pro,bottomlane radiant
909366,92,13,radiant,%5BHyperX%5D%20Liquid%60wayto,0,134833,135,5.11337875781258e-05,Pro,bottomlane radiant
910366,91,14,radiant,%5BHyperX%5D%20Liquid%60wayto,0,135833,136,5.15125563750008e-05,Pro,bottomlane radiant
911233,91,16,radiant,%5BHyperX%5D%20Liquid%60wayto,0,136700,137,5.18913251718758e-05,Pro,jungle radiant
912366,92,15,radiant,%5BHyperX%5D%20Liquid%60wayto,0,137833,138,5.22700939687508e-05,Pro,void radiant
913433,92,15,radiant,%5BHyperX%5D%20Liquid%60wayto,0,138900,139,5.26488627656258e-05,Pro,void radiant
913433,92,15,radiant,%5BHyperX%5D%20Liquid%60wayto,0,138900,140,5.30276315625008e-05,Pro,void radiant
913433,92,15,radiant,%5BHyperX%5D%20Liquid%60wayto,0,138900,141,5.34064003593758e-05,Pro,void radiant
916500,91,16,radiant,%5BHyperX%5D%20Liquid%60wayto,0,141967,142,5.37851691562508e-05,Pro,jungle radiant
917033,92,15,radiant,%5BHyperX%5D%20Liquid%60wayto,0,142500,143,5.41639379531258e-05,Pro,void radiant
917033,92,15,radiant,%5BHyperX%5D%20Liquid%60wayto,0,142500,144,5.45427067500008e-05,Pro,void radiant
917033,92,15,radiant,%5BHyperX%5D%20Liquid%60wayto,0,142500,145,5.49214755468759e-05,Pro,void radiant
919700,91,16,radiant,%5BHyperX%5D%20Liquid%60wayto,0,145167,146,5.53002443437509e-05,Pro,jungle radiant
921366,92,15,radiant,%5BHyperX%5D%20Liquid%60wayto,0,146833,147,5.56790131406259e-05,Pro,void radiant
921966,93,14,radiant,%5BHyperX%5D%20Liquid%60wayto,0,147433,148,5.60577819375009e-05,Pro,bottomlane radiant
923166,95,13,radiant,%5BHyperX%5D%20Liquid%60wayto,0,148633,149,5.64365507343759e-05,Pro,bottomlane radiant
923166,95,13,radiant,%5BHyperX%5D%20Liquid%60wayto,0,148633,150,5.68153195312509e-05,Pro,bottomlane radiant
925300,96,13,radiant,%5BHyperX%5D%20Liquid%60wayto,0,150767,151,5.71940883281259e-05,Pro,bottomlane radiant
926166,98,14,radiant,%5BHyperX%5D%20Liquid%60wayto,0,151633,152,5.75728571250009e-05,Pro,bottomlane radiant
927033,100,14,radiant,%5BHyperX%5D%20Liquid%60wayto,0,152500,153,5.79516259218759e-05,Pro,bottomlane radiant
927033,100,14,radiant,%5BHyperX%5D%20Liquid%60wayto,0,152500,154,5.83303947187509e-05,Pro,bottomlane radiant
929166,98,13,radiant,%5BHyperX%5D%20Liquid%60wayto,0,154633,155,5.87091635156259e-05,Pro,bottomlane radiant
930033,96,13,radiant,%5BHyperX%5D%20Liquid%60wayto,0,155500,156,5.90879323125009e-05,Pro,bottomlane radiant
931433,98,13,radiant,%5BHyperX%5D%20Liquid%60wayto,0,156900,157,5.94667011093759e-05,Pro,bottomlane radiant
932366,100,13,radiant,%5BHyperX%5D%20Liquid%60wayto,0,157833,158,5.98454699062509e-05,Pro,bottomlane radiant
932366,100,13,radiant,%5BHyperX%5D%20Liquid%60wayto,0,157833,159,6.02242387031259e-05,Pro,bottomlane radiant
934166,99,12,radiant,%5BHyperX%5D%20Liquid%60wayto,0,159633,160,6.06030075000009e-05,Pro,bottomlane radiant
935433,97,13,radiant,%5BHyperX%5D%20Liquid%60wayto,0,160900,161,6.0981776296876e-05,Pro,bottomlane radiant
936500,94,14,radiant,%5BHyperX%5D%20Liquid%60wayto,0,161967,162,6.1360545093751e-05,Pro,bottomlane radiant
937033,94,15,radiant,%5BHyperX%5D%20Liquid%60wayto,0,162500,163,6.1739313890626e-05,Pro,bottomlane radiant
938033,93,16,radiant,%5BHyperX%5D%20Liquid%60wayto,0,163500,164,6.2118082687501e-05,Pro,jungle radiant
939433,93,15,radiant,%5BHyperX%5D%20Liquid%60wayto,0,164900,165,6.2496851484376e-05,Pro,void radiant
940366,92,15,radiant,%5BHyperX%5D%20Liquid%60wayto,0,165833,166,6.2875620281251e-05,Pro,void radiant
940366,92,15,radiant,%5BHyperX%5D%20Liquid%60wayto,0,165833,167,6.3254389078126e-05,Pro,void radiant
942500,93,17,radiant,%5BHyperX%5D%20Liquid%60wayto,0,167967,168,6.3633157875001e-05,Pro,jungle radiant
943300,92,17,radiant,%5BHyperX%5D%20Liquid%60wayto,0,168767,169,6.4011926671876e-05,Pro,jungle radiant
944166,91,16,radiant,%5BHyperX%5D%20Liquid%60wayto,0,169633,170,6.4390695468751e-05,Pro,jungle radiant
945233,93,14,radiant,%5BHyperX%5D%20Liquid%60wayto,0,170700,171,6.4769464265626e-05,Pro,bottomlane radiant
946166,95,14,radiant,%5BHyperX%5D%20Liquid%60wayto,0,171633,172,6.5148233062501e-05,Pro,bottomlane radiant
947500,98,14,radiant,%5BHyperX%5D%20Liquid%60wayto,0,172967,173,6.5527001859376e-05,Pro,bottomlane radiant
948366,100,14,radiant,%5BHyperX%5D%20Liquid%60wayto,0,173833,174,6.5905770656251e-05,Pro,bottomlane radiant
949366,101,15,radiant,%5BHyperX%5D%20Liquid%60wayto,0,174833,175,6.6284539453126e-05,Pro,bottomlane radiant
950433,103,16,radiant,%5BHyperX%5D%20Liquid%60wayto,0,175900,176,6.6663308250001e-05,Pro,bottomlane radiant
951366,105,16,radiant,%5BHyperX%5D%20Liquid%60wayto,0,176833,177,6.70420770468761e-05,Pro,bottomlane radiant
951833,106,17,radiant,%5BHyperX%5D%20Liquid%60wayto,0,177300,178,6.74208458437511e-05,Pro,bottomlane radiant
952633,105,16,radiant,%5BHyperX%5D%20Liquid%60wayto,0,178100,179,6.77996146406261e-05,Pro,bottomlane radiant
952633,105,16,radiant,%5BHyperX%5D%20Liquid%60wayto,0,178100,180,6.81783834375011e-05,Pro,bottomlane radiant
955500,105,15,radiant,%5BHyperX%5D%20Liquid%60wayto,0,180967,181,6.85571522343761e-05,Pro,bottomlane radiant
955500,105,15,radiant,%5BHyperX%5D%20Liquid%60wayto,0,180967,182,6.89359210312511e-05,Pro,bottomlane radiant
957500,104,13,radiant,%5BHyperX%5D%20Liquid%60wayto,0,182967,183,6.93146898281261e-05,Pro,bottomlane radiant
958366,102,13,radiant,%5BHyperX%5D%20Liquid%60wayto,0,183833,184,6.96934586250011e-05,Pro,bottomlane radiant
959233,100,13,radiant,%5BHyperX%5D%20Liquid%60wayto,0,184700,185,7.00722274218761e-05,Pro,bottomlane radiant
960500,97,14,radiant,%5BHyperX%5D%20Liquid%60wayto,0,185967,186,7.04509962187511e-05,Pro,bottomlane radiant
961366,95,14,radiant,%5BHyperX%5D%20Liquid%60wayto,0,186833,187,7.08297650156261e-05,Pro,bottomlane radiant
962433,93,15,radiant,%5BHyperX%5D%20Liquid%60wayto,0,187900,188,7.12085338125011e-05,Pro,void radiant
963366,91,16,radiant,%5BHyperX%5D%20Liquid%60wayto,0,188833,189,7.15873026093761e-05,Pro,jungle radiant
964433,90,18,radiant,%5BHyperX%5D%20Liquid%60wayto,0,189900,190,7.19660714062511e-05,Pro,jungle radiant
964433,90,18,radiant,%5BHyperX%5D%20Liquid%60wayto,0,189900,191,7.23448402031261e-05,Pro,jungle radiant
965966,89,19,radiant,%5BHyperX%5D%20Liquid%60wayto,0,191433,192,7.27236090000011e-05,Pro,jungle radiant
967300,90,18,radiant,%5BHyperX%5D%20Liquid%60wayto,0,192767,193,7.31023777968761e-05,Pro,jungle radiant
968300,91,16,radiant,%5BHyperX%5D%20Liquid%60wayto,0,193767,194,7.34811465937511e-05,Pro,jungle radiant
969300,92,14,radiant,%5BHyperX%5D%20Liquid%60wayto,0,194767,195,7.38599153906262e-05,Pro,bottomlane radiant
970366,94,12,radiant,%5BHyperX%5D%20Liquid%60wayto,0,195833,196,7.42386841875012e-05,Pro,bottomlane radiant
971233,96,12,radiant,%5BHyperX%5D%20Liquid%60wayto,0,196700,197,7.46174529843762e-05,Pro,bottomlane radiant
972500,99,11,radiant,%5BHyperX%5D%20Liquid%60wayto,0,197967,198,7.49962217812512e-05,Pro,bottomlane radiant
973500,100,12,radiant,%5BHyperX%5D%20Liquid%60wayto,0,198967,199,7.53749905781262e-05,Pro,bottomlane radiant
974033,101,13,radiant,%5BHyperX%5D%20Liquid%60wayto,0,199500,200,7.57537593750012e-05,Pro,bottomlane radiant
975433,101,13,radiant,%5BHyperX%5D%20Liquid%60wayto,0,200900,201,7.61325281718762e-05,Pro,bottomlane radiant
976300,99,13,radiant,%5BHyperX%5D%20Liquid%60wayto,0,201767,202,7.65112969687512e-05,Pro,bottomlane radiant
977033,98,12,radiant,%5BHyperX%5D%20Liquid%60wayto,0,202500,203,7.68900657656262e-05,Pro,bottomlane radiant
978500,100,13,radiant,%5BHyperX%5D%20Liquid%60wayto,0,203967,204,7.72688345625012e-05,Pro,bottomlane radiant
979433,99,14,radiant,%5BHyperX%5D%20Liquid%60wayto,0,204900,205,7.76476033593762e-05,Pro,bottomlane radiant
980100,100,14,radiant,%5BHyperX%5D%20Liquid%60wayto,0,205567,206,7.80263721562512e-05,Pro,bottomlane radiant
981500,100,13,radiant,%5BHyperX%5D%20Liquid%60wayto,0,206967,207,7.84051409531262e-05,Pro,bottomlane radiant
981633,100,14,radiant,%5BHyperX%5D%20Liquid%60wayto,0,207100,208,7.87839097500012e-05,Pro,bottomlane radiant
983366,99,13,radiant,%5BHyperX%5D%20Liquid%60wayto,0,208833,209,7.91626785468762e-05,Pro,bottomlane radiant
984300,100,11,radiant,%5BHyperX%5D%20Liquid%60wayto,0,209767,210,7.95414473437512e-05,Pro,bottomlane radiant
985033,102,11,radiant,%5BHyperX%5D%20Liquid%60wayto,0,210500,211,7.99202161406263e-05,Pro,bottomlane radiant
986500,102,11,radiant,%5BHyperX%5D%20Liquid%60wayto,0,211967,212,8.02989849375013e-05,Pro,bottomlane radiant
987233,101,11,radiant,%5BHyperX%5D%20Liquid%60wayto,0,212700,213,8.06777537343763e-05,Pro,bottomlane radiant
988433,99,12,radiant,%5BHyperX%5D%20Liquid%60wayto,0,213900,214,8.10565225312513e-05,Pro,bottomlane radiant
989166,99,13,radiant,%5BHyperX%5D%20Liquid%60wayto,0,214633,215,8.14352913281263e-05,Pro,bottomlane radiant
990100,101,13,radiant,%5BHyperX%5D%20Liquid%60wayto,0,215567,216,8.18140601250013e-05,Pro,bottomlane radiant
990966,102,14,radiant,%5BHyperX%5D%20Liquid%60wayto,0,216433,217,8.21928289218763e-05,Pro,bottomlane radiant
991700,103,15,radiant,%5BHyperX%5D%20Liquid%60wayto,0,217167,218,8.25715977187513e-05,Pro,bottomlane radiant
993300,101,15,radiant,%5BHyperX%5D%20Liquid%60wayto,0,218767,219,8.29503665156263e-05,Pro,bottomlane radiant
994300,100,13,radiant,%5BHyperX%5D%20Liquid%60wayto,0,219767,220,8.33291353125013e-05,Pro,bottomlane radiant
995433,99,12,radiant,%5BHyperX%5D%20Liquid%60wayto,0,220900,221,8.37079041093763e-05,Pro,bottomlane radiant
996300,97,13,radiant,%5BHyperX%5D%20Liquid%60wayto,0,221767,222,8.40866729062513e-05,Pro,bottomlane radiant
997500,95,14,radiant,%5BHyperX%5D%20Liquid%60wayto,0,222967,223,8.44654417031263e-05,Pro,bottomlane radiant
998366,93,15,radiant,%5BHyperX%5D%20Liquid%60wayto,0,223833,224,8.48442105000013e-05,Pro,void radiant
999233,91,16,radiant,%5BHyperX%5D%20Liquid%60wayto,0,224700,225,8.52229792968763e-05,Pro,jungle radiant
999700,91,17,radiant,%5BHyperX%5D%20Liquid%60wayto,0,225167,226,8.56017480937513e-05,Pro,jungle radiant
999700,91,17,radiant,%5BHyperX%5D%20Liquid%60wayto,0,225167,227,8.59805168906263e-05,Pro,jungle radiant
999700,91,17,radiant,%5BHyperX%5D%20Liquid%60wayto,0,225167,228,8.63592856875013e-05,Pro,jungle radiant
999700,91,17,radiant,%5BHyperX%5D%20Liquid%60wayto,0,225167,229,8.67380544843764e-05,Pro,jungle radiant
999700,91,17,radiant,%5BHyperX%5D%20Liquid%60wayto,0,225167,230,8.71168232812514e-05,Pro,jungle radiant
999700,91,17,radiant,%5BHyperX%5D%20Liquid%60wayto,0,225167,231,8.74955920781264e-05,Pro,jungle radiant
999700,91,17,radiant,%5BHyperX%5D%20Liquid%60wayto,0,225167,232,8.78743608750014e-05,Pro,jungle radiant
999700,91,17,radiant,%5BHyperX%5D%20Liquid%60wayto,0,225167,233,8.82531296718764e-05,Pro,jungle radiant
999700,91,17,radiant,%5BHyperX%5D%20Liquid%60wayto,0,225167,234,8.86318984687514e-05,Pro,jungle radiant
999700,91,17,radiant,%5BHyperX%5D%20Liquid%60wayto,0,225167,235,8.90106672656264e-05,Pro,jungle radiant
1010466,91,16,radiant,%5BHyperX%5D%20Liquid%60wayto,0,235933,236,8.93894360625014e-05,Pro,jungle radiant
1010466,91,16,radiant,%5BHyperX%5D%20Liquid%60wayto,0,235933,237,8.97682048593764e-05,Pro,jungle radiant
1011866,91,17,radiant,%5BHyperX%5D%20Liquid%60wayto,0,237333,238,9.01469736562514e-05,Pro,jungle radiant
1011866,91,17,radiant,%5BHyperX%5D%20Liquid%60wayto,0,237333,239,9.05257424531264e-05,Pro,jungle radiant
1011866,91,17,radiant,%5BHyperX%5D%20Liquid%60wayto,0,237333,240,9.09045112500014e-05,Pro,jungle radiant
1011866,91,17,radiant,%5BHyperX%5D%20Liquid%60wayto,0,237333,241,9.12832800468764e-05,Pro,jungle radiant
1016466,90,19,radiant,%5BHyperX%5D%20Liquid%60wayto,0,241933,242,9.16620488437514e-05,Pro,jungle radiant
1017333,91,18,radiant,%5BHyperX%5D%20Liquid%60wayto,0,242800,243,9.20408176406264e-05,Pro,jungle radiant
1018400,91,17,radiant,%5BHyperX%5D%20Liquid%60wayto,0,243867,244,9.24195864375014e-05,Pro,jungle radiant
1019533,92,16,radiant,%5BHyperX%5D%20Liquid%60wayto,0,245000,245,9.27983552343764e-05,Pro,jungle radiant
1020533,94,14,radiant,%5BHyperX%5D%20Liquid%60wayto,0,246000,246,9.31771240312515e-05,Pro,bottomlane radiant
1021466,96,14,radiant,%5BHyperX%5D%20Liquid%60wayto,0,246933,247,9.35558928281265e-05,Pro,bottomlane radiant
1022333,98,14,radiant,%5BHyperX%5D%20Liquid%60wayto,0,247800,248,9.39346616250015e-05,Pro,bottomlane radiant
1023200,100,14,radiant,%5BHyperX%5D%20Liquid%60wayto,0,248667,249,9.43134304218765e-05,Pro,bottomlane radiant
1024066,102,15,radiant,%5BHyperX%5D%20Liquid%60wayto,0,249533,250,9.46921992187515e-05,Pro,bottomlane radiant
1025400,104,17,radiant,%5BHyperX%5D%20Liquid%60wayto,0,250867,251,9.50709680156265e-05,Pro,bottomlane radiant
1026333,105,19,radiant,%5BHyperX%5D%20Liquid%60wayto,0,251800,252,9.54497368125015e-05,Pro,bottomlane radiant
1027400,105,21,radiant,%5BHyperX%5D%20Liquid%60wayto,0,252867,253,9.58285056093765e-05,Pro,void radiant
1028466,106,23,radiant,%5BHyperX%5D%20Liquid%60wayto,0,253933,254,9.62072744062515e-05,Pro,void radiant
1029400,108,24,radiant,%5BHyperX%5D%20Liquid%60wayto,0,254867,255,9.65860432031265e-05,Pro,bottomlane radiant
1030266,110,25,radiant,%5BHyperX%5D%20Liquid%60wayto,0,255733,256,9.69648120000015e-05,Pro,bottomlane radiant
1031133,112,25,radiant,%5BHyperX%5D%20Liquid%60wayto,0,256600,257,9.73435807968765e-05,Pro,bottomlane radiant
1032400,114,27,radiant,%5BHyperX%5D%20Liquid%60wayto,0,257867,258,9.77223495937515e-05,Pro,bottomlane radiant
1033533,113,26,radiant,%5BHyperX%5D%20Liquid%60wayto,0,259000,259,9.81011183906265e-05,Pro,bottomlane radiant
1034533,111,25,radiant,%5BHyperX%5D%20Liquid%60wayto,0,260000,260,9.84798871875015e-05,Pro,bottomlane radiant
1035266,109,25,radiant,%5BHyperX%5D%20Liquid%60wayto,0,260733,261,9.88586559843765e-05,Pro,bottomlane radiant
1036133,107,24,radiant,%5BHyperX%5D%20Liquid%60wayto,0,261600,262,9.92374247812516e-05,Pro,bottomlane radiant
1037466,104,24,radiant,%5BHyperX%5D%20Liquid%60wayto,0,262933,263,9.96161935781266e-05,Pro,jungle radiant
1038333,102,23,radiant,%5BHyperX%5D%20Liquid%60wayto,0,263800,264,9.99949623750016e-05,Pro,jungle radiant
1039200,100,23,radiant,%5BHyperX%5D%20Liquid%60wayto,0,264667,265,0.000100373731171877,Pro,jungle radiant
1040133,98,22,radiant,%5BHyperX%5D%20Liquid%60wayto,0,265600,266,0.000100752499968752,Pro,jungle radiant
1041466,95,21,radiant,%5BHyperX%5D%20Liquid%60wayto,0,266933,267,0.000101131268765627,Pro,jungle radiant
1042466,93,20,radiant,%5BHyperX%5D%20Liquid%60wayto,0,267933,268,0.000101510037562502,Pro,jungle radiant
1043400,91,19,radiant,%5BHyperX%5D%20Liquid%60wayto,0,268867,269,0.000101888806359377,Pro,jungle radiant
1043400,91,19,radiant,%5BHyperX%5D%20Liquid%60wayto,0,268867,270,0.000102267575156252,Pro,jungle radiant
1043400,91,19,radiant,%5BHyperX%5D%20Liquid%60wayto,0,268867,271,0.000102646343953127,Pro,jungle radiant
1046133,89,20,radiant,%5BHyperX%5D%20Liquid%60wayto,0,271600,272,0.000103025112750002,Pro,jungle radiant
1047466,90,20,radiant,%5BHyperX%5D%20Liquid%60wayto,0,272933,273,0.000103403881546877,Pro,jungle radiant
1048200,91,18,radiant,%5BHyperX%5D%20Liquid%60wayto,0,273667,274,0.000103782650343752,Pro,jungle radiant
1049533,91,15,radiant,%5BHyperX%5D%20Liquid%60wayto,0,275000,275,0.000104161419140627,Pro,void radiant
1050400,92,13,radiant,%5BHyperX%5D%20Liquid%60wayto,0,275867,276,0.000104540187937502,Pro,bottomlane radiant
1051266,92,11,radiant,%5BHyperX%5D%20Liquid%60wayto,0,276733,277,0.000104918956734377,Pro,bottomlane radiant
1051266,92,11,radiant,%5BHyperX%5D%20Liquid%60wayto,0,276733,278,0.000105297725531252,Pro,bottomlane radiant
1053266,92,13,radiant,%5BHyperX%5D%20Liquid%60wayto,0,278733,279,0.000105676494328127,Pro,bottomlane radiant
1054266,92,15,radiant,%5BHyperX%5D%20Liquid%60wayto,0,279733,280,0.000106055263125002,Pro,void radiant
1055466,92,16,radiant,%5BHyperX%5D%20Liquid%60wayto,0,280933,281,0.000106434031921877,Pro,jungle radiant
1056466,92,17,radiant,%5BHyperX%5D%20Liquid%60wayto,0,281933,282,0.000106812800718752,Pro,jungle radiant
1057533,91,18,radiant,%5BHyperX%5D%20Liquid%60wayto,0,283000,283,0.000107191569515627,Pro,jungle radiant
1058066,90,19,radiant,%5BHyperX%5D%20Liquid%60wayto,0,283533,284,0.000107570338312502,Pro,jungle radiant
1058066,90,19,radiant,%5BHyperX%5D%20Liquid%60wayto,0,283533,285,0.000107949107109377,Pro,jungle radiant
1060466,89,19,radiant,%5BHyperX%5D%20Liquid%60wayto,0,285933,286,0.000108327875906252,Pro,jungle radiant
1060866,88,19,radiant,%5BHyperX%5D%20Liquid%60wayto,0,286333,287,0.000108706644703127,Pro,jungle radiant
1062400,88,19,radiant,%5BHyperX%5D%20Liquid%60wayto,0,287867,288,0.000109085413500002,Pro,jungle radiant
1063133,87,19,radiant,%5BHyperX%5D%20Liquid%60wayto,0,288600,289,0.000109464182296877,Pro,jungle radiant
1063133,87,19,radiant,%5BHyperX%5D%20Liquid%60wayto,0,288600,290,0.000109842951093752,Pro,jungle radiant
1065466,89,18,radiant,%5BHyperX%5D%20Liquid%60wayto,0,290933,291,0.000110221719890627,Pro,jungle radiant
1066400,91,17,radiant,%5BHyperX%5D%20Liquid%60wayto,0,291867,292,0.000110600488687502,Pro,jungle radiant
1067400,89,18,radiant,%5BHyperX%5D%20Liquid%60wayto,0,292867,293,0.000110979257484377,Pro,jungle radiant
1068466,90,18,radiant,%5BHyperX%5D%20Liquid%60wayto,0,293933,294,0.000111358026281252,Pro,jungle radiant
1069066,91,17,radiant,%5BHyperX%5D%20Liquid%60wayto,0,294533,295,0.000111736795078127,Pro,jungle radiant
1070533,93,15,radiant,%5BHyperX%5D%20Liquid%60wayto,0,296000,296,0.000112115563875002,Pro,void radiant
1071533,95,14,radiant,%5BHyperX%5D%20Liquid%60wayto,0,297000,297,0.000112494332671877,Pro,bottomlane radiant
1072400,97,14,radiant,%5BHyperX%5D%20Liquid%60wayto,0,297867,298,0.000112873101468752,Pro,bottomlane radiant
1073266,99,14,radiant,%5BHyperX%5D%20Liquid%60wayto,0,298733,299,0.000113251870265627,Pro,bottomlane radiant
1074533,102,14,radiant,%5BHyperX%5D%20Liquid%60wayto,0,3e+05,300,0.000113630639062502,Pro,bottomlane radiant
1075466,104,13,radiant,%5BHyperX%5D%20Liquid%60wayto,0,300933,301,0.000114009407859377,Pro,bottomlane radiant
1075466,104,13,radiant,%5BHyperX%5D%20Liquid%60wayto,0,300933,302,0.000114388176656252,Pro,bottomlane radiant
1077533,102,14,radiant,%5BHyperX%5D%20Liquid%60wayto,0,303000,303,0.000114766945453127,Pro,bottomlane radiant
1078133,103,14,radiant,%5BHyperX%5D%20Liquid%60wayto,0,303600,304,0.000115145714250002,Pro,bottomlane radiant
1079133,101,14,radiant,%5BHyperX%5D%20Liquid%60wayto,0,304600,305,0.000115524483046877,Pro,bottomlane radiant
1080133,101,14,radiant,%5BHyperX%5D%20Liquid%60wayto,0,305600,306,0.000115903251843752,Pro,bottomlane radiant
1080133,101,14,radiant,%5BHyperX%5D%20Liquid%60wayto,0,305600,307,0.000116282020640627,Pro,bottomlane radiant
1082400,101,15,radiant,%5BHyperX%5D%20Liquid%60wayto,0,307867,308,0.000116660789437502,Pro,bottomlane radiant
1082400,101,15,radiant,%5BHyperX%5D%20Liquid%60wayto,0,307867,309,0.000117039558234377,Pro,bottomlane radiant
1083933,102,14,radiant,%5BHyperX%5D%20Liquid%60wayto,0,309400,310,0.000117418327031252,Pro,bottomlane radiant
1085466,102,16,radiant,%5BHyperX%5D%20Liquid%60wayto,0,310933,311,0.000117797095828127,Pro,bottomlane radiant
1086333,103,14,radiant,%5BHyperX%5D%20Liquid%60wayto,0,311800,312,0.000118175864625002,Pro,bottomlane radiant
1087400,104,14,radiant,%5BHyperX%5D%20Liquid%60wayto,0,312867,313,0.000118554633421877,Pro,bottomlane radiant
1088466,104,16,radiant,%5BHyperX%5D%20Liquid%60wayto,0,313933,314,0.000118933402218752,Pro,bottomlane radiant
1089400,106,16,radiant,%5BHyperX%5D%20Liquid%60wayto,0,314867,315,0.000119312171015627,Pro,bottomlane radiant
1090466,106,18,radiant,%5BHyperX%5D%20Liquid%60wayto,0,315933,316,0.000119690939812502,Pro,bottomlane radiant
1091533,107,18,radiant,%5BHyperX%5D%20Liquid%60wayto,0,317000,317,0.000120069708609377,Pro,bottomlane radiant
1092133,106,17,radiant,%5BHyperX%5D%20Liquid%60wayto,0,317600,318,0.000120448477406252,Pro,bottomlane radiant
1093333,105,18,radiant,%5BHyperX%5D%20Liquid%60wayto,0,318800,319,0.000120827246203127,Pro,bottomlane radiant
1094466,105,17,radiant,%5BHyperX%5D%20Liquid%60wayto,0,319933,320,0.000121206015000002,Pro,bottomlane radiant
1095466,105,17,radiant,%5BHyperX%5D%20Liquid%60wayto,0,320933,321,0.000121584783796877,Pro,bottomlane radiant
1096333,106,17,radiant,%5BHyperX%5D%20Liquid%60wayto,0,321800,322,0.000121963552593752,Pro,bottomlane radiant
1097400,107,17,radiant,%5BHyperX%5D%20Liquid%60wayto,0,322867,323,0.000122342321390627,Pro,bottomlane radiant
1098133,106,17,radiant,%5BHyperX%5D%20Liquid%60wayto,0,323600,324,0.000122721090187502,Pro,bottomlane radiant
1099533,105,19,radiant,%5BHyperX%5D%20Liquid%60wayto,0,325000,325,0.000123099858984377,Pro,bottomlane radiant
1100466,106,18,radiant,%5BHyperX%5D%20Liquid%60wayto,0,325933,326,0.000123478627781252,Pro,bottomlane radiant
1101266,107,19,radiant,%5BHyperX%5D%20Liquid%60wayto,0,326733,327,0.000123857396578127,Pro,bottomlane radiant
1101266,107,19,radiant,%5BHyperX%5D%20Liquid%60wayto,0,326733,328,0.000124236165375002,Pro,bottomlane radiant
1101266,107,19,radiant,%5BHyperX%5D%20Liquid%60wayto,0,326733,329,0.000124614934171877,Pro,bottomlane radiant
1104533,106,20,radiant,%5BHyperX%5D%20Liquid%60wayto,0,330000,330,0.000124993702968752,Pro,bottomlane radiant
1104533,106,20,radiant,%5BHyperX%5D%20Liquid%60wayto,0,330000,331,0.000125372471765627,Pro,bottomlane radiant
1105933,107,20,radiant,%5BHyperX%5D%20Liquid%60wayto,0,331400,332,0.000125751240562502,Pro,bottomlane radiant
1107466,108,20,radiant,%5BHyperX%5D%20Liquid%60wayto,0,332933,333,0.000126130009359377,Pro,bottomlane radiant
1108466,106,20,radiant,%5BHyperX%5D%20Liquid%60wayto,0,333933,334,0.000126508778156252,Pro,bottomlane radiant
1108466,106,20,radiant,%5BHyperX%5D%20Liquid%60wayto,0,333933,335,0.000126887546953127,Pro,bottomlane radiant
1108466,106,20,radiant,%5BHyperX%5D%20Liquid%60wayto,0,333933,336,0.000127266315750002,Pro,bottomlane radiant
1111333,106,21,radiant,%5BHyperX%5D%20Liquid%60wayto,0,336800,337,0.000127645084546877,Pro,bottomlane radiant
1112266,107,23,radiant,%5BHyperX%5D%20Liquid%60wayto,0,337733,338,0.000128023853343752,Pro,bottomlane radiant
1112666,107,24,radiant,%5BHyperX%5D%20Liquid%60wayto,0,338133,339,0.000128402622140627,Pro,bottomlane radiant
1114333,105,23,radiant,%5BHyperX%5D%20Liquid%60wayto,0,339800,340,0.000128781390937502,Pro,jungle radiant
1115200,103,23,radiant,%5BHyperX%5D%20Liquid%60wayto,0,340667,341,0.000129160159734377,Pro,jungle radiant
1116466,100,23,radiant,%5BHyperX%5D%20Liquid%60wayto,0,341933,342,0.000129538928531252,Pro,jungle radiant
1117333,98,23,radiant,%5BHyperX%5D%20Liquid%60wayto,0,342800,343,0.000129917697328127,Pro,jungle radiant
1118200,96,22,radiant,%5BHyperX%5D%20Liquid%60wayto,0,343667,344,0.000130296466125002,Pro,jungle radiant
1119200,94,21,radiant,%5BHyperX%5D%20Liquid%60wayto,0,344667,345,0.000130675234921877,Pro,jungle radiant
1120466,91,20,radiant,%5BHyperX%5D%20Liquid%60wayto,0,345933,346,0.000131054003718752,Pro,jungle radiant
1121200,91,20,radiant,%5BHyperX%5D%20Liquid%60wayto,0,346667,347,0.000131432772515627,Pro,jungle radiant
1121800,92,19,radiant,%5BHyperX%5D%20Liquid%60wayto,0,347267,348,0.000131811541312502,Pro,jungle radiant
1121800,92,19,radiant,%5BHyperX%5D%20Liquid%60wayto,0,347267,349,0.000132190310109377,Pro,jungle radiant
1121800,92,19,radiant,%5BHyperX%5D%20Liquid%60wayto,0,347267,350,0.000132569078906252,Pro,jungle radiant
1125533,90,19,radiant,%5BHyperX%5D%20Liquid%60wayto,0,351000,351,0.000132947847703127,Pro,jungle radiant
1125733,90,20,radiant,%5BHyperX%5D%20Liquid%60wayto,0,351200,352,0.000133326616500002,Pro,jungle radiant
1125733,90,20,radiant,%5BHyperX%5D%20Liquid%60wayto,0,351200,353,0.000133705385296877,Pro,jungle radiant
1128133,92,21,radiant,%5BHyperX%5D%20Liquid%60wayto,0,353600,354,0.000134084154093752,Pro,jungle radiant
1129533,95,22,radiant,%5BHyperX%5D%20Liquid%60wayto,0,355000,355,0.000134462922890627,Pro,jungle radiant
1130133,96,23,radiant,%5BHyperX%5D%20Liquid%60wayto,0,355600,356,0.000134841691687502,Pro,jungle radiant
1131533,98,25,radiant,%5BHyperX%5D%20Liquid%60wayto,0,357000,357,0.000135220460484377,Pro,jungle radiant
1132266,99,27,radiant,%5BHyperX%5D%20Liquid%60wayto,0,357733,358,0.000135599229281252,Pro,jungle radiant
1133533,101,29,radiant,%5BHyperX%5D%20Liquid%60wayto,0,359000,359,0.000135977998078127,Pro,jungle radiant
1134466,102,31,radiant,%5BHyperX%5D%20Liquid%60wayto,0,359933,360,0.000136356766875002,Pro,void radiant
1135533,104,33,radiant,%5BHyperX%5D%20Liquid%60wayto,0,361000,361,0.000136735535671877,Pro,river
1136533,106,34,radiant,%5BHyperX%5D%20Liquid%60wayto,0,362000,362,0.000137114304468752,Pro,river
1137000,107,34,radiant,%5BHyperX%5D%20Liquid%60wayto,0,362467,363,0.000137493073265627,Pro,river
1137000,107,34,radiant,%5BHyperX%5D%20Liquid%60wayto,0,362467,364,0.000137871842062502,Pro,river
1137000,107,34,radiant,%5BHyperX%5D%20Liquid%60wayto,0,362467,365,0.000138250610859377,Pro,river
1140200,108,34,radiant,%5BHyperX%5D%20Liquid%60wayto,0,365667,366,0.000138629379656252,Pro,bottomlane radiant
1141466,109,32,radiant,%5BHyperX%5D%20Liquid%60wayto,0,366933,367,0.000139008148453127,Pro,bottomlane radiant
1142066,110,31,radiant,%5BHyperX%5D%20Liquid%60wayto,0,367533,368,0.000139386917250002,Pro,bottomlane radiant
1142066,110,31,radiant,%5BHyperX%5D%20Liquid%60wayto,0,367533,369,0.000139765686046877,Pro,bottomlane radiant
1142066,110,31,radiant,%5BHyperX%5D%20Liquid%60wayto,0,367533,370,0.000140144454843752,Pro,bottomlane radiant
1142066,110,31,radiant,%5BHyperX%5D%20Liquid%60wayto,0,367533,371,0.000140523223640627,Pro,bottomlane radiant
1142066,110,31,radiant,%5BHyperX%5D%20Liquid%60wayto,0,367533,372,0.000140901992437502,Pro,bottomlane radiant
1142066,110,31,radiant,%5BHyperX%5D%20Liquid%60wayto,0,367533,373,0.000141280761234377,Pro,bottomlane radiant
1142066,110,31,radiant,%5BHyperX%5D%20Liquid%60wayto,0,367533,374,0.000141659530031252,Pro,bottomlane radiant
1142066,110,31,radiant,%5BHyperX%5D%20Liquid%60wayto,0,367533,375,0.000142038298828127,Pro,bottomlane radiant
1150533,10,7,radiant,%5BHyperX%5D%20Liquid%60wayto,0,376000,376,0.000142417067625002,Pro,base1 radiant
1150533,10,7,radiant,%5BHyperX%5D%20Liquid%60wayto,0,376000,377,0.000142795836421877,Pro,base1 radiant
1150533,10,7,radiant,%5BHyperX%5D%20Liquid%60wayto,0,376000,378,0.000143174605218752,Pro,base1 radiant
1150533,10,7,radiant,%5BHyperX%5D%20Liquid%60wayto,0,376000,379,0.000143553374015627,Pro,base1 radiant
1150533,10,7,radiant,%5BHyperX%5D%20Liquid%60wayto,0,376000,380,0.000143932142812502,Pro,base1 radiant
1150533,10,7,radiant,%5BHyperX%5D%20Liquid%60wayto,0,376000,381,0.000144310911609377,Pro,base1 radiant
1156533,97,12,radiant,%5BHyperX%5D%20Liquid%60wayto,0,382000,382,0.000144689680406252,Pro,bottomlane radiant
1157533,95,13,radiant,%5BHyperX%5D%20Liquid%60wayto,0,383000,383,0.000145068449203127,Pro,bottomlane radiant
1158066,94,14,radiant,%5BHyperX%5D%20Liquid%60wayto,0,383533,384,0.000145447218000002,Pro,bottomlane radiant
1159133,93,16,radiant,%5BHyperX%5D%20Liquid%60wayto,0,384600,385,0.000145825986796877,Pro,jungle radiant
1159600,93,17,radiant,%5BHyperX%5D%20Liquid%60wayto,0,385067,386,0.000146204755593752,Pro,jungle radiant
1161533,91,19,radiant,%5BHyperX%5D%20Liquid%60wayto,0,387000,387,0.000146583524390627,Pro,jungle radiant
1162400,89,19,radiant,%5BHyperX%5D%20Liquid%60wayto,0,387867,388,0.000146962293187502,Pro,jungle radiant
1163266,90,19,radiant,%5BHyperX%5D%20Liquid%60wayto,0,388733,389,0.000147341061984377,Pro,jungle radiant
1163266,90,19,radiant,%5BHyperX%5D%20Liquid%60wayto,0,388733,390,0.000147719830781252,Pro,jungle radiant
1163266,90,19,radiant,%5BHyperX%5D%20Liquid%60wayto,0,388733,391,0.000148098599578127,Pro,jungle radiant
1166200,90,20,radiant,%5BHyperX%5D%20Liquid%60wayto,0,391667,392,0.000148477368375002,Pro,jungle radiant
1167466,90,18,radiant,%5BHyperX%5D%20Liquid%60wayto,0,392933,393,0.000148856137171877,Pro,jungle radiant
1168466,91,16,radiant,%5BHyperX%5D%20Liquid%60wayto,0,393933,394,0.000149234905968752,Pro,jungle radiant
1169333,91,14,radiant,%5BHyperX%5D%20Liquid%60wayto,0,394800,395,0.000149613674765627,Pro,bottomlane radiant
1170400,92,12,radiant,%5BHyperX%5D%20Liquid%60wayto,0,395867,396,0.000149992443562502,Pro,bottomlane radiant
1171533,94,10,radiant,%5BHyperX%5D%20Liquid%60wayto,0,397000,397,0.000150371212359377,Pro,bottomlane radiant
1172466,96,11,radiant,%5BHyperX%5D%20Liquid%60wayto,0,397933,398,0.000150749981156252,Pro,bottomlane radiant
1173466,98,12,radiant,%5BHyperX%5D%20Liquid%60wayto,0,398933,399,0.000151128749953127,Pro,bottomlane radiant
1174400,100,13,radiant,%5BHyperX%5D%20Liquid%60wayto,0,399867,400,0.000151507518750002,Pro,bottomlane radiant
1175466,102,15,radiant,%5BHyperX%5D%20Liquid%60wayto,0,400933,401,0.000151886287546877,Pro,bottomlane radiant
1176333,104,16,radiant,%5BHyperX%5D%20Liquid%60wayto,0,401800,402,0.000152265056343752,Pro,bottomlane radiant
1176333,104,16,radiant,%5BHyperX%5D%20Liquid%60wayto,0,401800,403,0.000152643825140627,Pro,bottomlane radiant
1178133,102,15,radiant,%5BHyperX%5D%20Liquid%60wayto,0,403600,404,0.000153022593937502,Pro,bottomlane radiant
1179466,99,14,radiant,%5BHyperX%5D%20Liquid%60wayto,0,404933,405,0.000153401362734377,Pro,bottomlane radiant
1180333,97,14,radiant,%5BHyperX%5D%20Liquid%60wayto,0,405800,406,0.000153780131531252,Pro,bottomlane radiant
1181400,95,14,radiant,%5BHyperX%5D%20Liquid%60wayto,0,406867,407,0.000154158900328127,Pro,bottomlane radiant
1182466,93,13,radiant,%5BHyperX%5D%20Liquid%60wayto,0,407933,408,0.000154537669125002,Pro,bottomlane radiant
1183400,92,15,radiant,%5BHyperX%5D%20Liquid%60wayto,0,408867,409,0.000154916437921877,Pro,void radiant
1184400,91,17,radiant,%5BHyperX%5D%20Liquid%60wayto,0,409867,410,0.000155295206718752,Pro,jungle radiant
1185400,89,18,radiant,%5BHyperX%5D%20Liquid%60wayto,0,410867,411,0.000155673975515627,Pro,jungle radiant
1186266,87,18,radiant,%5BHyperX%5D%20Liquid%60wayto,0,411733,412,0.000156052744312502,Pro,jungle radiant
1187133,85,18,radiant,%5BHyperX%5D%20Liquid%60wayto,0,412600,413,0.000156431513109377,Pro,void radiant
1188333,87,18,radiant,%5BHyperX%5D%20Liquid%60wayto,0,413800,414,0.000156810281906252,Pro,jungle radiant
1189200,89,17,radiant,%5BHyperX%5D%20Liquid%60wayto,0,414667,415,0.000157189050703127,Pro,jungle radiant
1190533,91,16,radiant,%5BHyperX%5D%20Liquid%60wayto,0,416000,416,0.000157567819500002,Pro,jungle radiant
1191000,92,15,radiant,%5BHyperX%5D%20Liquid%60wayto,0,416467,417,0.000157946588296877,Pro,void radiant
1192533,95,14,radiant,%5BHyperX%5D%20Liquid%60wayto,0,418000,418,0.000158325357093752,Pro,bottomlane radiant
1193400,97,14,radiant,%5BHyperX%5D%20Liquid%60wayto,0,418867,419,0.000158704125890627,Pro,bottomlane radiant
1194533,99,12,radiant,%5BHyperX%5D%20Liquid%60wayto,0,420000,420,0.000159082894687502,Pro,bottomlane radiant
1195333,100,11,radiant,%5BHyperX%5D%20Liquid%60wayto,0,420800,421,0.000159461663484378,Pro,bottomlane radiant
1195333,100,11,radiant,%5BHyperX%5D%20Liquid%60wayto,0,420800,422,0.000159840432281253,Pro,bottomlane radiant
1195333,100,11,radiant,%5BHyperX%5D%20Liquid%60wayto,0,420800,423,0.000160219201078128,Pro,bottomlane radiant
1195333,100,11,radiant,%5BHyperX%5D%20Liquid%60wayto,0,420800,424,0.000160597969875003,Pro,bottomlane radiant
1199400,101,13,radiant,%5BHyperX%5D%20Liquid%60wayto,0,424867,425,0.000160976738671878,Pro,bottomlane radiant
1200133,102,14,radiant,%5BHyperX%5D%20Liquid%60wayto,0,425600,426,0.000161355507468753,Pro,bottomlane radiant
1201466,99,14,radiant,%5BHyperX%5D%20Liquid%60wayto,0,426933,427,0.000161734276265628,Pro,bottomlane radiant
1201866,98,14,radiant,%5BHyperX%5D%20Liquid%60wayto,0,427333,428,0.000162113045062503,Pro,bottomlane radiant
1203333,100,14,radiant,%5BHyperX%5D%20Liquid%60wayto,0,428800,429,0.000162491813859378,Pro,bottomlane radiant
1204400,102,15,radiant,%5BHyperX%5D%20Liquid%60wayto,0,429867,430,0.000162870582656253,Pro,bottomlane radiant
1205200,101,15,radiant,%5BHyperX%5D%20Liquid%60wayto,0,430667,431,0.000163249351453128,Pro,bottomlane radiant
1206333,101,14,radiant,%5BHyperX%5D%20Liquid%60wayto,0,431800,432,0.000163628120250003,Pro,bottomlane radiant
1207333,99,14,radiant,%5BHyperX%5D%20Liquid%60wayto,0,432800,433,0.000164006889046878,Pro,bottomlane radiant
1208400,98,12,radiant,%5BHyperX%5D%20Liquid%60wayto,0,433867,434,0.000164385657843753,Pro,bottomlane radiant
1208400,98,12,radiant,%5BHyperX%5D%20Liquid%60wayto,0,433867,435,0.000164764426640628,Pro,bottomlane radiant
1208400,98,12,radiant,%5BHyperX%5D%20Liquid%60wayto,0,433867,436,0.000165143195437503,Pro,bottomlane radiant
1211400,96,11,radiant,%5BHyperX%5D%20Liquid%60wayto,0,436867,437,0.000165521964234378,Pro,bottomlane radiant
1212466,97,10,radiant,%5BHyperX%5D%20Liquid%60wayto,0,437933,438,0.000165900733031253,Pro,bottomlane radiant
1213133,96,10,radiant,%5BHyperX%5D%20Liquid%60wayto,0,438600,439,0.000166279501828128,Pro,bottomlane radiant
1213133,96,10,radiant,%5BHyperX%5D%20Liquid%60wayto,0,438600,440,0.000166658270625003,Pro,bottomlane radiant
1213133,96,10,radiant,%5BHyperX%5D%20Liquid%60wayto,0,438600,441,0.000167037039421878,Pro,bottomlane radiant
1213133,96,10,radiant,%5BHyperX%5D%20Liquid%60wayto,0,438600,442,0.000167415808218753,Pro,bottomlane radiant
1217466,96,11,radiant,%5BHyperX%5D%20Liquid%60wayto,0,442933,443,0.000167794577015628,Pro,bottomlane radiant
1218333,94,12,radiant,%5BHyperX%5D%20Liquid%60wayto,0,443800,444,0.000168173345812503,Pro,bottomlane radiant
1219133,93,13,radiant,%5BHyperX%5D%20Liquid%60wayto,0,444600,445,0.000168552114609378,Pro,bottomlane radiant
1219133,93,13,radiant,%5BHyperX%5D%20Liquid%60wayto,0,444600,446,0.000168930883406253,Pro,bottomlane radiant
1221400,92,14,radiant,%5BHyperX%5D%20Liquid%60wayto,0,446867,447,0.000169309652203128,Pro,bottomlane radiant
1222133,91,16,radiant,%5BHyperX%5D%20Liquid%60wayto,0,447600,448,0.000169688421000003,Pro,jungle radiant
1223533,90,17,radiant,%5BHyperX%5D%20Liquid%60wayto,0,449000,449,0.000170067189796878,Pro,jungle radiant
1224266,89,19,radiant,%5BHyperX%5D%20Liquid%60wayto,0,449733,450,0.000170445958593753,Pro,jungle radiant
1224266,89,19,radiant,%5BHyperX%5D%20Liquid%60wayto,0,449733,451,0.000170824727390628,Pro,jungle radiant
1224266,89,19,radiant,%5BHyperX%5D%20Liquid%60wayto,0,449733,452,0.000171203496187503,Pro,jungle radiant
1224266,89,19,radiant,%5BHyperX%5D%20Liquid%60wayto,0,449733,453,0.000171582264984378,Pro,jungle radiant
1228266,89,20,radiant,%5BHyperX%5D%20Liquid%60wayto,0,453733,454,0.000171961033781253,Pro,jungle radiant
1229400,90,18,radiant,%5BHyperX%5D%20Liquid%60wayto,0,454867,455,0.000172339802578128,Pro,jungle radiant
1230333,92,15,radiant,%5BHyperX%5D%20Liquid%60wayto,0,455800,456,0.000172718571375003,Pro,void radiant
1231400,93,11,radiant,%5BHyperX%5D%20Liquid%60wayto,0,456867,457,0.000173097340171878,Pro,bottomlane radiant
1232200,92,10,radiant,%5BHyperX%5D%20Liquid%60wayto,0,457667,458,0.000173476108968753,Pro,bottomlane radiant
1233533,92,11,radiant,%5BHyperX%5D%20Liquid%60wayto,0,459000,459,0.000173854877765628,Pro,bottomlane radiant
1233866,91,11,radiant,%5BHyperX%5D%20Liquid%60wayto,0,459333,460,0.000174233646562503,Pro,bottomlane radiant
1235400,89,12,radiant,%5BHyperX%5D%20Liquid%60wayto,0,460867,461,0.000174612415359378,Pro,bottomlane radiant
1236333,91,11,radiant,%5BHyperX%5D%20Liquid%60wayto,0,461800,462,0.000174991184156253,Pro,bottomlane radiant
1237466,93,10,radiant,%5BHyperX%5D%20Liquid%60wayto,0,462933,463,0.000175369952953128,Pro,bottomlane radiant
1238200,94,11,radiant,%5BHyperX%5D%20Liquid%60wayto,0,463667,464,0.000175748721750003,Pro,bottomlane radiant
1239533,92,13,radiant,%5BHyperX%5D%20Liquid%60wayto,0,465000,465,0.000176127490546878,Pro,bottomlane radiant
1240533,91,15,radiant,%5BHyperX%5D%20Liquid%60wayto,0,466000,466,0.000176506259343753,Pro,void radiant
1241133,91,17,radiant,%5BHyperX%5D%20Liquid%60wayto,0,466600,467,0.000176885028140628,Pro,jungle radiant
1241800,91,18,radiant,%5BHyperX%5D%20Liquid%60wayto,0,467267,468,0.000177263796937503,Pro,jungle radiant
1243266,91,17,radiant,%5BHyperX%5D%20Liquid%60wayto,0,468733,469,0.000177642565734378,Pro,jungle radiant
1244333,92,15,radiant,%5BHyperX%5D%20Liquid%60wayto,0,469800,470,0.000178021334531253,Pro,void radiant
1245266,94,14,radiant,%5BHyperX%5D%20Liquid%60wayto,0,470733,471,0.000178400103328128,Pro,bottomlane radiant
1246466,95,12,radiant,%5BHyperX%5D%20Liquid%60wayto,0,471933,472,0.000178778872125003,Pro,bottomlane radiant
1247466,92,12,radiant,%5BHyperX%5D%20Liquid%60wayto,0,472933,473,0.000179157640921878,Pro,bottomlane radiant
1248066,93,12,radiant,%5BHyperX%5D%20Liquid%60wayto,0,473533,474,0.000179536409718753,Pro,bottomlane radiant
1248066,93,12,radiant,%5BHyperX%5D%20Liquid%60wayto,0,473533,475,0.000179915178515628,Pro,bottomlane radiant
1248066,93,12,radiant,%5BHyperX%5D%20Liquid%60wayto,0,473533,476,0.000180293947312503,Pro,bottomlane radiant
1251266,94,11,radiant,%5BHyperX%5D%20Liquid%60wayto,0,476733,477,0.000180672716109378,Pro,bottomlane radiant
1252066,95,10,radiant,%5BHyperX%5D%20Liquid%60wayto,0,477533,478,0.000181051484906253,Pro,bottomlane radiant
1252066,95,10,radiant,%5BHyperX%5D%20Liquid%60wayto,0,477533,479,0.000181430253703128,Pro,bottomlane radiant
1252066,95,10,radiant,%5BHyperX%5D%20Liquid%60wayto,0,477533,480,0.000181809022500003,Pro,bottomlane radiant
1252066,95,10,radiant,%5BHyperX%5D%20Liquid%60wayto,0,477533,481,0.000182187791296878,Pro,bottomlane radiant
1252066,95,10,radiant,%5BHyperX%5D%20Liquid%60wayto,0,477533,482,0.000182566560093753,Pro,bottomlane radiant
1252066,95,10,radiant,%5BHyperX%5D%20Liquid%60wayto,0,477533,483,0.000182945328890628,Pro,bottomlane radiant
1252066,95,10,radiant,%5BHyperX%5D%20Liquid%60wayto,0,477533,484,0.000183324097687503,Pro,bottomlane radiant
1252066,95,10,radiant,%5BHyperX%5D%20Liquid%60wayto,0,477533,485,0.000183702866484378,Pro,bottomlane radiant
1260133,95,10,radiant,%5BHyperX%5D%20Liquid%60wayto,0,485600,486,0.000184081635281253,Pro,bottomlane radiant
1260133,95,10,radiant,%5BHyperX%5D%20Liquid%60wayto,0,485600,487,0.000184460404078128,Pro,bottomlane radiant
1260133,95,10,radiant,%5BHyperX%5D%20Liquid%60wayto,0,485600,488,0.000184839172875003,Pro,bottomlane radiant
1263200,10,6,radiant,%5BHyperX%5D%20Liquid%60wayto,0,488667,489,0.000185217941671878,Pro,base1 radiant
1264533,11,8,radiant,%5BHyperX%5D%20Liquid%60wayto,0,490000,490,0.000185596710468753,Pro,base1 radiant
1265533,12,10,radiant,%5BHyperX%5D%20Liquid%60wayto,0,491000,491,0.000185975479265628,Pro,base1 radiant
1266000,13,11,radiant,%5BHyperX%5D%20Liquid%60wayto,0,491467,492,0.000186354248062503,Pro,base1 radiant
1267400,15,13,radiant,%5BHyperX%5D%20Liquid%60wayto,0,492867,493,0.000186733016859378,Pro,base1 radiant
1268133,17,14,radiant,%5BHyperX%5D%20Liquid%60wayto,0,493600,494,0.000187111785656253,Pro,base1 radiant
1269200,19,15,radiant,%5BHyperX%5D%20Liquid%60wayto,0,494667,495,0.000187490554453128,Pro,base1 radiant
1270333,21,17,radiant,%5BHyperX%5D%20Liquid%60wayto,0,495800,496,0.000187869323250003,Pro,base1 radiant
1271533,23,19,radiant,%5BHyperX%5D%20Liquid%60wayto,0,497000,497,0.000188248092046878,Pro,base1 radiant
1272333,24,20,radiant,%5BHyperX%5D%20Liquid%60wayto,0,497800,498,0.000188626860843753,Pro,base1 radiant
1273400,26,22,radiant,%5BHyperX%5D%20Liquid%60wayto,0,498867,499,0.000189005629640628,Pro,base1 radiant
1274400,28,23,radiant,%5BHyperX%5D%20Liquid%60wayto,0,499867,500,0.000189384398437503,Pro,base1 radiant
1275333,29,25,radiant,%5BHyperX%5D%20Liquid%60wayto,0,500800,501,0.000189763167234378,Pro,base1 radiant
1276533,31,27,radiant,%5BHyperX%5D%20Liquid%60wayto,0,502000,502,0.000190141936031253,Pro,base1 radiant
1277200,32,28,radiant,%5BHyperX%5D%20Liquid%60wayto,0,502667,503,0.000190520704828128,Pro,midlane radiant
1278200,33,29,radiant,%5BHyperX%5D%20Liquid%60wayto,0,503667,504,0.000190899473625003,Pro,midlane radiant
1279066,35,30,radiant,%5BHyperX%5D%20Liquid%60wayto,0,504533,505,0.000191278242421878,Pro,midlane radiant
1280133,37,31,radiant,%5BHyperX%5D%20Liquid%60wayto,0,505600,506,0.000191657011218753,Pro,midlane radiant
1280600,38,32,radiant,%5BHyperX%5D%20Liquid%60wayto,0,506067,507,0.000192035780015628,Pro,midlane radiant
1280600,38,32,radiant,%5BHyperX%5D%20Liquid%60wayto,0,506067,508,0.000192414548812503,Pro,midlane radiant
1280600,38,32,radiant,%5BHyperX%5D%20Liquid%60wayto,0,506067,509,0.000192793317609378,Pro,midlane radiant
1280600,38,32,radiant,%5BHyperX%5D%20Liquid%60wayto,0,506067,510,0.000193172086406253,Pro,midlane radiant
1285533,40,32,radiant,%5BHyperX%5D%20Liquid%60wayto,0,511000,511,0.000193550855203128,Pro,midlane radiant
1286200,40,34,radiant,%5BHyperX%5D%20Liquid%60wayto,0,511667,512,0.000193929624000003,Pro,midlane radiant
1287133,41,36,radiant,%5BHyperX%5D%20Liquid%60wayto,0,512600,513,0.000194308392796878,Pro,midlane radiant
1288200,41,37,radiant,%5BHyperX%5D%20Liquid%60wayto,0,513667,514,0.000194687161593753,Pro,midlane radiant
1289533,42,40,radiant,%5BHyperX%5D%20Liquid%60wayto,0,515000,515,0.000195065930390628,Pro,midlane radiant
1290133,43,41,radiant,%5BHyperX%5D%20Liquid%60wayto,0,515600,516,0.000195444699187503,Pro,midlane radiant
1291266,45,43,radiant,%5BHyperX%5D%20Liquid%60wayto,0,516733,517,0.000195823467984378,Pro,midlane radiant
1292533,47,45,radiant,%5BHyperX%5D%20Liquid%60wayto,0,518000,518,0.000196202236781253,Pro,midlane radiant
1293133,48,46,radiant,%5BHyperX%5D%20Liquid%60wayto,0,518600,519,0.000196581005578128,Pro,midlane radiant
1294133,50,46,radiant,%5BHyperX%5D%20Liquid%60wayto,0,519600,520,0.000196959774375003,Pro,midlane radiant
1295333,52,47,radiant,%5BHyperX%5D%20Liquid%60wayto,0,520800,521,0.000197338543171878,Pro,midlane radiant
1296466,54,49,radiant,%5BHyperX%5D%20Liquid%60wayto,0,521933,522,0.000197717311968753,Pro,midlane radiant
1297400,56,50,radiant,%5BHyperX%5D%20Liquid%60wayto,0,522867,523,0.000198096080765628,Pro,midlane radiant
1297933,56,51,radiant,%5BHyperX%5D%20Liquid%60wayto,0,523400,524,0.000198474849562503,Pro,midlane radiant
1299533,59,51,radiant,%5BHyperX%5D%20Liquid%60wayto,0,525000,525,0.000198853618359378,Pro,jungle radiant
1300400,61,50,radiant,%5BHyperX%5D%20Liquid%60wayto,0,525867,526,0.000199232387156253,Pro,jungle radiant
1301266,63,50,radiant,%5BHyperX%5D%20Liquid%60wayto,0,526733,527,0.000199611155953128,Pro,jungle radiant
1302400,62,50,radiant,%5BHyperX%5D%20Liquid%60wayto,0,527867,528,0.000199989924750003,Pro,jungle radiant
1303333,60,51,radiant,%5BHyperX%5D%20Liquid%60wayto,0,528800,529,0.000200368693546878,Pro,jungle radiant
1304466,58,52,radiant,%5BHyperX%5D%20Liquid%60wayto,0,529933,530,0.000200747462343753,Pro,midlane radiant
1305333,56,53,radiant,%5BHyperX%5D%20Liquid%60wayto,0,530800,531,0.000201126231140628,Pro,midlane radiant
1306466,57,54,radiant,%5BHyperX%5D%20Liquid%60wayto,0,531933,532,0.000201504999937503,Pro,midlane radiant
1307066,58,55,radiant,%5BHyperX%5D%20Liquid%60wayto,0,532533,533,0.000201883768734378,Pro,midlane radiant
1308466,56,55,radiant,%5BHyperX%5D%20Liquid%60wayto,0,533933,534,0.000202262537531253,Pro,midlane radiant
1309000,55,54,radiant,%5BHyperX%5D%20Liquid%60wayto,0,534467,535,0.000202641306328128,Pro,midlane radiant
1309000,55,54,radiant,%5BHyperX%5D%20Liquid%60wayto,0,534467,536,0.000203020075125003,Pro,midlane radiant
1311400,56,54,radiant,%5BHyperX%5D%20Liquid%60wayto,0,536867,537,0.000203398843921878,Pro,midlane radiant
1312400,55,52,radiant,%5BHyperX%5D%20Liquid%60wayto,0,537867,538,0.000203777612718753,Pro,midlane radiant
1312400,55,52,radiant,%5BHyperX%5D%20Liquid%60wayto,0,537867,539,0.000204156381515628,Pro,midlane radiant
1314466,54,51,radiant,%5BHyperX%5D%20Liquid%60wayto,0,539933,540,0.000204535150312503,Pro,midlane radiant
1314466,54,51,radiant,%5BHyperX%5D%20Liquid%60wayto,0,539933,541,0.000204913919109378,Pro,midlane radiant
1314466,54,51,radiant,%5BHyperX%5D%20Liquid%60wayto,0,539933,542,0.000205292687906253,Pro,midlane radiant
1317400,56,51,radiant,%5BHyperX%5D%20Liquid%60wayto,0,542867,543,0.000205671456703128,Pro,midlane radiant
1318333,57,53,radiant,%5BHyperX%5D%20Liquid%60wayto,0,543800,544,0.000206050225500003,Pro,midlane radiant
1319266,58,55,radiant,%5BHyperX%5D%20Liquid%60wayto,0,544733,545,0.000206428994296878,Pro,midlane radiant
1320133,59,56,radiant,%5BHyperX%5D%20Liquid%60wayto,0,545600,546,0.000206807763093753,Pro,midlane radiant
1321400,59,56,radiant,%5BHyperX%5D%20Liquid%60wayto,0,546867,547,0.000207186531890628,Pro,midlane radiant
1322400,58,55,radiant,%5BHyperX%5D%20Liquid%60wayto,0,547867,548,0.000207565300687503,Pro,midlane radiant
1323000,59,56,radiant,%5BHyperX%5D%20Liquid%60wayto,0,548467,549,0.000207944069484378,Pro,midlane radiant
1324266,57,55,radiant,%5BHyperX%5D%20Liquid%60wayto,0,549733,550,0.000208322838281253,Pro,midlane radiant
1325533,55,53,radiant,%5BHyperX%5D%20Liquid%60wayto,0,551000,551,0.000208701607078128,Pro,midlane radiant
1326266,54,52,radiant,%5BHyperX%5D%20Liquid%60wayto,0,551733,552,0.000209080375875003,Pro,midlane radiant
1327466,55,53,radiant,%5BHyperX%5D%20Liquid%60wayto,0,552933,553,0.000209459144671878,Pro,midlane radiant
1328266,54,51,radiant,%5BHyperX%5D%20Liquid%60wayto,0,553733,554,0.000209837913468753,Pro,midlane radiant
1329400,54,51,radiant,%5BHyperX%5D%20Liquid%60wayto,0,554867,555,0.000210216682265628,Pro,midlane radiant
1330466,54,52,radiant,%5BHyperX%5D%20Liquid%60wayto,0,555933,556,0.000210595451062503,Pro,midlane radiant
1331133,55,53,radiant,%5BHyperX%5D%20Liquid%60wayto,0,556600,557,0.000210974219859378,Pro,midlane radiant
1332466,55,54,radiant,%5BHyperX%5D%20Liquid%60wayto,0,557933,558,0.000211352988656253,Pro,midlane radiant
1332466,55,54,radiant,%5BHyperX%5D%20Liquid%60wayto,0,557933,559,0.000211731757453128,Pro,midlane radiant
1332466,55,54,radiant,%5BHyperX%5D%20Liquid%60wayto,0,557933,560,0.000212110526250003,Pro,midlane radiant
1335400,53,53,radiant,%5BHyperX%5D%20Liquid%60wayto,0,560867,561,0.000212489295046878,Pro,midlane radiant
1336333,51,52,radiant,%5BHyperX%5D%20Liquid%60wayto,0,561800,562,0.000212868063843753,Pro,midlane radiant
1336333,51,52,radiant,%5BHyperX%5D%20Liquid%60wayto,0,561800,563,0.000213246832640628,Pro,midlane radiant
1336333,51,52,radiant,%5BHyperX%5D%20Liquid%60wayto,0,561800,564,0.000213625601437503,Pro,midlane radiant
1339400,49,50,radiant,%5BHyperX%5D%20Liquid%60wayto,0,564867,565,0.000214004370234378,Pro,midlane radiant
1340533,47,48,radiant,%5BHyperX%5D%20Liquid%60wayto,0,566000,566,0.000214383139031253,Pro,midlane radiant
1341133,46,47,radiant,%5BHyperX%5D%20Liquid%60wayto,0,566600,567,0.000214761907828128,Pro,midlane radiant
1342533,47,47,radiant,%5BHyperX%5D%20Liquid%60wayto,0,568000,568,0.000215140676625003,Pro,midlane radiant
1343333,47,48,radiant,%5BHyperX%5D%20Liquid%60wayto,0,568800,569,0.000215519445421878,Pro,midlane radiant
1344266,47,48,radiant,%5BHyperX%5D%20Liquid%60wayto,0,569733,570,0.000215898214218753,Pro,midlane radiant
1344800,48,49,radiant,%5BHyperX%5D%20Liquid%60wayto,0,570267,571,0.000216276983015628,Pro,midlane radiant
1346400,46,48,radiant,%5BHyperX%5D%20Liquid%60wayto,0,571867,572,0.000216655751812503,Pro,midlane radiant
1346733,47,47,radiant,%5BHyperX%5D%20Liquid%60wayto,0,572200,573,0.000217034520609378,Pro,midlane radiant
1347600,47,48,radiant,%5BHyperX%5D%20Liquid%60wayto,0,573067,574,0.000217413289406253,Pro,midlane radiant
1349533,47,48,radiant,%5BHyperX%5D%20Liquid%60wayto,0,575000,575,0.000217792058203128,Pro,midlane radiant
1349866,47,49,radiant,%5BHyperX%5D%20Liquid%60wayto,0,575333,576,0.000218170827000003,Pro,midlane radiant
1351533,47,49,radiant,%5BHyperX%5D%20Liquid%60wayto,0,577000,577,0.000218549595796878,Pro,midlane radiant
1351666,48,49,radiant,%5BHyperX%5D%20Liquid%60wayto,0,577133,578,0.000218928364593753,Pro,midlane radiant
1353333,47,48,radiant,%5BHyperX%5D%20Liquid%60wayto,0,578800,579,0.000219307133390628,Pro,midlane radiant
1354333,47,48,radiant,%5BHyperX%5D%20Liquid%60wayto,0,579800,580,0.000219685902187503,Pro,midlane radiant
1354800,48,49,radiant,%5BHyperX%5D%20Liquid%60wayto,0,580267,581,0.000220064670984378,Pro,midlane radiant
1356133,49,49,radiant,%5BHyperX%5D%20Liquid%60wayto,0,581600,582,0.000220443439781253,Pro,midlane radiant
1356133,49,49,radiant,%5BHyperX%5D%20Liquid%60wayto,0,581600,583,0.000220822208578128,Pro,midlane radiant
1356133,49,49,radiant,%5BHyperX%5D%20Liquid%60wayto,0,581600,584,0.000221200977375003,Pro,midlane radiant
1359200,51,50,radiant,%5BHyperX%5D%20Liquid%60wayto,0,584667,585,0.000221579746171878,Pro,midlane radiant
1360400,49,49,radiant,%5BHyperX%5D%20Liquid%60wayto,0,585867,586,0.000221958514968753,Pro,midlane radiant
1360933,50,50,radiant,%5BHyperX%5D%20Liquid%60wayto,0,586400,587,0.000222337283765628,Pro,midlane radiant
1362200,48,49,radiant,%5BHyperX%5D%20Liquid%60wayto,0,587667,588,0.000222716052562503,Pro,midlane radiant
1362600,47,48,radiant,%5BHyperX%5D%20Liquid%60wayto,0,588067,589,0.000223094821359378,Pro,midlane radiant
1364400,46,48,radiant,%5BHyperX%5D%20Liquid%60wayto,0,589867,590,0.000223473590156254,Pro,midlane radiant
1364800,45,48,radiant,%5BHyperX%5D%20Liquid%60wayto,0,590267,591,0.000223852358953129,Pro,midlane radiant
1366533,47,48,radiant,%5BHyperX%5D%20Liquid%60wayto,0,592000,592,0.000224231127750004,Pro,midlane radiant
1367533,47,48,radiant,%5BHyperX%5D%20Liquid%60wayto,0,593000,593,0.000224609896546879,Pro,midlane radiant
1368333,48,49,radiant,%5BHyperX%5D%20Liquid%60wayto,0,593800,594,0.000224988665343754,Pro,midlane radiant
1369400,47,48,radiant,%5BHyperX%5D%20Liquid%60wayto,0,594867,595,0.000225367434140629,Pro,midlane radiant
1370533,44,47,radiant,%5BHyperX%5D%20Liquid%60wayto,0,596000,596,0.000225746202937504,Pro,midlane radiant
1371466,45,47,radiant,%5BHyperX%5D%20Liquid%60wayto,0,596933,597,0.000226124971734379,Pro,midlane radiant
1372533,47,49,radiant,%5BHyperX%5D%20Liquid%60wayto,0,598000,598,0.000226503740531254,Pro,midlane radiant
1373333,49,50,radiant,%5BHyperX%5D%20Liquid%60wayto,0,598800,599,0.000226882509328129,Pro,midlane radiant
1374333,50,49,radiant,%5BHyperX%5D%20Liquid%60wayto,0,599800,600,0.000227261278125004,Pro,midlane radiant
1375533,49,46,radiant,%5BHyperX%5D%20Liquid%60wayto,0,601000,601,0.000227640046921879,Pro,midlane radiant
1376200,48,45,radiant,%5BHyperX%5D%20Liquid%60wayto,0,601667,602,0.000228018815718754,Pro,midlane radiant
1377533,49,43,radiant,%5BHyperX%5D%20Liquid%60wayto,0,603000,603,0.000228397584515629,Pro,midlane radiant
1378466,51,42,radiant,%5BHyperX%5D%20Liquid%60wayto,0,603933,604,0.000228776353312504,Pro,midlane radiant
1379400,52,39,radiant,%5BHyperX%5D%20Liquid%60wayto,0,604867,605,0.000229155122109379,Pro,jungle radiant
1380533,52,36,radiant,%5BHyperX%5D%20Liquid%60wayto,0,606000,606,0.000229533890906254,Pro,jungle radiant
1381266,53,34,radiant,%5BHyperX%5D%20Liquid%60wayto,0,606733,607,0.000229912659703129,Pro,jungle radiant
1382533,51,31,radiant,%5BHyperX%5D%20Liquid%60wayto,0,608000,608,0.000230291428500004,Pro,jungle radiant
1382533,51,31,radiant,%5BHyperX%5D%20Liquid%60wayto,0,608000,609,0.000230670197296879,Pro,jungle radiant
1382533,51,31,radiant,%5BHyperX%5D%20Liquid%60wayto,0,608000,610,0.000231048966093754,Pro,jungle radiant
1385266,52,30,radiant,%5BHyperX%5D%20Liquid%60wayto,0,610733,611,0.000231427734890629,Pro,jungle radiant
1385266,52,30,radiant,%5BHyperX%5D%20Liquid%60wayto,0,610733,612,0.000231806503687504,Pro,jungle radiant
1387533,50,30,radiant,%5BHyperX%5D%20Liquid%60wayto,0,613000,613,0.000232185272484379,Pro,jungle radiant
1388333,48,31,radiant,%5BHyperX%5D%20Liquid%60wayto,0,613800,614,0.000232564041281254,Pro,jungle radiant
1389400,45,31,radiant,%5BHyperX%5D%20Liquid%60wayto,0,614867,615,0.000232942810078129,Pro,jungle radiant
1390533,42,32,radiant,%5BHyperX%5D%20Liquid%60wayto,0,616000,616,0.000233321578875004,Pro,midlane radiant
1391466,40,31,radiant,%5BHyperX%5D%20Liquid%60wayto,0,616933,617,0.000233700347671879,Pro,midlane radiant
1392266,39,30,radiant,%5BHyperX%5D%20Liquid%60wayto,0,617733,618,0.000234079116468754,Pro,midlane radiant
1393200,40,28,radiant,%5BHyperX%5D%20Liquid%60wayto,0,618667,619,0.000234457885265629,Pro,midlane radiant
1394466,41,25,radiant,%5BHyperX%5D%20Liquid%60wayto,0,619933,620,0.000234836654062504,Pro,jungle radiant
1395466,43,23,radiant,%5BHyperX%5D%20Liquid%60wayto,0,620933,621,0.000235215422859379,Pro,jungle radiant
1396533,44,20,radiant,%5BHyperX%5D%20Liquid%60wayto,0,622000,622,0.000235594191656254,Pro,jungle radiant
1397333,45,18,radiant,%5BHyperX%5D%20Liquid%60wayto,0,622800,623,0.000235972960453129,Pro,jungle radiant
1398333,47,16,radiant,%5BHyperX%5D%20Liquid%60wayto,0,623800,624,0.000236351729250004,Pro,jungle radiant
1399466,49,14,radiant,%5BHyperX%5D%20Liquid%60wayto,0,624933,625,0.000236730498046879,Pro,bottomlane radiant
1400400,51,12,radiant,%5BHyperX%5D%20Liquid%60wayto,0,625867,626,0.000237109266843754,Pro,bottomlane radiant
1401400,53,11,radiant,%5BHyperX%5D%20Liquid%60wayto,0,626867,627,0.000237488035640629,Pro,bottomlane radiant
1402333,56,11,radiant,%5BHyperX%5D%20Liquid%60wayto,0,627800,628,0.000237866804437504,Pro,bottomlane radiant
1403133,58,11,radiant,%5BHyperX%5D%20Liquid%60wayto,0,628600,629,0.000238245573234379,Pro,bottomlane radiant
1404466,61,10,radiant,%5BHyperX%5D%20Liquid%60wayto,0,629933,630,0.000238624342031254,Pro,bottomlane radiant
1405266,63,9,radiant,%5BHyperX%5D%20Liquid%60wayto,0,630733,631,0.000239003110828129,Pro,bottomlane radiant
1406333,66,9,radiant,%5BHyperX%5D%20Liquid%60wayto,0,631800,632,0.000239381879625004,Pro,bottomlane radiant
1407466,69,9,radiant,%5BHyperX%5D%20Liquid%60wayto,0,632933,633,0.000239760648421879,Pro,bottomlane radiant
1408533,72,9,radiant,%5BHyperX%5D%20Liquid%60wayto,0,634000,634,0.000240139417218754,Pro,bottomlane radiant
1409266,74,9,radiant,%5BHyperX%5D%20Liquid%60wayto,0,634733,635,0.000240518186015629,Pro,bottomlane radiant
1410333,77,9,radiant,%5BHyperX%5D%20Liquid%60wayto,0,635800,636,0.000240896954812504,Pro,bottomlane radiant
1411466,80,9,radiant,%5BHyperX%5D%20Liquid%60wayto,0,636933,637,0.000241275723609379,Pro,bottomlane radiant
1412533,83,9,radiant,%5BHyperX%5D%20Liquid%60wayto,0,638000,638,0.000241654492406254,Pro,bottomlane radiant
1413533,85,10,radiant,%5BHyperX%5D%20Liquid%60wayto,0,639000,639,0.000242033261203129,Pro,bottomlane radiant
1414400,88,10,radiant,%5BHyperX%5D%20Liquid%60wayto,0,639867,640,0.000242412030000004,Pro,bottomlane radiant
1415466,91,10,radiant,%5BHyperX%5D%20Liquid%60wayto,0,640933,641,0.000242790798796879,Pro,bottomlane radiant
1416400,92,11,radiant,%5BHyperX%5D%20Liquid%60wayto,0,641867,642,0.000243169567593754,Pro,bottomlane radiant
1417466,94,12,radiant,%5BHyperX%5D%20Liquid%60wayto,0,642933,643,0.000243548336390629,Pro,bottomlane radiant
1418266,96,13,radiant,%5BHyperX%5D%20Liquid%60wayto,0,643733,644,0.000243927105187504,Pro,bottomlane radiant
1419400,99,14,radiant,%5BHyperX%5D%20Liquid%60wayto,0,644867,645,0.000244305873984379,Pro,bottomlane radiant
1420533,102,15,radiant,%5BHyperX%5D%20Liquid%60wayto,0,646000,646,0.000244684642781254,Pro,bottomlane radiant
1421400,104,16,radiant,%5BHyperX%5D%20Liquid%60wayto,0,646867,647,0.000245063411578129,Pro,bottomlane radiant
1422466,106,18,radiant,%5BHyperX%5D%20Liquid%60wayto,0,647933,648,0.000245442180375004,Pro,bottomlane radiant
1423266,107,20,radiant,%5BHyperX%5D%20Liquid%60wayto,0,648733,649,0.000245820949171879,Pro,bottomlane radiant
1424533,109,19,radiant,%5BHyperX%5D%20Liquid%60wayto,0,650000,650,0.000246199717968754,Pro,bottomlane radiant
1425466,107,18,radiant,%5BHyperX%5D%20Liquid%60wayto,0,650933,651,0.000246578486765629,Pro,bottomlane radiant
1426200,105,18,radiant,%5BHyperX%5D%20Liquid%60wayto,0,651667,652,0.000246957255562504,Pro,bottomlane radiant
1427400,105,18,radiant,%5BHyperX%5D%20Liquid%60wayto,0,652867,653,0.000247336024359379,Pro,bottomlane radiant
1427400,105,18,radiant,%5BHyperX%5D%20Liquid%60wayto,0,652867,654,0.000247714793156254,Pro,bottomlane radiant
1429466,104,16,radiant,%5BHyperX%5D%20Liquid%60wayto,0,654933,655,0.000248093561953129,Pro,bottomlane radiant
1430266,104,14,radiant,%5BHyperX%5D%20Liquid%60wayto,0,655733,656,0.000248472330750004,Pro,bottomlane radiant
1431466,104,13,radiant,%5BHyperX%5D%20Liquid%60wayto,0,656933,657,0.000248851099546879,Pro,bottomlane radiant
1432400,105,12,radiant,%5BHyperX%5D%20Liquid%60wayto,0,657867,658,0.000249229868343754,Pro,bottomlane radiant
1433200,105,13,radiant,%5BHyperX%5D%20Liquid%60wayto,0,658667,659,0.000249608637140629,Pro,bottomlane radiant
1433200,105,13,radiant,%5BHyperX%5D%20Liquid%60wayto,0,658667,660,0.000249987405937504,Pro,bottomlane radiant
1433200,105,13,radiant,%5BHyperX%5D%20Liquid%60wayto,0,658667,661,0.000250366174734379,Pro,bottomlane radiant
1436266,106,14,radiant,%5BHyperX%5D%20Liquid%60wayto,0,661733,662,0.000250744943531254,Pro,bottomlane radiant
1437466,107,17,radiant,%5BHyperX%5D%20Liquid%60wayto,0,662933,663,0.000251123712328129,Pro,bottomlane radiant
1438200,106,18,radiant,%5BHyperX%5D%20Liquid%60wayto,0,663667,664,0.000251502481125004,Pro,bottomlane radiant
1439333,105,17,radiant,%5BHyperX%5D%20Liquid%60wayto,0,664800,665,0.000251881249921879,Pro,bottomlane radiant
1440533,104,17,radiant,%5BHyperX%5D%20Liquid%60wayto,0,666000,666,0.000252260018718754,Pro,bottomlane radiant
1441400,105,18,radiant,%5BHyperX%5D%20Liquid%60wayto,0,666867,667,0.000252638787515629,Pro,bottomlane radiant
1442333,105,17,radiant,%5BHyperX%5D%20Liquid%60wayto,0,667800,668,0.000253017556312504,Pro,bottomlane radiant
1443333,105,15,radiant,%5BHyperX%5D%20Liquid%60wayto,0,668800,669,0.000253396325109379,Pro,bottomlane radiant
1444333,104,13,radiant,%5BHyperX%5D%20Liquid%60wayto,0,669800,670,0.000253775093906254,Pro,bottomlane radiant
1445400,101,13,radiant,%5BHyperX%5D%20Liquid%60wayto,0,670867,671,0.000254153862703129,Pro,bottomlane radiant
1446133,99,13,radiant,%5BHyperX%5D%20Liquid%60wayto,0,671600,672,0.000254532631500004,Pro,bottomlane radiant
1446133,99,13,radiant,%5BHyperX%5D%20Liquid%60wayto,0,671600,673,0.000254911400296879,Pro,bottomlane radiant
1448533,100,14,radiant,%5BHyperX%5D%20Liquid%60wayto,0,674000,674,0.000255290169093754,Pro,bottomlane radiant
1449200,101,15,radiant,%5BHyperX%5D%20Liquid%60wayto,0,674667,675,0.000255668937890629,Pro,bottomlane radiant
1450333,101,14,radiant,%5BHyperX%5D%20Liquid%60wayto,0,675800,676,0.000256047706687504,Pro,bottomlane radiant
1450333,101,14,radiant,%5BHyperX%5D%20Liquid%60wayto,0,675800,677,0.000256426475484379,Pro,bottomlane radiant
1452200,103,15,radiant,%5BHyperX%5D%20Liquid%60wayto,0,677667,678,0.000256805244281254,Pro,bottomlane radiant
1452200,103,15,radiant,%5BHyperX%5D%20Liquid%60wayto,0,677667,679,0.000257184013078129,Pro,bottomlane radiant
1454400,100,14,radiant,%5BHyperX%5D%20Liquid%60wayto,0,679867,680,0.000257562781875004,Pro,bottomlane radiant
1455266,98,13,radiant,%5BHyperX%5D%20Liquid%60wayto,0,680733,681,0.000257941550671879,Pro,bottomlane radiant
1456266,97,13,radiant,%5BHyperX%5D%20Liquid%60wayto,0,681733,682,0.000258320319468754,Pro,bottomlane radiant
1457533,100,14,radiant,%5BHyperX%5D%20Liquid%60wayto,0,683000,683,0.000258699088265629,Pro,bottomlane radiant
1457933,101,15,radiant,%5BHyperX%5D%20Liquid%60wayto,0,683400,684,0.000259077857062504,Pro,bottomlane radiant
1457933,101,15,radiant,%5BHyperX%5D%20Liquid%60wayto,0,683400,685,0.000259456625859379,Pro,bottomlane radiant
1460333,100,13,radiant,%5BHyperX%5D%20Liquid%60wayto,0,685800,686,0.000259835394656254,Pro,bottomlane radiant
1461400,98,11,radiant,%5BHyperX%5D%20Liquid%60wayto,0,686867,687,0.000260214163453129,Pro,bottomlane radiant
1462333,99,10,radiant,%5BHyperX%5D%20Liquid%60wayto,0,687800,688,0.000260592932250004,Pro,bottomlane radiant
1463466,99,7,radiant,%5BHyperX%5D%20Liquid%60wayto,0,688933,689,0.000260971701046879,Pro,bottomlane radiant
1463800,100,7,radiant,%5BHyperX%5D%20Liquid%60wayto,0,689267,690,0.000261350469843754,Pro,bottomlane radiant
1463800,100,7,radiant,%5BHyperX%5D%20Liquid%60wayto,0,689267,691,0.000261729238640629,Pro,bottomlane radiant
1463800,100,7,radiant,%5BHyperX%5D%20Liquid%60wayto,0,689267,692,0.000262108007437504,Pro,bottomlane radiant
1463800,100,7,radiant,%5BHyperX%5D%20Liquid%60wayto,0,689267,693,0.000262486776234379,Pro,bottomlane radiant
1463800,100,7,radiant,%5BHyperX%5D%20Liquid%60wayto,0,689267,694,0.000262865545031254,Pro,bottomlane radiant
1463800,100,7,radiant,%5BHyperX%5D%20Liquid%60wayto,0,689267,695,0.000263244313828129,Pro,bottomlane radiant
1463800,100,7,radiant,%5BHyperX%5D%20Liquid%60wayto,0,689267,696,0.000263623082625004,Pro,bottomlane radiant
1471400,99,8,radiant,%5BHyperX%5D%20Liquid%60wayto,0,696867,697,0.000264001851421879,Pro,bottomlane radiant
1471800,99,9,radiant,%5BHyperX%5D%20Liquid%60wayto,0,697267,698,0.000264380620218754,Pro,bottomlane radiant
1471800,99,9,radiant,%5BHyperX%5D%20Liquid%60wayto,0,697267,699,0.000264759389015629,Pro,bottomlane radiant
1471800,99,9,radiant,%5BHyperX%5D%20Liquid%60wayto,0,697267,700,0.000265138157812504,Pro,bottomlane radiant
1475533,100,10,radiant,%5BHyperX%5D%20Liquid%60wayto,0,701000,701,0.000265516926609379,Pro,bottomlane radiant
1476333,99,11,radiant,%5BHyperX%5D%20Liquid%60wayto,0,701800,702,0.000265895695406254,Pro,bottomlane radiant
1477466,96,11,radiant,%5BHyperX%5D%20Liquid%60wayto,0,702933,703,0.000266274464203129,Pro,bottomlane radiant
1477800,96,12,radiant,%5BHyperX%5D%20Liquid%60wayto,0,703267,704,0.000266653233000004,Pro,bottomlane radiant
1479533,98,13,radiant,%5BHyperX%5D%20Liquid%60wayto,0,705000,705,0.000267032001796879,Pro,bottomlane radiant
1480333,100,14,radiant,%5BHyperX%5D%20Liquid%60wayto,0,705800,706,0.000267410770593754,Pro,bottomlane radiant
1481333,100,15,radiant,%5BHyperX%5D%20Liquid%60wayto,0,706800,707,0.000267789539390629,Pro,void radiant
1482533,97,14,radiant,%5BHyperX%5D%20Liquid%60wayto,0,708000,708,0.000268168308187504,Pro,bottomlane radiant
1483266,95,13,radiant,%5BHyperX%5D%20Liquid%60wayto,0,708733,709,0.000268547076984379,Pro,bottomlane radiant
1484266,94,12,radiant,%5BHyperX%5D%20Liquid%60wayto,0,709733,710,0.000268925845781254,Pro,bottomlane radiant
1485000,94,11,radiant,%5BHyperX%5D%20Liquid%60wayto,0,710467,711,0.000269304614578129,Pro,bottomlane radiant
1486200,96,10,radiant,%5BHyperX%5D%20Liquid%60wayto,0,711667,712,0.000269683383375004,Pro,bottomlane radiant
1487533,99,11,radiant,%5BHyperX%5D%20Liquid%60wayto,0,713000,713,0.000270062152171879,Pro,bottomlane radiant
1488133,100,11,radiant,%5BHyperX%5D%20Liquid%60wayto,0,713600,714,0.000270440920968754,Pro,bottomlane radiant
1488600,101,11,radiant,%5BHyperX%5D%20Liquid%60wayto,0,714067,715,0.000270819689765629,Pro,bottomlane radiant
1490400,103,11,radiant,%5BHyperX%5D%20Liquid%60wayto,0,715867,716,0.000271198458562504,Pro,bottomlane radiant
1491466,101,11,radiant,%5BHyperX%5D%20Liquid%60wayto,0,716933,717,0.000271577227359379,Pro,bottomlane radiant
1492333,99,12,radiant,%5BHyperX%5D%20Liquid%60wayto,0,717800,718,0.000271955996156254,Pro,bottomlane radiant
1492333,99,12,radiant,%5BHyperX%5D%20Liquid%60wayto,0,717800,719,0.000272334764953129,Pro,bottomlane radiant
1494466,96,12,radiant,%5BHyperX%5D%20Liquid%60wayto,0,719933,720,0.000272713533750004,Pro,bottomlane radiant
1495133,97,12,radiant,%5BHyperX%5D%20Liquid%60wayto,0,720600,721,0.000273092302546879,Pro,bottomlane radiant
1496533,100,12,radiant,%5BHyperX%5D%20Liquid%60wayto,0,722000,722,0.000273471071343754,Pro,bottomlane radiant
1497466,99,12,radiant,%5BHyperX%5D%20Liquid%60wayto,0,722933,723,0.000273849840140629,Pro,bottomlane radiant
1498000,100,11,radiant,%5BHyperX%5D%20Liquid%60wayto,0,723467,724,0.000274228608937504,Pro,bottomlane radiant
1499466,101,11,radiant,%5BHyperX%5D%20Liquid%60wayto,0,724933,725,0.000274607377734379,Pro,bottomlane radiant
1500333,103,11,radiant,%5BHyperX%5D%20Liquid%60wayto,0,725800,726,0.000274986146531254,Pro,bottomlane radiant
1500333,103,11,radiant,%5BHyperX%5D%20Liquid%60wayto,0,725800,727,0.000275364915328129,Pro,bottomlane radiant
1502466,104,11,radiant,%5BHyperX%5D%20Liquid%60wayto,0,727933,728,0.000275743684125004,Pro,bottomlane radiant
1502800,105,11,radiant,%5BHyperX%5D%20Liquid%60wayto,0,728267,729,0.000276122452921879,Pro,bottomlane radiant
1502800,105,11,radiant,%5BHyperX%5D%20Liquid%60wayto,0,728267,730,0.000276501221718754,Pro,bottomlane radiant
1505333,105,10,radiant,%5BHyperX%5D%20Liquid%60wayto,0,730800,731,0.000276879990515629,Pro,bottomlane radiant
1506466,105,8,radiant,%5BHyperX%5D%20Liquid%60wayto,0,731933,732,0.000277258759312504,Pro,bottomlane radiant
1507400,104,6,radiant,%5BHyperX%5D%20Liquid%60wayto,0,732867,733,0.000277637528109379,Pro,void radiant
1508200,103,7,radiant,%5BHyperX%5D%20Liquid%60wayto,0,733667,734,0.000278016296906254,Pro,bottomlane radiant
1509533,103,7,radiant,%5BHyperX%5D%20Liquid%60wayto,0,735000,735,0.000278395065703129,Pro,bottomlane radiant
1510266,101,7,radiant,%5BHyperX%5D%20Liquid%60wayto,0,735733,736,0.000278773834500004,Pro,bottomlane radiant
1511533,99,5,radiant,%5BHyperX%5D%20Liquid%60wayto,0,737000,737,0.000279152603296879,Pro,bottomlane radiant
1512533,97,4,radiant,%5BHyperX%5D%20Liquid%60wayto,0,738000,738,0.000279531372093754,Pro,bottomlane radiant
1512866,97,5,radiant,%5BHyperX%5D%20Liquid%60wayto,0,738333,739,0.000279910140890629,Pro,bottomlane radiant
1514533,98,5,radiant,%5BHyperX%5D%20Liquid%60wayto,0,740000,740,0.000280288909687504,Pro,void radiant
1514933,99,5,radiant,%5BHyperX%5D%20Liquid%60wayto,0,740400,741,0.000280667678484379,Pro,bottomlane radiant
1516533,99,6,radiant,%5BHyperX%5D%20Liquid%60wayto,0,742000,742,0.000281046447281254,Pro,bottomlane radiant
1517466,99,8,radiant,%5BHyperX%5D%20Liquid%60wayto,0,742933,743,0.000281425216078129,Pro,bottomlane radiant
1518333,99,9,radiant,%5BHyperX%5D%20Liquid%60wayto,0,743800,744,0.000281803984875004,Pro,bottomlane radiant
1519066,98,10,radiant,%5BHyperX%5D%20Liquid%60wayto,0,744533,745,0.000282182753671879,Pro,bottomlane radiant
1519066,98,10,radiant,%5BHyperX%5D%20Liquid%60wayto,0,744533,746,0.000282561522468754,Pro,bottomlane radiant
1519066,98,10,radiant,%5BHyperX%5D%20Liquid%60wayto,0,744533,747,0.000282940291265629,Pro,bottomlane radiant
1519066,98,10,radiant,%5BHyperX%5D%20Liquid%60wayto,0,744533,748,0.000283319060062504,Pro,bottomlane radiant
1519066,98,10,radiant,%5BHyperX%5D%20Liquid%60wayto,0,744533,749,0.000283697828859379,Pro,bottomlane radiant
1519066,98,10,radiant,%5BHyperX%5D%20Liquid%60wayto,0,744533,750,0.000284076597656254,Pro,bottomlane radiant
1519066,98,10,radiant,%5BHyperX%5D%20Liquid%60wayto,0,744533,751,0.000284455366453129,Pro,bottomlane radiant
1519066,98,10,radiant,%5BHyperX%5D%20Liquid%60wayto,0,744533,752,0.000284834135250004,Pro,bottomlane radiant
1519066,98,10,radiant,%5BHyperX%5D%20Liquid%60wayto,0,744533,753,0.000285212904046879,Pro,bottomlane radiant
1519066,98,10,radiant,%5BHyperX%5D%20Liquid%60wayto,0,744533,754,0.000285591672843754,Pro,bottomlane radiant
1519066,98,10,radiant,%5BHyperX%5D%20Liquid%60wayto,0,744533,755,0.000285970441640629,Pro,bottomlane radiant
1519066,98,10,radiant,%5BHyperX%5D%20Liquid%60wayto,0,744533,756,0.000286349210437504,Pro,bottomlane radiant
1519066,98,10,radiant,%5BHyperX%5D%20Liquid%60wayto,0,744533,757,0.000286727979234379,Pro,bottomlane radiant
1519066,98,10,radiant,%5BHyperX%5D%20Liquid%60wayto,0,744533,758,0.000287106748031254,Pro,bottomlane radiant
1519066,98,10,radiant,%5BHyperX%5D%20Liquid%60wayto,0,744533,759,0.000287485516828129,Pro,bottomlane radiant
1519066,98,10,radiant,%5BHyperX%5D%20Liquid%60wayto,0,744533,760,0.000287864285625004,Pro,bottomlane radiant
1519066,98,10,radiant,%5BHyperX%5D%20Liquid%60wayto,0,744533,761,0.00028824305442188,Pro,bottomlane radiant
1519066,98,10,radiant,%5BHyperX%5D%20Liquid%60wayto,0,744533,762,0.000288621823218755,Pro,bottomlane radiant
1519066,98,10,radiant,%5BHyperX%5D%20Liquid%60wayto,0,744533,763,0.00028900059201563,Pro,bottomlane radiant
1538133,10,6,radiant,%5BHyperX%5D%20Liquid%60wayto,0,763600,764,0.000289379360812505,Pro,base1 radiant
1538133,10,6,radiant,%5BHyperX%5D%20Liquid%60wayto,0,763600,765,0.00028975812960938,Pro,base1 radiant
1540466,11,9,radiant,%5BHyperX%5D%20Liquid%60wayto,0,765933,766,0.000290136898406255,Pro,base1 radiant
1541400,12,11,radiant,%5BHyperX%5D%20Liquid%60wayto,0,766867,767,0.00029051566720313,Pro,base1 radiant
1542200,13,12,radiant,%5BHyperX%5D%20Liquid%60wayto,0,767667,768,0.000290894436000005,Pro,base1 radiant
1543400,16,13,radiant,%5BHyperX%5D%20Liquid%60wayto,0,768867,769,0.00029127320479688,Pro,base1 radiant
1544266,18,14,radiant,%5BHyperX%5D%20Liquid%60wayto,0,769733,770,0.000291651973593755,Pro,base1 radiant
1545200,20,16,radiant,%5BHyperX%5D%20Liquid%60wayto,0,770667,771,0.00029203074239063,Pro,base1 radiant
1546333,22,18,radiant,%5BHyperX%5D%20Liquid%60wayto,0,771800,772,0.000292409511187505,Pro,base1 radiant
1547400,24,20,radiant,%5BHyperX%5D%20Liquid%60wayto,0,772867,773,0.00029278827998438,Pro,base1 radiant
1548533,26,22,radiant,%5BHyperX%5D%20Liquid%60wayto,0,774000,774,0.000293167048781255,Pro,base1 radiant
1549133,28,23,radiant,%5BHyperX%5D%20Liquid%60wayto,0,774600,775,0.00029354581757813,Pro,base1 radiant
1550466,30,26,radiant,%5BHyperX%5D%20Liquid%60wayto,0,775933,776,0.000293924586375005,Pro,base1 radiant
1551400,31,28,radiant,%5BHyperX%5D%20Liquid%60wayto,0,776867,777,0.00029430335517188,Pro,base1 radiant
1552400,33,30,radiant,%5BHyperX%5D%20Liquid%60wayto,0,777867,778,0.000294682123968755,Pro,midlane radiant
1553333,35,32,radiant,%5BHyperX%5D%20Liquid%60wayto,0,778800,779,0.00029506089276563,Pro,midlane radiant
1554333,37,34,radiant,%5BHyperX%5D%20Liquid%60wayto,0,779800,780,0.000295439661562505,Pro,midlane radiant
1555466,39,36,radiant,%5BHyperX%5D%20Liquid%60wayto,0,780933,781,0.00029581843035938,Pro,midlane radiant
1556200,40,38,radiant,%5BHyperX%5D%20Liquid%60wayto,0,781667,782,0.000296197199156255,Pro,midlane radiant
1557400,43,41,radiant,%5BHyperX%5D%20Liquid%60wayto,0,782867,783,0.00029657596795313,Pro,midlane radiant
1558533,46,44,radiant,%5BHyperX%5D%20Liquid%60wayto,0,784000,784,0.000296954736750005,Pro,midlane radiant
1559400,49,46,radiant,%5BHyperX%5D%20Liquid%60wayto,0,784867,785,0.00029733350554688,Pro,midlane radiant
1560400,52,48,radiant,%5BHyperX%5D%20Liquid%60wayto,0,785867,786,0.000297712274343755,Pro,midlane radiant
1561466,53,49,radiant,%5BHyperX%5D%20Liquid%60wayto,0,786933,787,0.00029809104314063,Pro,midlane radiant
1562400,54,49,radiant,%5BHyperX%5D%20Liquid%60wayto,0,787867,788,0.000298469811937505,Pro,midlane radiant
1563533,56,51,radiant,%5BHyperX%5D%20Liquid%60wayto,0,789000,789,0.00029884858073438,Pro,midlane radiant
1564333,57,53,radiant,%5BHyperX%5D%20Liquid%60wayto,0,789800,790,0.000299227349531255,Pro,midlane radiant
1565333,56,53,radiant,%5BHyperX%5D%20Liquid%60wayto,0,790800,791,0.00029960611832813,Pro,midlane radiant
1566333,56,54,radiant,%5BHyperX%5D%20Liquid%60wayto,0,791800,792,0.000299984887125005,Pro,midlane radiant
1566933,57,55,radiant,%5BHyperX%5D%20Liquid%60wayto,0,792400,793,0.00030036365592188,Pro,midlane radiant
1566933,57,55,radiant,%5BHyperX%5D%20Liquid%60wayto,0,792400,794,0.000300742424718755,Pro,midlane radiant
1569533,56,55,radiant,%5BHyperX%5D%20Liquid%60wayto,0,795000,795,0.00030112119351563,Pro,midlane radiant
1570466,55,54,radiant,%5BHyperX%5D%20Liquid%60wayto,0,795933,796,0.000301499962312505,Pro,midlane radiant
1571066,56,54,radiant,%5BHyperX%5D%20Liquid%60wayto,0,796533,797,0.00030187873110938,Pro,midlane radiant
1572533,57,51,radiant,%5BHyperX%5D%20Liquid%60wayto,0,798000,798,0.000302257499906255,Pro,midlane radiant
1573200,57,52,radiant,%5BHyperX%5D%20Liquid%60wayto,0,798667,799,0.00030263626870313,Pro,midlane radiant
1574533,55,54,radiant,%5BHyperX%5D%20Liquid%60wayto,0,8e+05,800,0.000303015037500005,Pro,midlane radiant
1575200,55,55,radiant,%5BHyperX%5D%20Liquid%60wayto,0,800667,801,0.00030339380629688,Pro,midlane radiant
1576400,56,58,radiant,%5BHyperX%5D%20Liquid%60wayto,0,801867,802,0.000303772575093755,Pro,midlane radiant
1577466,55,57,radiant,%5BHyperX%5D%20Liquid%60wayto,0,802933,803,0.00030415134389063,Pro,midlane radiant
1578533,53,55,radiant,%5BHyperX%5D%20Liquid%60wayto,0,804000,804,0.000304530112687505,Pro,midlane radiant
1579466,51,53,radiant,%5BHyperX%5D%20Liquid%60wayto,0,804933,805,0.00030490888148438,Pro,midlane radiant
1580266,50,51,radiant,%5BHyperX%5D%20Liquid%60wayto,0,805733,806,0.000305287650281255,Pro,midlane radiant
1581400,48,49,radiant,%5BHyperX%5D%20Liquid%60wayto,0,806867,807,0.00030566641907813,Pro,midlane radiant
1582200,47,47,radiant,%5BHyperX%5D%20Liquid%60wayto,0,807667,808,0.000306045187875005,Pro,midlane radiant
1582800,48,48,radiant,%5BHyperX%5D%20Liquid%60wayto,0,808267,809,0.00030642395667188,Pro,midlane radiant
1583933,47,48,radiant,%5BHyperX%5D%20Liquid%60wayto,0,809400,810,0.000306802725468755,Pro,midlane radiant
1585533,47,47,radiant,%5BHyperX%5D%20Liquid%60wayto,0,811000,811,0.00030718149426563,Pro,midlane radiant
1585533,47,47,radiant,%5BHyperX%5D%20Liquid%60wayto,0,811000,812,0.000307560263062505,Pro,midlane radiant
1587466,45,46,radiant,%5BHyperX%5D%20Liquid%60wayto,0,812933,813,0.00030793903185938,Pro,midlane radiant
1588333,45,46,radiant,%5BHyperX%5D%20Liquid%60wayto,0,813800,814,0.000308317800656255,Pro,midlane radiant
1589400,46,48,radiant,%5BHyperX%5D%20Liquid%60wayto,0,814867,815,0.00030869656945313,Pro,midlane radiant
1590133,44,48,radiant,%5BHyperX%5D%20Liquid%60wayto,0,815600,816,0.000309075338250005,Pro,midlane radiant
1591533,44,46,radiant,%5BHyperX%5D%20Liquid%60wayto,0,817000,817,0.00030945410704688,Pro,midlane radiant
1592466,42,44,radiant,%5BHyperX%5D%20Liquid%60wayto,0,817933,818,0.000309832875843755,Pro,midlane radiant
1593200,40,43,radiant,%5BHyperX%5D%20Liquid%60wayto,0,818667,819,0.00031021164464063,Pro,midlane radiant
1594200,38,41,radiant,%5BHyperX%5D%20Liquid%60wayto,0,819667,820,0.000310590413437505,Pro,midlane radiant
1595533,35,39,radiant,%5BHyperX%5D%20Liquid%60wayto,0,821000,821,0.00031096918223438,Pro,midlane radiant
1596400,34,37,radiant,%5BHyperX%5D%20Liquid%60wayto,0,821867,822,0.000311347951031255,Pro,midlane radiant
1597466,32,35,radiant,%5BHyperX%5D%20Liquid%60wayto,0,822933,823,0.00031172671982813,Pro,midlane radiant
1598466,30,33,radiant,%5BHyperX%5D%20Liquid%60wayto,0,823933,824,0.000312105488625005,Pro,midlane radiant
1599533,28,31,radiant,%5BHyperX%5D%20Liquid%60wayto,0,825000,825,0.00031248425742188,Pro,base1 radiant
1600200,26,30,radiant,%5BHyperX%5D%20Liquid%60wayto,0,825667,826,0.000312863026218755,Pro,base1 radiant
1601466,23,28,radiant,%5BHyperX%5D%20Liquid%60wayto,0,826933,827,0.00031324179501563,Pro,base1 radiant
1602533,21,26,radiant,%5BHyperX%5D%20Liquid%60wayto,0,828000,828,0.000313620563812505,Pro,base1 radiant
1603533,19,24,radiant,%5BHyperX%5D%20Liquid%60wayto,0,829000,829,0.00031399933260938,Pro,base1 radiant
1604333,18,22,radiant,%5BHyperX%5D%20Liquid%60wayto,0,829800,830,0.000314378101406255,Pro,base1 radiant
1605266,16,20,radiant,%5BHyperX%5D%20Liquid%60wayto,0,830733,831,0.00031475687020313,Pro,base1 radiant
1606533,14,18,radiant,%5BHyperX%5D%20Liquid%60wayto,0,832000,832,0.000315135639000005,Pro,base1 radiant
1607466,13,15,radiant,%5BHyperX%5D%20Liquid%60wayto,0,832933,833,0.00031551440779688,Pro,base1 radiant
1608200,13,13,radiant,%5BHyperX%5D%20Liquid%60wayto,0,833667,834,0.000315893176593755,Pro,base1 radiant
1609333,12,10,radiant,%5BHyperX%5D%20Liquid%60wayto,0,834800,835,0.00031627194539063,Pro,base1 radiant
1609333,12,10,radiant,%5BHyperX%5D%20Liquid%60wayto,0,834800,836,0.000316650714187505,Pro,base1 radiant
1609333,12,10,radiant,%5BHyperX%5D%20Liquid%60wayto,0,834800,837,0.00031702948298438,Pro,base1 radiant
1609333,12,10,radiant,%5BHyperX%5D%20Liquid%60wayto,0,834800,838,0.000317408251781255,Pro,base1 radiant
1613533,12,11,radiant,%5BHyperX%5D%20Liquid%60wayto,0,839000,839,0.00031778702057813,Pro,base1 radiant
1614533,15,12,radiant,%5BHyperX%5D%20Liquid%60wayto,0,840000,840,0.000318165789375005,Pro,base1 radiant
1615466,17,14,radiant,%5BHyperX%5D%20Liquid%60wayto,0,840933,841,0.00031854455817188,Pro,base1 radiant
1616333,19,15,radiant,%5BHyperX%5D%20Liquid%60wayto,0,841800,842,0.000318923326968755,Pro,base1 radiant
1617266,21,17,radiant,%5BHyperX%5D%20Liquid%60wayto,0,842733,843,0.00031930209576563,Pro,base1 radiant
1618333,23,19,radiant,%5BHyperX%5D%20Liquid%60wayto,0,843800,844,0.000319680864562505,Pro,base1 radiant
1619466,25,21,radiant,%5BHyperX%5D%20Liquid%60wayto,0,844933,845,0.00032005963335938,Pro,base1 radiant
1620533,27,23,radiant,%5BHyperX%5D%20Liquid%60wayto,0,846000,846,0.000320438402156255,Pro,base1 radiant
1621533,29,25,radiant,%5BHyperX%5D%20Liquid%60wayto,0,847000,847,0.00032081717095313,Pro,base1 radiant
1622533,31,27,radiant,%5BHyperX%5D%20Liquid%60wayto,0,848000,848,0.000321195939750005,Pro,base1 radiant
1623466,33,28,radiant,%5BHyperX%5D%20Liquid%60wayto,0,848933,849,0.00032157470854688,Pro,midlane radiant
1624466,35,30,radiant,%5BHyperX%5D%20Liquid%60wayto,0,849933,850,0.000321953477343755,Pro,midlane radiant
1625533,38,31,radiant,%5BHyperX%5D%20Liquid%60wayto,0,851000,851,0.00032233224614063,Pro,midlane radiant
1626466,39,33,radiant,%5BHyperX%5D%20Liquid%60wayto,0,851933,852,0.000322711014937505,Pro,midlane radiant
1627266,40,35,radiant,%5BHyperX%5D%20Liquid%60wayto,0,852733,853,0.00032308978373438,Pro,midlane radiant
1628400,41,38,radiant,%5BHyperX%5D%20Liquid%60wayto,0,853867,854,0.000323468552531255,Pro,midlane radiant
1629200,42,40,radiant,%5BHyperX%5D%20Liquid%60wayto,0,854667,855,0.00032384732132813,Pro,midlane radiant
1630200,44,42,radiant,%5BHyperX%5D%20Liquid%60wayto,0,855667,856,0.000324226090125005,Pro,midlane radiant
1631333,46,44,radiant,%5BHyperX%5D%20Liquid%60wayto,0,856800,857,0.00032460485892188,Pro,midlane radiant
1632533,44,45,radiant,%5BHyperX%5D%20Liquid%60wayto,0,858000,858,0.000324983627718755,Pro,midlane radiant
1633400,42,46,radiant,%5BHyperX%5D%20Liquid%60wayto,0,858867,859,0.00032536239651563,Pro,midlane radiant
1633800,41,47,radiant,%5BHyperX%5D%20Liquid%60wayto,0,859267,860,0.000325741165312505,Pro,midlane radiant
1635466,44,46,radiant,%5BHyperX%5D%20Liquid%60wayto,0,860933,861,0.00032611993410938,Pro,midlane radiant
1636200,46,45,radiant,%5BHyperX%5D%20Liquid%60wayto,0,861667,862,0.000326498702906255,Pro,midlane radiant
1637333,45,46,radiant,%5BHyperX%5D%20Liquid%60wayto,0,862800,863,0.00032687747170313,Pro,midlane radiant
1638400,47,47,radiant,%5BHyperX%5D%20Liquid%60wayto,0,863867,864,0.000327256240500005,Pro,midlane radiant
1639400,49,49,radiant,%5BHyperX%5D%20Liquid%60wayto,0,864867,865,0.00032763500929688,Pro,midlane radiant
1640466,51,51,radiant,%5BHyperX%5D%20Liquid%60wayto,0,865933,866,0.000328013778093755,Pro,midlane radiant
1641200,53,52,radiant,%5BHyperX%5D%20Liquid%60wayto,0,866667,867,0.00032839254689063,Pro,midlane radiant
1642533,55,54,radiant,%5BHyperX%5D%20Liquid%60wayto,0,868000,868,0.000328771315687505,Pro,midlane radiant
1643333,55,55,radiant,%5BHyperX%5D%20Liquid%60wayto,0,868800,869,0.00032915008448438,Pro,midlane radiant
1643333,55,55,radiant,%5BHyperX%5D%20Liquid%60wayto,0,868800,870,0.000329528853281255,Pro,midlane radiant
1643333,55,55,radiant,%5BHyperX%5D%20Liquid%60wayto,0,868800,871,0.00032990762207813,Pro,midlane radiant
1643333,55,55,radiant,%5BHyperX%5D%20Liquid%60wayto,0,868800,872,0.000330286390875005,Pro,midlane radiant
1643333,55,55,radiant,%5BHyperX%5D%20Liquid%60wayto,0,868800,873,0.00033066515967188,Pro,midlane radiant
1648533,55,56,radiant,%5BHyperX%5D%20Liquid%60wayto,0,874000,874,0.000331043928468755,Pro,midlane radiant
1649533,58,57,radiant,%5BHyperX%5D%20Liquid%60wayto,0,875000,875,0.00033142269726563,Pro,midlane radiant
1650466,59,59,radiant,%5BHyperX%5D%20Liquid%60wayto,0,875933,876,0.000331801466062505,Pro,midlane radiant
1651333,62,59,radiant,%5BHyperX%5D%20Liquid%60wayto,0,876800,877,0.00033218023485938,Pro,midlane dire
1652533,66,59,radiant,%5BHyperX%5D%20Liquid%60wayto,0,878000,878,0.000332559003656255,Pro,jungle dire
1653400,64,59,radiant,%5BHyperX%5D%20Liquid%60wayto,0,878867,879,0.00033293777245313,Pro,midlane dire
1654466,62,60,radiant,%5BHyperX%5D%20Liquid%60wayto,0,879933,880,0.000333316541250005,Pro,midlane dire
1654800,63,60,radiant,%5BHyperX%5D%20Liquid%60wayto,0,880267,881,0.00033369531004688,Pro,midlane dire
1656466,66,59,radiant,%5BHyperX%5D%20Liquid%60wayto,0,881933,882,0.000334074078843755,Pro,jungle dire
1656466,66,59,radiant,%5BHyperX%5D%20Liquid%60wayto,0,881933,883,0.00033445284764063,Pro,jungle dire
1658400,64,59,radiant,%5BHyperX%5D%20Liquid%60wayto,0,883867,884,0.000334831616437505,Pro,midlane dire
1659200,62,58,radiant,%5BHyperX%5D%20Liquid%60wayto,0,884667,885,0.00033521038523438,Pro,midlane dire
1660200,60,59,radiant,%5BHyperX%5D%20Liquid%60wayto,0,885667,886,0.000335589154031255,Pro,midlane radiant
1661400,62,59,radiant,%5BHyperX%5D%20Liquid%60wayto,0,886867,887,0.00033596792282813,Pro,midlane dire
1662200,64,59,radiant,%5BHyperX%5D%20Liquid%60wayto,0,887667,888,0.000336346691625005,Pro,midlane dire
1662866,65,59,radiant,%5BHyperX%5D%20Liquid%60wayto,0,888333,889,0.00033672546042188,Pro,void dire
1664333,62,58,radiant,%5BHyperX%5D%20Liquid%60wayto,0,889800,890,0.000337104229218755,Pro,midlane dire
1665133,60,57,radiant,%5BHyperX%5D%20Liquid%60wayto,0,890600,891,0.00033748299801563,Pro,midlane radiant
1666333,58,55,radiant,%5BHyperX%5D%20Liquid%60wayto,0,891800,892,0.000337861766812505,Pro,midlane radiant
1667533,55,53,radiant,%5BHyperX%5D%20Liquid%60wayto,0,893000,893,0.00033824053560938,Pro,midlane radiant
1668466,55,53,radiant,%5BHyperX%5D%20Liquid%60wayto,0,893933,894,0.000338619304406255,Pro,midlane radiant
1668466,55,53,radiant,%5BHyperX%5D%20Liquid%60wayto,0,893933,895,0.00033899807320313,Pro,midlane radiant
1670466,53,54,radiant,%5BHyperX%5D%20Liquid%60wayto,0,895933,896,0.000339376842000005,Pro,midlane radiant
1671333,52,52,radiant,%5BHyperX%5D%20Liquid%60wayto,0,896800,897,0.00033975561079688,Pro,midlane radiant
1672333,50,50,radiant,%5BHyperX%5D%20Liquid%60wayto,0,897800,898,0.000340134379593755,Pro,midlane radiant
1673533,49,48,radiant,%5BHyperX%5D%20Liquid%60wayto,0,899000,899,0.00034051314839063,Pro,midlane radiant
1674466,50,46,radiant,%5BHyperX%5D%20Liquid%60wayto,0,899933,900,0.000340891917187505,Pro,midlane radiant
1675200,51,44,radiant,%5BHyperX%5D%20Liquid%60wayto,0,900667,901,0.00034127068598438,Pro,midlane radiant
1676533,54,43,radiant,%5BHyperX%5D%20Liquid%60wayto,0,902000,902,0.000341649454781255,Pro,midlane radiant
1676733,54,44,radiant,%5BHyperX%5D%20Liquid%60wayto,0,902200,903,0.00034202822357813,Pro,midlane radiant
1676733,54,44,radiant,%5BHyperX%5D%20Liquid%60wayto,0,902200,904,0.000342406992375005,Pro,midlane radiant
1676733,54,44,radiant,%5BHyperX%5D%20Liquid%60wayto,0,902200,905,0.00034278576117188,Pro,midlane radiant
1680533,53,43,radiant,%5BHyperX%5D%20Liquid%60wayto,0,906000,906,0.000343164529968755,Pro,midlane radiant
1681533,51,44,radiant,%5BHyperX%5D%20Liquid%60wayto,0,907000,907,0.00034354329876563,Pro,midlane radiant
1682333,48,44,radiant,%5BHyperX%5D%20Liquid%60wayto,0,907800,908,0.000343922067562505,Pro,midlane radiant
1683533,45,45,radiant,%5BHyperX%5D%20Liquid%60wayto,0,909000,909,0.00034430083635938,Pro,midlane radiant
1684333,43,46,radiant,%5BHyperX%5D%20Liquid%60wayto,0,909800,910,0.000344679605156255,Pro,midlane radiant
1685466,40,47,radiant,%5BHyperX%5D%20Liquid%60wayto,0,910933,911,0.00034505837395313,Pro,midlane radiant
1686466,38,48,radiant,%5BHyperX%5D%20Liquid%60wayto,0,911933,912,0.000345437142750005,Pro,jungle radiant
1687466,37,50,radiant,%5BHyperX%5D%20Liquid%60wayto,0,912933,913,0.00034581591154688,Pro,jungle radiant
1688533,36,53,radiant,%5BHyperX%5D%20Liquid%60wayto,0,914000,914,0.000346194680343755,Pro,jungle radiant
1689466,34,55,radiant,%5BHyperX%5D%20Liquid%60wayto,0,914933,915,0.00034657344914063,Pro,jungle radiant
1690400,33,57,radiant,%5BHyperX%5D%20Liquid%60wayto,0,915867,916,0.000346952217937505,Pro,jungle radiant
1691333,31,59,radiant,%5BHyperX%5D%20Liquid%60wayto,0,916800,917,0.00034733098673438,Pro,jungle radiant
1692466,29,61,radiant,%5BHyperX%5D%20Liquid%60wayto,0,917933,918,0.000347709755531255,Pro,jungle radiant
1693533,26,62,radiant,%5BHyperX%5D%20Liquid%60wayto,0,919000,919,0.00034808852432813,Pro,jungle radiant
1694400,24,63,radiant,%5BHyperX%5D%20Liquid%60wayto,0,919867,920,0.000348467293125005,Pro,jungle radiant
1695333,22,65,radiant,%5BHyperX%5D%20Liquid%60wayto,0,920800,921,0.00034884606192188,Pro,jungle radiant
1696533,19,66,radiant,%5BHyperX%5D%20Liquid%60wayto,0,922000,922,0.000349224830718755,Pro,toplane radiant
1697466,19,69,radiant,%5BHyperX%5D%20Liquid%60wayto,0,922933,923,0.00034960359951563,Pro,toplane radiant
1698266,18,71,radiant,%5BHyperX%5D%20Liquid%60wayto,0,923733,924,0.000349982368312505,Pro,toplane radiant
1699400,17,74,radiant,%5BHyperX%5D%20Liquid%60wayto,0,924867,925,0.00035036113710938,Pro,toplane radiant
1700400,16,76,radiant,%5BHyperX%5D%20Liquid%60wayto,0,925867,926,0.000350739905906255,Pro,toplane radiant
1701133,16,78,radiant,%5BHyperX%5D%20Liquid%60wayto,0,926600,927,0.00035111867470313,Pro,toplane radiant
1702133,16,79,radiant,%5BHyperX%5D%20Liquid%60wayto,0,927600,928,0.000351497443500005,Pro,toplane radiant
1703400,15,80,radiant,%5BHyperX%5D%20Liquid%60wayto,0,928867,929,0.00035187621229688,Pro,toplane dire
1704333,16,79,radiant,%5BHyperX%5D%20Liquid%60wayto,0,929800,930,0.000352254981093755,Pro,toplane radiant
1705466,16,76,radiant,%5BHyperX%5D%20Liquid%60wayto,0,930933,931,0.000352633749890631,Pro,toplane radiant
1706266,16,76,radiant,%5BHyperX%5D%20Liquid%60wayto,0,931733,932,0.000353012518687506,Pro,toplane radiant
1707400,16,78,radiant,%5BHyperX%5D%20Liquid%60wayto,0,932867,933,0.000353391287484381,Pro,toplane radiant
1708466,16,81,radiant,%5BHyperX%5D%20Liquid%60wayto,0,933933,934,0.000353770056281256,Pro,toplane dire
1709533,16,84,radiant,%5BHyperX%5D%20Liquid%60wayto,0,935000,935,0.000354148825078131,Pro,toplane dire
1710200,16,86,radiant,%5BHyperX%5D%20Liquid%60wayto,0,935667,936,0.000354527593875006,Pro,toplane dire
1711533,17,89,radiant,%5BHyperX%5D%20Liquid%60wayto,0,937000,937,0.000354906362671881,Pro,toplane dire
1712466,15,91,radiant,%5BHyperX%5D%20Liquid%60wayto,0,937933,938,0.000355285131468756,Pro,toplane dire
1713333,14,89,radiant,%5BHyperX%5D%20Liquid%60wayto,0,938800,939,0.000355663900265631,Pro,toplane dire
1713800,13,88,radiant,%5BHyperX%5D%20Liquid%60wayto,0,939267,940,0.000356042669062506,Pro,toplane dire
1715400,12,85,radiant,%5BHyperX%5D%20Liquid%60wayto,0,940867,941,0.000356421437859381,Pro,toplane dire
1716333,12,82,radiant,%5BHyperX%5D%20Liquid%60wayto,0,941800,942,0.000356800206656256,Pro,toplane dire
1717400,12,79,radiant,%5BHyperX%5D%20Liquid%60wayto,0,942867,943,0.000357178975453131,Pro,toplane radiant
1718533,12,76,radiant,%5BHyperX%5D%20Liquid%60wayto,0,944000,944,0.000357557744250006,Pro,toplane radiant
1719266,12,74,radiant,%5BHyperX%5D%20Liquid%60wayto,0,944733,945,0.000357936513046881,Pro,toplane radiant
1720333,12,71,radiant,%5BHyperX%5D%20Liquid%60wayto,0,945800,946,0.000358315281843756,Pro,toplane radiant
1721466,12,68,radiant,%5BHyperX%5D%20Liquid%60wayto,0,946933,947,0.000358694050640631,Pro,toplane radiant
1722333,13,66,radiant,%5BHyperX%5D%20Liquid%60wayto,0,947800,948,0.000359072819437506,Pro,toplane radiant
1723466,13,63,radiant,%5BHyperX%5D%20Liquid%60wayto,0,948933,949,0.000359451588234381,Pro,toplane radiant
1724200,13,61,radiant,%5BHyperX%5D%20Liquid%60wayto,0,949667,950,0.000359830357031256,Pro,toplane radiant
1725333,12,58,radiant,%5BHyperX%5D%20Liquid%60wayto,0,950800,951,0.000360209125828131,Pro,toplane radiant
1726400,12,55,radiant,%5BHyperX%5D%20Liquid%60wayto,0,951867,952,0.000360587894625006,Pro,toplane radiant
1727533,12,52,radiant,%5BHyperX%5D%20Liquid%60wayto,0,953000,953,0.000360966663421881,Pro,toplane radiant
1728266,11,50,radiant,%5BHyperX%5D%20Liquid%60wayto,0,953733,954,0.000361345432218756,Pro,toplane radiant
1729400,10,47,radiant,%5BHyperX%5D%20Liquid%60wayto,0,954867,955,0.000361724201015631,Pro,toplane radiant
1730533,10,44,radiant,%5BHyperX%5D%20Liquid%60wayto,0,956000,956,0.000362102969812506,Pro,toplane radiant
1731266,10,42,radiant,%5BHyperX%5D%20Liquid%60wayto,0,956733,957,0.000362481738609381,Pro,toplane radiant
1732333,9,39,radiant,%5BHyperX%5D%20Liquid%60wayto,0,957800,958,0.000362860507406256,Pro,toplane radiant
1733466,9,36,radiant,%5BHyperX%5D%20Liquid%60wayto,0,958933,959,0.000363239276203131,Pro,base1 radiant
1734200,9,34,radiant,%5BHyperX%5D%20Liquid%60wayto,0,959667,960,0.000363618045000006,Pro,base1 radiant
1735333,8,31,radiant,%5BHyperX%5D%20Liquid%60wayto,0,960800,961,0.000363996813796881,Pro,base1 radiant
1736466,9,28,radiant,%5BHyperX%5D%20Liquid%60wayto,0,961933,962,0.000364375582593756,Pro,base1 radiant
1737133,9,26,radiant,%5BHyperX%5D%20Liquid%60wayto,0,962600,963,0.000364754351390631,Pro,base1 radiant
1738466,9,23,radiant,%5BHyperX%5D%20Liquid%60wayto,0,963933,964,0.000365133120187506,Pro,base1 radiant
1739200,10,21,radiant,%5BHyperX%5D%20Liquid%60wayto,0,964667,965,0.000365511888984381,Pro,base1 radiant
1740333,10,18,radiant,%5BHyperX%5D%20Liquid%60wayto,0,965800,966,0.000365890657781256,Pro,base1 radiant
1741466,11,15,radiant,%5BHyperX%5D%20Liquid%60wayto,0,966933,967,0.000366269426578131,Pro,base1 radiant
1742200,11,13,radiant,%5BHyperX%5D%20Liquid%60wayto,0,967667,968,0.000366648195375006,Pro,base1 radiant
1743533,9,10,radiant,%5BHyperX%5D%20Liquid%60wayto,0,969000,969,0.000367026964171881,Pro,base1 radiant
1744466,9,9,radiant,%5BHyperX%5D%20Liquid%60wayto,0,969933,970,0.000367405732968756,Pro,base1 radiant
1745200,9,9,radiant,%5BHyperX%5D%20Liquid%60wayto,0,970667,971,0.000367784501765631,Pro,base1 radiant
1745800,10,10,radiant,%5BHyperX%5D%20Liquid%60wayto,0,971267,972,0.000368163270562506,Pro,base1 radiant
1746600,11,11,radiant,%5BHyperX%5D%20Liquid%60wayto,0,972067,973,0.000368542039359381,Pro,base1 radiant
1746600,11,11,radiant,%5BHyperX%5D%20Liquid%60wayto,0,972067,974,0.000368920808156256,Pro,base1 radiant
1746600,11,11,radiant,%5BHyperX%5D%20Liquid%60wayto,0,972067,975,0.000369299576953131,Pro,base1 radiant
1746600,11,11,radiant,%5BHyperX%5D%20Liquid%60wayto,0,972067,976,0.000369678345750006,Pro,base1 radiant
1746600,11,11,radiant,%5BHyperX%5D%20Liquid%60wayto,0,972067,977,0.000370057114546881,Pro,base1 radiant
1752400,39,40,radiant,%5BHyperX%5D%20Liquid%60wayto,0,977867,978,0.000370435883343756,Pro,midlane radiant
1753533,38,43,radiant,%5BHyperX%5D%20Liquid%60wayto,0,979000,979,0.000370814652140631,Pro,midlane radiant
1754533,37,45,radiant,%5BHyperX%5D%20Liquid%60wayto,0,980000,980,0.000371193420937506,Pro,midlane radiant
1755266,37,47,radiant,%5BHyperX%5D%20Liquid%60wayto,0,980733,981,0.000371572189734381,Pro,jungle radiant
1756533,39,50,radiant,%5BHyperX%5D%20Liquid%60wayto,0,982000,982,0.000371950958531256,Pro,jungle radiant
1757333,40,52,radiant,%5BHyperX%5D%20Liquid%60wayto,0,982800,983,0.000372329727328131,Pro,jungle radiant
1758333,42,54,radiant,%5BHyperX%5D%20Liquid%60wayto,0,983800,984,0.000372708496125006,Pro,jungle radiant
1759533,43,57,radiant,%5BHyperX%5D%20Liquid%60wayto,0,985000,985,0.000373087264921881,Pro,jungle radiant
1760333,45,59,radiant,%5BHyperX%5D%20Liquid%60wayto,0,985800,986,0.000373466033718756,Pro,jungle radiant
1760333,45,59,radiant,%5BHyperX%5D%20Liquid%60wayto,0,985800,987,0.000373844802515631,Pro,jungle radiant
1762466,44,56,radiant,%5BHyperX%5D%20Liquid%60wayto,0,987933,988,0.000374223571312506,Pro,jungle radiant
1763533,42,55,radiant,%5BHyperX%5D%20Liquid%60wayto,0,989000,989,0.000374602340109381,Pro,jungle radiant
1764533,41,52,radiant,%5BHyperX%5D%20Liquid%60wayto,0,990000,990,0.000374981108906256,Pro,jungle radiant
1765466,39,50,radiant,%5BHyperX%5D%20Liquid%60wayto,0,990933,991,0.000375359877703131,Pro,jungle radiant
1766333,38,48,radiant,%5BHyperX%5D%20Liquid%60wayto,0,991800,992,0.000375738646500006,Pro,jungle radiant
1767400,38,45,radiant,%5BHyperX%5D%20Liquid%60wayto,0,992867,993,0.000376117415296881,Pro,midlane radiant
1768466,38,44,radiant,%5BHyperX%5D%20Liquid%60wayto,0,993933,994,0.000376496184093756,Pro,midlane radiant
1768800,38,43,radiant,%5BHyperX%5D%20Liquid%60wayto,0,994267,995,0.000376874952890631,Pro,midlane radiant
1769933,39,42,radiant,%5BHyperX%5D%20Liquid%60wayto,0,995400,996,0.000377253721687506,Pro,midlane radiant
1770866,39,41,radiant,%5BHyperX%5D%20Liquid%60wayto,0,996333,997,0.000377632490484381,Pro,midlane radiant
1772333,41,40,radiant,%5BHyperX%5D%20Liquid%60wayto,0,997800,998,0.000378011259281256,Pro,midlane radiant
1773400,44,40,radiant,%5BHyperX%5D%20Liquid%60wayto,0,998867,999,0.000378390028078131,Pro,midlane radiant
1774200,44,38,radiant,%5BHyperX%5D%20Liquid%60wayto,0,999667,1000,0.000378768796875006,Pro,midlane radiant
1775133,46,37,radiant,%5BHyperX%5D%20Liquid%60wayto,0,1000600,1001,0.000379147565671881,Pro,midlane radiant
1776266,48,36,radiant,%5BHyperX%5D%20Liquid%60wayto,0,1001733,1002,0.000379526334468756,Pro,jungle radiant
1777333,51,36,radiant,%5BHyperX%5D%20Liquid%60wayto,0,1002800,1003,0.000379905103265631,Pro,jungle radiant
1778466,54,36,radiant,%5BHyperX%5D%20Liquid%60wayto,0,1003933,1004,0.000380283872062506,Pro,jungle radiant
1779533,57,36,radiant,%5BHyperX%5D%20Liquid%60wayto,0,1005000,1005,0.000380662640859381,Pro,jungle radiant
1780400,58,38,radiant,%5BHyperX%5D%20Liquid%60wayto,0,1005867,1006,0.000381041409656256,Pro,jungle radiant
1781333,60,38,radiant,%5BHyperX%5D%20Liquid%60wayto,0,1006800,1007,0.000381420178453131,Pro,jungle radiant
1782466,63,39,radiant,%5BHyperX%5D%20Liquid%60wayto,0,1007933,1008,0.000381798947250006,Pro,jungle radiant
1783200,65,39,radiant,%5BHyperX%5D%20Liquid%60wayto,0,1008667,1009,0.000382177716046881,Pro,jungle radiant
1784400,68,38,radiant,%5BHyperX%5D%20Liquid%60wayto,0,1009867,1010,0.000382556484843756,Pro,jungle radiant
1785533,71,38,radiant,%5BHyperX%5D%20Liquid%60wayto,0,1011000,1011,0.000382935253640631,Pro,jungle radiant
1786466,72,37,radiant,%5BHyperX%5D%20Liquid%60wayto,0,1011933,1012,0.000383314022437506,Pro,void radiant
1787200,72,35,radiant,%5BHyperX%5D%20Liquid%60wayto,0,1012667,1013,0.000383692791234381,Pro,void radiant
1788533,70,33,radiant,%5BHyperX%5D%20Liquid%60wayto,0,1014000,1014,0.000384071560031256,Pro,jungle radiant
1789400,69,34,radiant,%5BHyperX%5D%20Liquid%60wayto,0,1014867,1015,0.000384450328828131,Pro,jungle radiant
1790200,68,36,radiant,%5BHyperX%5D%20Liquid%60wayto,0,1015667,1016,0.000384829097625006,Pro,jungle radiant
1791333,66,38,radiant,%5BHyperX%5D%20Liquid%60wayto,0,1016800,1017,0.000385207866421881,Pro,jungle radiant
1792533,64,40,radiant,%5BHyperX%5D%20Liquid%60wayto,0,1018000,1018,0.000385586635218756,Pro,jungle radiant
1793266,62,41,radiant,%5BHyperX%5D%20Liquid%60wayto,0,1018733,1019,0.000385965404015631,Pro,jungle radiant
1794533,60,44,radiant,%5BHyperX%5D%20Liquid%60wayto,0,1020000,1020,0.000386344172812506,Pro,jungle radiant
1795333,59,46,radiant,%5BHyperX%5D%20Liquid%60wayto,0,1020800,1021,0.000386722941609381,Pro,jungle radiant
1796333,59,49,radiant,%5BHyperX%5D%20Liquid%60wayto,0,1021800,1022,0.000387101710406256,Pro,jungle radiant
1797400,58,52,radiant,%5BHyperX%5D%20Liquid%60wayto,0,1022867,1023,0.000387480479203131,Pro,midlane radiant
1798533,58,55,radiant,%5BHyperX%5D%20Liquid%60wayto,0,1024000,1024,0.000387859248000006,Pro,midlane radiant
1799466,60,57,radiant,%5BHyperX%5D%20Liquid%60wayto,0,1024933,1025,0.000388238016796881,Pro,midlane radiant
1800400,62,59,radiant,%5BHyperX%5D%20Liquid%60wayto,0,1025867,1026,0.000388616785593756,Pro,midlane dire
1801466,60,59,radiant,%5BHyperX%5D%20Liquid%60wayto,0,1026933,1027,0.000388995554390631,Pro,midlane radiant
1802466,58,57,radiant,%5BHyperX%5D%20Liquid%60wayto,0,1027933,1028,0.000389374323187506,Pro,midlane radiant
1803533,56,55,radiant,%5BHyperX%5D%20Liquid%60wayto,0,1029000,1029,0.000389753091984381,Pro,midlane radiant
1804133,54,54,radiant,%5BHyperX%5D%20Liquid%60wayto,0,1029600,1030,0.000390131860781256,Pro,midlane radiant
1805400,54,53,radiant,%5BHyperX%5D%20Liquid%60wayto,0,1030867,1031,0.000390510629578131,Pro,midlane radiant
1806200,56,54,radiant,%5BHyperX%5D%20Liquid%60wayto,0,1031667,1032,0.000390889398375006,Pro,midlane radiant
1806666,57,55,radiant,%5BHyperX%5D%20Liquid%60wayto,0,1032133,1033,0.000391268167171881,Pro,midlane radiant
1806666,57,55,radiant,%5BHyperX%5D%20Liquid%60wayto,0,1032133,1034,0.000391646935968756,Pro,midlane radiant
1806666,57,55,radiant,%5BHyperX%5D%20Liquid%60wayto,0,1032133,1035,0.000392025704765631,Pro,midlane radiant
1806666,57,55,radiant,%5BHyperX%5D%20Liquid%60wayto,0,1032133,1036,0.000392404473562506,Pro,midlane radiant
1806666,57,55,radiant,%5BHyperX%5D%20Liquid%60wayto,0,1032133,1037,0.000392783242359381,Pro,midlane radiant
1812533,59,57,radiant,%5BHyperX%5D%20Liquid%60wayto,0,1038000,1038,0.000393162011156256,Pro,midlane radiant
1813333,60,59,radiant,%5BHyperX%5D%20Liquid%60wayto,0,1038800,1039,0.000393540779953131,Pro,midlane radiant
1814400,58,61,radiant,%5BHyperX%5D%20Liquid%60wayto,0,1039867,1040,0.000393919548750006,Pro,midlane radiant
1815533,56,59,radiant,%5BHyperX%5D%20Liquid%60wayto,0,1041000,1041,0.000394298317546881,Pro,midlane radiant
1816400,54,57,radiant,%5BHyperX%5D%20Liquid%60wayto,0,1041867,1042,0.000394677086343756,Pro,midlane radiant
1817133,53,55,radiant,%5BHyperX%5D%20Liquid%60wayto,0,1042600,1043,0.000395055855140631,Pro,midlane radiant
1818466,51,52,radiant,%5BHyperX%5D%20Liquid%60wayto,0,1043933,1044,0.000395434623937506,Pro,midlane radiant
1819400,50,50,radiant,%5BHyperX%5D%20Liquid%60wayto,0,1044867,1045,0.000395813392734381,Pro,midlane radiant
1820533,47,49,radiant,%5BHyperX%5D%20Liquid%60wayto,0,1046000,1046,0.000396192161531256,Pro,midlane radiant
1821533,45,47,radiant,%5BHyperX%5D%20Liquid%60wayto,0,1047000,1047,0.000396570930328131,Pro,midlane radiant
1822400,46,46,radiant,%5BHyperX%5D%20Liquid%60wayto,0,1047867,1048,0.000396949699125006,Pro,midlane radiant
1823333,48,45,radiant,%5BHyperX%5D%20Liquid%60wayto,0,1048800,1049,0.000397328467921881,Pro,midlane radiant
1824466,51,44,radiant,%5BHyperX%5D%20Liquid%60wayto,0,1049933,1050,0.000397707236718756,Pro,midlane radiant
1825266,53,43,radiant,%5BHyperX%5D%20Liquid%60wayto,0,1050733,1051,0.000398086005515631,Pro,midlane radiant
1826266,55,42,radiant,%5BHyperX%5D%20Liquid%60wayto,0,1051733,1052,0.000398464774312506,Pro,jungle radiant
1827466,58,41,radiant,%5BHyperX%5D%20Liquid%60wayto,0,1052933,1053,0.000398843543109381,Pro,jungle radiant
1828533,61,41,radiant,%5BHyperX%5D%20Liquid%60wayto,0,1054000,1054,0.000399222311906256,Pro,jungle radiant
1829266,63,40,radiant,%5BHyperX%5D%20Liquid%60wayto,0,1054733,1055,0.000399601080703131,Pro,jungle radiant
1830400,66,40,radiant,%5BHyperX%5D%20Liquid%60wayto,0,1055867,1056,0.000399979849500006,Pro,jungle radiant
1831533,68,39,radiant,%5BHyperX%5D%20Liquid%60wayto,0,1057000,1057,0.000400358618296881,Pro,jungle radiant
1832466,69,37,radiant,%5BHyperX%5D%20Liquid%60wayto,0,1057933,1058,0.000400737387093756,Pro,jungle radiant
1833533,70,34,radiant,%5BHyperX%5D%20Liquid%60wayto,0,1059000,1059,0.000401116155890631,Pro,jungle radiant
1834333,71,32,radiant,%5BHyperX%5D%20Liquid%60wayto,0,1059800,1060,0.000401494924687506,Pro,jungle radiant
1835466,72,29,radiant,%5BHyperX%5D%20Liquid%60wayto,0,1060933,1061,0.000401873693484381,Pro,jungle radiant
1836466,74,28,radiant,%5BHyperX%5D%20Liquid%60wayto,0,1061933,1062,0.000402252462281256,Pro,jungle radiant
1837466,77,27,radiant,%5BHyperX%5D%20Liquid%60wayto,0,1062933,1063,0.000402631231078131,Pro,jungle radiant
1838533,80,27,radiant,%5BHyperX%5D%20Liquid%60wayto,0,1064000,1064,0.000403009999875006,Pro,jungle radiant
1839266,82,27,radiant,%5BHyperX%5D%20Liquid%60wayto,0,1064733,1065,0.000403388768671881,Pro,jungle radiant
1840266,85,27,radiant,%5BHyperX%5D%20Liquid%60wayto,0,1065733,1066,0.000403767537468756,Pro,jungle radiant
1841466,84,27,radiant,%5BHyperX%5D%20Liquid%60wayto,0,1066933,1067,0.000404146306265631,Pro,jungle radiant
1842400,82,26,radiant,%5BHyperX%5D%20Liquid%60wayto,0,1067867,1068,0.000404525075062506,Pro,jungle radiant
1843266,80,24,radiant,%5BHyperX%5D%20Liquid%60wayto,0,1068733,1069,0.000404903843859381,Pro,jungle radiant
1844466,80,22,radiant,%5BHyperX%5D%20Liquid%60wayto,0,1069933,1070,0.000405282612656256,Pro,jungle radiant
1844800,80,23,radiant,%5BHyperX%5D%20Liquid%60wayto,0,1070267,1071,0.000405661381453131,Pro,jungle radiant
1846333,80,21,radiant,%5BHyperX%5D%20Liquid%60wayto,0,1071800,1072,0.000406040150250006,Pro,jungle radiant
1847400,83,20,radiant,%5BHyperX%5D%20Liquid%60wayto,0,1072867,1073,0.000406418919046881,Pro,jungle radiant
1848533,85,19,radiant,%5BHyperX%5D%20Liquid%60wayto,0,1074000,1074,0.000406797687843756,Pro,jungle radiant
1849533,82,19,radiant,%5BHyperX%5D%20Liquid%60wayto,0,1075000,1075,0.000407176456640631,Pro,void radiant
1850266,80,19,radiant,%5BHyperX%5D%20Liquid%60wayto,0,1075733,1076,0.000407555225437506,Pro,void radiant
1851400,77,18,radiant,%5BHyperX%5D%20Liquid%60wayto,0,1076867,1077,0.000407933994234381,Pro,void radiant
1852466,75,20,radiant,%5BHyperX%5D%20Liquid%60wayto,0,1077933,1078,0.000408312763031256,Pro,jungle radiant
1853533,72,21,radiant,%5BHyperX%5D%20Liquid%60wayto,0,1079000,1079,0.000408691531828131,Pro,jungle radiant
1854466,71,22,radiant,%5BHyperX%5D%20Liquid%60wayto,0,1079933,1080,0.000409070300625006,Pro,jungle radiant
1855466,72,23,radiant,%5BHyperX%5D%20Liquid%60wayto,0,1080933,1081,0.000409449069421881,Pro,jungle radiant
1856400,75,24,radiant,%5BHyperX%5D%20Liquid%60wayto,0,1081867,1082,0.000409827838218756,Pro,jungle radiant
1857533,78,25,radiant,%5BHyperX%5D%20Liquid%60wayto,0,1083000,1083,0.000410206607015631,Pro,jungle radiant
1858266,79,23,radiant,%5BHyperX%5D%20Liquid%60wayto,0,1083733,1084,0.000410585375812506,Pro,jungle radiant
1859533,79,20,radiant,%5BHyperX%5D%20Liquid%60wayto,0,1085000,1085,0.000410964144609381,Pro,void radiant
1860466,77,18,radiant,%5BHyperX%5D%20Liquid%60wayto,0,1085933,1086,0.000411342913406256,Pro,void radiant
1861200,75,17,radiant,%5BHyperX%5D%20Liquid%60wayto,0,1086667,1087,0.000411721682203131,Pro,void radiant
1862333,72,16,radiant,%5BHyperX%5D%20Liquid%60wayto,0,1087800,1088,0.000412100451000006,Pro,bottomlane radiant
1863466,69,16,radiant,%5BHyperX%5D%20Liquid%60wayto,0,1088933,1089,0.000412479219796881,Pro,bottomlane radiant
1864200,67,15,radiant,%5BHyperX%5D%20Liquid%60wayto,0,1089667,1090,0.000412857988593756,Pro,bottomlane radiant
1865333,64,14,radiant,%5BHyperX%5D%20Liquid%60wayto,0,1090800,1091,0.000413236757390631,Pro,bottomlane radiant
1866466,61,14,radiant,%5BHyperX%5D%20Liquid%60wayto,0,1091933,1092,0.000413615526187506,Pro,void radiant
1867200,59,14,radiant,%5BHyperX%5D%20Liquid%60wayto,0,1092667,1093,0.000413994294984381,Pro,jungle radiant
1868533,57,12,radiant,%5BHyperX%5D%20Liquid%60wayto,0,1094000,1094,0.000414373063781256,Pro,bottomlane radiant
1869266,55,12,radiant,%5BHyperX%5D%20Liquid%60wayto,0,1094733,1095,0.000414751832578131,Pro,bottomlane radiant
1870333,52,12,radiant,%5BHyperX%5D%20Liquid%60wayto,0,1095800,1096,0.000415130601375006,Pro,bottomlane radiant
1871266,50,13,radiant,%5BHyperX%5D%20Liquid%60wayto,0,1096733,1097,0.000415509370171881,Pro,bottomlane radiant
1872333,48,15,radiant,%5BHyperX%5D%20Liquid%60wayto,0,1097800,1098,0.000415888138968756,Pro,void radiant
1873333,46,17,radiant,%5BHyperX%5D%20Liquid%60wayto,0,1098800,1099,0.000416266907765631,Pro,jungle radiant
1874533,44,19,radiant,%5BHyperX%5D%20Liquid%60wayto,0,1100000,1100,0.000416645676562507,Pro,jungle radiant
1875466,43,22,radiant,%5BHyperX%5D%20Liquid%60wayto,0,1100933,1101,0.000417024445359382,Pro,jungle radiant
1876333,42,24,radiant,%5BHyperX%5D%20Liquid%60wayto,0,1101800,1102,0.000417403214156257,Pro,jungle radiant
1877400,41,27,radiant,%5BHyperX%5D%20Liquid%60wayto,0,1102867,1103,0.000417781982953132,Pro,void radiant
1878533,41,30,radiant,%5BHyperX%5D%20Liquid%60wayto,0,1104000,1104,0.000418160751750007,Pro,midlane radiant
1879266,41,32,radiant,%5BHyperX%5D%20Liquid%60wayto,0,1104733,1105,0.000418539520546882,Pro,midlane radiant
1880533,41,32,radiant,%5BHyperX%5D%20Liquid%60wayto,0,1106000,1106,0.000418918289343757,Pro,midlane radiant
1881266,41,34,radiant,%5BHyperX%5D%20Liquid%60wayto,0,1106733,1107,0.000419297058140632,Pro,midlane radiant
1882400,41,37,radiant,%5BHyperX%5D%20Liquid%60wayto,0,1107867,1108,0.000419675826937507,Pro,midlane radiant
1883533,40,40,radiant,%5BHyperX%5D%20Liquid%60wayto,0,1109000,1109,0.000420054595734382,Pro,midlane radiant
1884266,39,42,radiant,%5BHyperX%5D%20Liquid%60wayto,0,1109733,1110,0.000420433364531257,Pro,midlane radiant
1885400,39,45,radiant,%5BHyperX%5D%20Liquid%60wayto,0,1110867,1111,0.000420812133328132,Pro,midlane radiant
1886466,37,46,radiant,%5BHyperX%5D%20Liquid%60wayto,0,1111933,1112,0.000421190902125007,Pro,jungle radiant
1887333,35,45,radiant,%5BHyperX%5D%20Liquid%60wayto,0,1112800,1113,0.000421569670921882,Pro,jungle radiant
1888333,32,45,radiant,%5BHyperX%5D%20Liquid%60wayto,0,1113800,1114,0.000421948439718757,Pro,jungle radiant
1889466,29,46,radiant,%5BHyperX%5D%20Liquid%60wayto,0,1114933,1115,0.000422327208515632,Pro,jungle radiant
1890200,27,46,radiant,%5BHyperX%5D%20Liquid%60wayto,0,1115667,1116,0.000422705977312507,Pro,jungle radiant
1891333,24,47,radiant,%5BHyperX%5D%20Liquid%60wayto,0,1116800,1117,0.000423084746109382,Pro,jungle radiant
1892400,22,49,radiant,%5BHyperX%5D%20Liquid%60wayto,0,1117867,1118,0.000423463514906257,Pro,jungle radiant
1893066,20,50,radiant,%5BHyperX%5D%20Liquid%60wayto,0,1118533,1119,0.000423842283703132,Pro,jungle radiant
1894533,18,53,radiant,%5BHyperX%5D%20Liquid%60wayto,0,1120000,1120,0.000424221052500007,Pro,toplane radiant
1895266,18,55,radiant,%5BHyperX%5D%20Liquid%60wayto,0,1120733,1121,0.000424599821296882,Pro,toplane radiant
1896400,17,58,radiant,%5BHyperX%5D%20Liquid%60wayto,0,1121867,1122,0.000424978590093757,Pro,toplane radiant
1897466,17,61,radiant,%5BHyperX%5D%20Liquid%60wayto,0,1122933,1123,0.000425357358890632,Pro,toplane radiant
1898200,17,63,radiant,%5BHyperX%5D%20Liquid%60wayto,0,1123667,1124,0.000425736127687507,Pro,toplane radiant
1899333,17,66,radiant,%5BHyperX%5D%20Liquid%60wayto,0,1124800,1125,0.000426114896484382,Pro,toplane radiant
1900400,16,69,radiant,%5BHyperX%5D%20Liquid%60wayto,0,1125867,1126,0.000426493665281257,Pro,toplane radiant
1901533,16,72,radiant,%5BHyperX%5D%20Liquid%60wayto,0,1127000,1127,0.000426872434078132,Pro,toplane radiant
1902266,16,74,radiant,%5BHyperX%5D%20Liquid%60wayto,0,1127733,1128,0.000427251202875007,Pro,toplane radiant
1903333,16,77,radiant,%5BHyperX%5D%20Liquid%60wayto,0,1128800,1129,0.000427629971671882,Pro,toplane radiant
1904466,16,80,radiant,%5BHyperX%5D%20Liquid%60wayto,0,1129933,1130,0.000428008740468757,Pro,toplane dire
1905200,16,82,radiant,%5BHyperX%5D%20Liquid%60wayto,0,1130667,1131,0.000428387509265632,Pro,toplane dire
1906333,16,85,radiant,%5BHyperX%5D%20Liquid%60wayto,0,1131800,1132,0.000428766278062507,Pro,toplane dire
1906666,16,86,radiant,%5BHyperX%5D%20Liquid%60wayto,0,1132133,1133,0.000429145046859382,Pro,toplane dire
1908266,16,87,radiant,%5BHyperX%5D%20Liquid%60wayto,0,1133733,1134,0.000429523815656257,Pro,toplane dire
1909400,19,88,radiant,%5BHyperX%5D%20Liquid%60wayto,0,1134867,1135,0.000429902584453132,Pro,toplane dire
1910466,21,89,radiant,%5BHyperX%5D%20Liquid%60wayto,0,1135933,1136,0.000430281353250007,Pro,jungle dire
1911400,24,90,radiant,%5BHyperX%5D%20Liquid%60wayto,0,1136867,1137,0.000430660122046882,Pro,jungle dire
1912266,26,91,radiant,%5BHyperX%5D%20Liquid%60wayto,0,1137733,1138,0.000431038890843757,Pro,jungle dire
1913200,28,93,radiant,%5BHyperX%5D%20Liquid%60wayto,0,1138667,1139,0.000431417659640632,Pro,jungle dire
1914333,30,95,radiant,%5BHyperX%5D%20Liquid%60wayto,0,1139800,1140,0.000431796428437507,Pro,jungle dire
1915333,32,97,radiant,%5BHyperX%5D%20Liquid%60wayto,0,1140800,1141,0.000432175197234382,Pro,jungle dire
1916200,33,99,radiant,%5BHyperX%5D%20Liquid%60wayto,0,1141667,1142,0.000432553966031257,Pro,jungle dire
1917200,35,101,radiant,%5BHyperX%5D%20Liquid%60wayto,0,1142667,1143,0.000432932734828132,Pro,jungle dire
1918533,33,99,radiant,%5BHyperX%5D%20Liquid%60wayto,0,1144000,1144,0.000433311503625007,Pro,jungle dire
1919200,32,98,radiant,%5BHyperX%5D%20Liquid%60wayto,0,1144667,1145,0.000433690272421882,Pro,jungle dire
1920400,31,95,radiant,%5BHyperX%5D%20Liquid%60wayto,0,1145867,1146,0.000434069041218757,Pro,jungle dire
1921466,29,93,radiant,%5BHyperX%5D%20Liquid%60wayto,0,1146933,1147,0.000434447810015632,Pro,jungle dire
1922533,26,92,radiant,%5BHyperX%5D%20Liquid%60wayto,0,1148000,1148,0.000434826578812507,Pro,jungle dire
1923333,24,91,radiant,%5BHyperX%5D%20Liquid%60wayto,0,1148800,1149,0.000435205347609382,Pro,jungle dire
1924533,21,90,radiant,%5BHyperX%5D%20Liquid%60wayto,0,1150000,1150,0.000435584116406257,Pro,jungle dire
1925533,21,90,radiant,%5BHyperX%5D%20Liquid%60wayto,0,1151000,1151,0.000435962885203132,Pro,jungle dire
1925800,20,90,radiant,%5BHyperX%5D%20Liquid%60wayto,0,1151267,1152,0.000436341654000007,Pro,toplane dire
1925800,20,90,radiant,%5BHyperX%5D%20Liquid%60wayto,0,1151267,1153,0.000436720422796882,Pro,toplane dire
1925800,20,90,radiant,%5BHyperX%5D%20Liquid%60wayto,0,1151267,1154,0.000437099191593757,Pro,toplane dire
1925800,20,90,radiant,%5BHyperX%5D%20Liquid%60wayto,0,1151267,1155,0.000437477960390632,Pro,toplane dire
1930400,19,91,radiant,%5BHyperX%5D%20Liquid%60wayto,0,1155867,1156,0.000437856729187507,Pro,toplane dire
1931533,17,93,radiant,%5BHyperX%5D%20Liquid%60wayto,0,1157000,1157,0.000438235497984382,Pro,toplane dire
1932533,14,92,radiant,%5BHyperX%5D%20Liquid%60wayto,0,1158000,1158,0.000438614266781257,Pro,toplane dire
1933333,13,94,radiant,%5BHyperX%5D%20Liquid%60wayto,0,1158800,1159,0.000438993035578132,Pro,toplane dire
1933800,14,95,radiant,%5BHyperX%5D%20Liquid%60wayto,0,1159267,1160,0.000439371804375007,Pro,toplane dire
1933800,14,95,radiant,%5BHyperX%5D%20Liquid%60wayto,0,1159267,1161,0.000439750573171882,Pro,toplane dire
1933800,14,95,radiant,%5BHyperX%5D%20Liquid%60wayto,0,1159267,1162,0.000440129341968757,Pro,toplane dire
1937466,13,96,radiant,%5BHyperX%5D%20Liquid%60wayto,0,1162933,1163,0.000440508110765632,Pro,toplane dire
1937866,14,97,radiant,%5BHyperX%5D%20Liquid%60wayto,0,1163333,1164,0.000440886879562507,Pro,toplane dire
1938800,14,98,radiant,%5BHyperX%5D%20Liquid%60wayto,0,1164267,1165,0.000441265648359382,Pro,toplane dire
1938800,14,98,radiant,%5BHyperX%5D%20Liquid%60wayto,0,1164267,1166,0.000441644417156257,Pro,toplane dire
1941400,16,100,radiant,%5BHyperX%5D%20Liquid%60wayto,0,1166867,1167,0.000442023185953132,Pro,toplane dire
1942466,18,102,radiant,%5BHyperX%5D%20Liquid%60wayto,0,1167933,1168,0.000442401954750007,Pro,toplane dire
1943533,20,104,radiant,%5BHyperX%5D%20Liquid%60wayto,0,1169000,1169,0.000442780723546882,Pro,toplane dire
1943933,21,105,radiant,%5BHyperX%5D%20Liquid%60wayto,0,1169400,1170,0.000443159492343757,Pro,toplane dire
1944866,21,106,radiant,%5BHyperX%5D%20Liquid%60wayto,0,1170333,1171,0.000443538261140632,Pro,toplane dire
1946333,23,107,radiant,%5BHyperX%5D%20Liquid%60wayto,0,1171800,1172,0.000443917029937507,Pro,toplane dire
1946333,23,107,radiant,%5BHyperX%5D%20Liquid%60wayto,0,1171800,1173,0.000444295798734382,Pro,toplane dire
1947800,24,108,radiant,%5BHyperX%5D%20Liquid%60wayto,0,1173267,1174,0.000444674567531257,Pro,toplane dire
1949466,21,107,radiant,%5BHyperX%5D%20Liquid%60wayto,0,1174933,1175,0.000445053336328132,Pro,toplane dire
1949600,21,106,radiant,%5BHyperX%5D%20Liquid%60wayto,0,1175067,1176,0.000445432105125007,Pro,toplane dire
1951533,20,103,radiant,%5BHyperX%5D%20Liquid%60wayto,0,1177000,1177,0.000445810873921882,Pro,toplane dire
1952000,21,104,radiant,%5BHyperX%5D%20Liquid%60wayto,0,1177467,1178,0.000446189642718757,Pro,toplane dire
1953400,19,102,radiant,%5BHyperX%5D%20Liquid%60wayto,0,1178867,1179,0.000446568411515632,Pro,toplane dire
1954266,17,102,radiant,%5BHyperX%5D%20Liquid%60wayto,0,1179733,1180,0.000446947180312507,Pro,toplane dire
1955400,14,103,radiant,%5BHyperX%5D%20Liquid%60wayto,0,1180867,1181,0.000447325949109382,Pro,toplane dire
1956000,13,104,radiant,%5BHyperX%5D%20Liquid%60wayto,0,1181467,1182,0.000447704717906257,Pro,toplane dire
1957133,13,103,radiant,%5BHyperX%5D%20Liquid%60wayto,0,1182600,1183,0.000448083486703132,Pro,toplane dire
1957133,13,103,radiant,%5BHyperX%5D%20Liquid%60wayto,0,1182600,1184,0.000448462255500007,Pro,toplane dire
1957133,13,103,radiant,%5BHyperX%5D%20Liquid%60wayto,0,1182600,1185,0.000448841024296882,Pro,toplane dire
1957133,13,103,radiant,%5BHyperX%5D%20Liquid%60wayto,0,1182600,1186,0.000449219793093757,Pro,toplane dire
1957133,13,103,radiant,%5BHyperX%5D%20Liquid%60wayto,0,1182600,1187,0.000449598561890632,Pro,toplane dire
1957133,13,103,radiant,%5BHyperX%5D%20Liquid%60wayto,0,1182600,1188,0.000449977330687507,Pro,toplane dire
1957133,13,103,radiant,%5BHyperX%5D%20Liquid%60wayto,0,1182600,1189,0.000450356099484382,Pro,toplane dire
1957133,13,103,radiant,%5BHyperX%5D%20Liquid%60wayto,0,1182600,1190,0.000450734868281257,Pro,toplane dire
1957133,13,103,radiant,%5BHyperX%5D%20Liquid%60wayto,0,1182600,1191,0.000451113637078132,Pro,toplane dire
1957133,13,103,radiant,%5BHyperX%5D%20Liquid%60wayto,0,1182600,1192,0.000451492405875007,Pro,toplane dire
1957133,13,103,radiant,%5BHyperX%5D%20Liquid%60wayto,0,1182600,1193,0.000451871174671882,Pro,toplane dire
1957133,13,103,radiant,%5BHyperX%5D%20Liquid%60wayto,0,1182600,1194,0.000452249943468757,Pro,toplane dire
1957133,13,103,radiant,%5BHyperX%5D%20Liquid%60wayto,0,1182600,1195,0.000452628712265632,Pro,toplane dire
1957133,13,103,radiant,%5BHyperX%5D%20Liquid%60wayto,0,1182600,1196,0.000453007481062507,Pro,toplane dire
1957133,13,103,radiant,%5BHyperX%5D%20Liquid%60wayto,0,1182600,1197,0.000453386249859382,Pro,toplane dire
1957133,13,103,radiant,%5BHyperX%5D%20Liquid%60wayto,0,1182600,1198,0.000453765018656257,Pro,toplane dire
1957133,13,103,radiant,%5BHyperX%5D%20Liquid%60wayto,0,1182600,1199,0.000454143787453132,Pro,toplane dire
1957133,13,103,radiant,%5BHyperX%5D%20Liquid%60wayto,0,1182600,1200,0.000454522556250007,Pro,toplane dire
1957133,13,103,radiant,%5BHyperX%5D%20Liquid%60wayto,0,1182600,1201,0.000454901325046882,Pro,toplane dire
1957133,13,103,radiant,%5BHyperX%5D%20Liquid%60wayto,0,1182600,1202,0.000455280093843757,Pro,toplane dire
1957133,13,103,radiant,%5BHyperX%5D%20Liquid%60wayto,0,1182600,1203,0.000455658862640632,Pro,toplane dire
1957133,13,103,radiant,%5BHyperX%5D%20Liquid%60wayto,0,1182600,1204,0.000456037631437507,Pro,toplane dire
1957133,13,103,radiant,%5BHyperX%5D%20Liquid%60wayto,0,1182600,1205,0.000456416400234382,Pro,toplane dire
1980133,13,103,radiant,%5BHyperX%5D%20Liquid%60wayto,0,1205600,1206,0.000456795169031257,Pro,toplane dire
1980133,13,103,radiant,%5BHyperX%5D%20Liquid%60wayto,0,1205600,1207,0.000457173937828132,Pro,toplane dire
1980133,13,103,radiant,%5BHyperX%5D%20Liquid%60wayto,0,1205600,1208,0.000457552706625007,Pro,toplane dire
1980133,13,103,radiant,%5BHyperX%5D%20Liquid%60wayto,0,1205600,1209,0.000457931475421882,Pro,toplane dire
1980133,13,103,radiant,%5BHyperX%5D%20Liquid%60wayto,0,1205600,1210,0.000458310244218757,Pro,toplane dire
1980133,13,103,radiant,%5BHyperX%5D%20Liquid%60wayto,0,1205600,1211,0.000458689013015632,Pro,toplane dire
1980133,13,103,radiant,%5BHyperX%5D%20Liquid%60wayto,0,1205600,1212,0.000459067781812507,Pro,toplane dire
1980133,13,103,radiant,%5BHyperX%5D%20Liquid%60wayto,0,1205600,1213,0.000459446550609382,Pro,toplane dire
1980133,13,103,radiant,%5BHyperX%5D%20Liquid%60wayto,0,1205600,1214,0.000459825319406257,Pro,toplane dire
1988933,9,6,radiant,%5BHyperX%5D%20Liquid%60wayto,0,1214400,1215,0.000460204088203132,Pro,base1 radiant
1990333,10,8,radiant,%5BHyperX%5D%20Liquid%60wayto,0,1215800,1216,0.000460582857000007,Pro,base1 radiant
1991200,11,10,radiant,%5BHyperX%5D%20Liquid%60wayto,0,1216667,1217,0.000460961625796882,Pro,base1 radiant
1992533,13,13,radiant,%5BHyperX%5D%20Liquid%60wayto,0,1218000,1218,0.000461340394593757,Pro,base1 radiant
1993533,14,16,radiant,%5BHyperX%5D%20Liquid%60wayto,0,1219000,1219,0.000461719163390632,Pro,base1 radiant
1994333,14,16,radiant,%5BHyperX%5D%20Liquid%60wayto,0,1219800,1220,0.000462097932187507,Pro,base1 radiant
1995266,12,14,radiant,%5BHyperX%5D%20Liquid%60wayto,0,1220733,1221,0.000462476700984382,Pro,base1 radiant
1996466,11,13,radiant,%5BHyperX%5D%20Liquid%60wayto,0,1221933,1222,0.000462855469781257,Pro,base1 radiant
1996933,12,14,radiant,%5BHyperX%5D%20Liquid%60wayto,0,1222400,1223,0.000463234238578132,Pro,base1 radiant
1997866,11,13,radiant,%5BHyperX%5D%20Liquid%60wayto,0,1223333,1224,0.000463613007375007,Pro,base1 radiant
1999333,11,14,radiant,%5BHyperX%5D%20Liquid%60wayto,0,1224800,1225,0.000463991776171882,Pro,base1 radiant
2000400,11,17,radiant,%5BHyperX%5D%20Liquid%60wayto,0,1225867,1226,0.000464370544968757,Pro,base1 radiant
2001466,11,20,radiant,%5BHyperX%5D%20Liquid%60wayto,0,1226933,1227,0.000464749313765632,Pro,base1 radiant
2002200,12,22,radiant,%5BHyperX%5D%20Liquid%60wayto,0,1227667,1228,0.000465128082562507,Pro,base1 radiant
2003333,12,25,radiant,%5BHyperX%5D%20Liquid%60wayto,0,1228800,1229,0.000465506851359382,Pro,base1 radiant
2004400,12,28,radiant,%5BHyperX%5D%20Liquid%60wayto,0,1229867,1230,0.000465885620156257,Pro,base1 radiant
2005533,12,31,radiant,%5BHyperX%5D%20Liquid%60wayto,0,1231000,1231,0.000466264388953132,Pro,base1 radiant
2006400,14,32,radiant,%5BHyperX%5D%20Liquid%60wayto,0,1231867,1232,0.000466643157750007,Pro,base1 radiant
2007533,15,32,radiant,%5BHyperX%5D%20Liquid%60wayto,0,1233000,1233,0.000467021926546882,Pro,base1 radiant
2008533,15,33,radiant,%5BHyperX%5D%20Liquid%60wayto,0,1234000,1234,0.000467400695343757,Pro,base1 radiant
2008533,15,33,radiant,%5BHyperX%5D%20Liquid%60wayto,0,1234000,1235,0.000467779464140632,Pro,base1 radiant
2008533,15,33,radiant,%5BHyperX%5D%20Liquid%60wayto,0,1234000,1236,0.000468158232937507,Pro,base1 radiant
2008533,15,33,radiant,%5BHyperX%5D%20Liquid%60wayto,0,1234000,1237,0.000468537001734382,Pro,base1 radiant
2012466,15,34,radiant,%5BHyperX%5D%20Liquid%60wayto,0,1237933,1238,0.000468915770531257,Pro,base1 radiant
2013266,14,36,radiant,%5BHyperX%5D%20Liquid%60wayto,0,1238733,1239,0.000469294539328132,Pro,base1 radiant
2013600,14,37,radiant,%5BHyperX%5D%20Liquid%60wayto,0,1239067,1240,0.000469673308125007,Pro,base1 radiant
2013600,14,37,radiant,%5BHyperX%5D%20Liquid%60wayto,0,1239067,1241,0.000470052076921882,Pro,base1 radiant
2016533,14,36,radiant,%5BHyperX%5D%20Liquid%60wayto,0,1242000,1242,0.000470430845718757,Pro,base1 radiant
2017066,13,36,radiant,%5BHyperX%5D%20Liquid%60wayto,0,1242533,1243,0.000470809614515632,Pro,base1 radiant
2018400,13,37,radiant,%5BHyperX%5D%20Liquid%60wayto,0,1243867,1244,0.000471188383312507,Pro,base1 radiant
2018400,13,37,radiant,%5BHyperX%5D%20Liquid%60wayto,0,1243867,1245,0.000471567152109382,Pro,base1 radiant
2018400,13,37,radiant,%5BHyperX%5D%20Liquid%60wayto,0,1243867,1246,0.000471945920906257,Pro,base1 radiant
2021466,13,38,radiant,%5BHyperX%5D%20Liquid%60wayto,0,1246933,1247,0.000472324689703132,Pro,base1 radiant
2022466,11,39,radiant,%5BHyperX%5D%20Liquid%60wayto,0,1247933,1248,0.000472703458500007,Pro,toplane radiant
2023400,10,37,radiant,%5BHyperX%5D%20Liquid%60wayto,0,1248867,1249,0.000473082227296882,Pro,base1 radiant
2024333,10,34,radiant,%5BHyperX%5D%20Liquid%60wayto,0,1249800,1250,0.000473460996093757,Pro,base1 radiant
2025533,11,38,radiant,%5BHyperX%5D%20Liquid%60wayto,0,1251000,1251,0.000473839764890632,Pro,base1 radiant
2026466,11,41,radiant,%5BHyperX%5D%20Liquid%60wayto,0,1251933,1252,0.000474218533687507,Pro,toplane radiant
2027400,11,44,radiant,%5BHyperX%5D%20Liquid%60wayto,0,1252867,1253,0.000474597302484382,Pro,toplane radiant
2028533,10,47,radiant,%5BHyperX%5D%20Liquid%60wayto,0,1254000,1254,0.000474976071281257,Pro,toplane radiant
2029533,12,49,radiant,%5BHyperX%5D%20Liquid%60wayto,0,1255000,1255,0.000475354840078132,Pro,toplane radiant
2029533,12,49,radiant,%5BHyperX%5D%20Liquid%60wayto,0,1255000,1256,0.000475733608875007,Pro,toplane radiant
2029533,12,49,radiant,%5BHyperX%5D%20Liquid%60wayto,0,1255000,1257,0.000476112377671882,Pro,toplane radiant
2032533,12,48,radiant,%5BHyperX%5D%20Liquid%60wayto,0,1258000,1258,0.000476491146468757,Pro,toplane radiant
2033266,12,50,radiant,%5BHyperX%5D%20Liquid%60wayto,0,1258733,1259,0.000476869915265632,Pro,toplane radiant
2034466,12,53,radiant,%5BHyperX%5D%20Liquid%60wayto,0,1259933,1260,0.000477248684062507,Pro,toplane radiant
2035200,12,55,radiant,%5BHyperX%5D%20Liquid%60wayto,0,1260667,1261,0.000477627452859382,Pro,toplane radiant
2035200,12,55,radiant,%5BHyperX%5D%20Liquid%60wayto,0,1260667,1262,0.000478006221656257,Pro,toplane radiant
2037200,11,53,radiant,%5BHyperX%5D%20Liquid%60wayto,0,1262667,1263,0.000478384990453132,Pro,void radiant
2037200,11,53,radiant,%5BHyperX%5D%20Liquid%60wayto,0,1262667,1264,0.000478763759250007,Pro,void radiant
2037200,11,53,radiant,%5BHyperX%5D%20Liquid%60wayto,0,1262667,1265,0.000479142528046882,Pro,void radiant
2040466,11,54,radiant,%5BHyperX%5D%20Liquid%60wayto,0,1265933,1266,0.000479521296843757,Pro,void radiant
2041533,11,53,radiant,%5BHyperX%5D%20Liquid%60wayto,0,1267000,1267,0.000479900065640632,Pro,void radiant
2041533,11,53,radiant,%5BHyperX%5D%20Liquid%60wayto,0,1267000,1268,0.000480278834437507,Pro,void radiant
2043466,10,53,radiant,%5BHyperX%5D%20Liquid%60wayto,0,1268933,1269,0.000480657603234383,Pro,void radiant
2044266,10,51,radiant,%5BHyperX%5D%20Liquid%60wayto,0,1269733,1270,0.000481036372031258,Pro,void radiant
2045400,10,48,radiant,%5BHyperX%5D%20Liquid%60wayto,0,1270867,1271,0.000481415140828133,Pro,void radiant
2046400,8,47,radiant,%5BHyperX%5D%20Liquid%60wayto,0,1271867,1272,0.000481793909625008,Pro,void radiant
2046866,7,46,radiant,%5BHyperX%5D%20Liquid%60wayto,0,1272333,1273,0.000482172678421883,Pro,void radiant
2047600,6,46,radiant,%5BHyperX%5D%20Liquid%60wayto,0,1273067,1274,0.000482551447218758,Pro,void radiant
2047600,6,46,radiant,%5BHyperX%5D%20Liquid%60wayto,0,1273067,1275,0.000482930216015633,Pro,void radiant
2047600,6,46,radiant,%5BHyperX%5D%20Liquid%60wayto,0,1273067,1276,0.000483308984812508,Pro,void radiant
2047600,6,46,radiant,%5BHyperX%5D%20Liquid%60wayto,0,1273067,1277,0.000483687753609383,Pro,void radiant
2052200,7,7,radiant,%5BHyperX%5D%20Liquid%60wayto,0,1277667,1278,0.000484066522406258,Pro,base1 radiant
2053466,8,9,radiant,%5BHyperX%5D%20Liquid%60wayto,0,1278933,1279,0.000484445291203133,Pro,base1 radiant
2054266,10,8,radiant,%5BHyperX%5D%20Liquid%60wayto,0,1279733,1280,0.000484824060000008,Pro,base1 radiant
2055533,12,11,radiant,%5BHyperX%5D%20Liquid%60wayto,0,1281000,1281,0.000485202828796883,Pro,base1 radiant
2055533,12,11,radiant,%5BHyperX%5D%20Liquid%60wayto,0,1281000,1282,0.000485581597593758,Pro,base1 radiant
2057266,13,11,radiant,%5BHyperX%5D%20Liquid%60wayto,0,1282733,1283,0.000485960366390633,Pro,base1 radiant
2058066,12,11,radiant,%5BHyperX%5D%20Liquid%60wayto,0,1283533,1284,0.000486339135187508,Pro,base1 radiant
2058066,12,11,radiant,%5BHyperX%5D%20Liquid%60wayto,0,1283533,1285,0.000486717903984383,Pro,base1 radiant
2058066,12,11,radiant,%5BHyperX%5D%20Liquid%60wayto,0,1283533,1286,0.000487096672781258,Pro,base1 radiant
2058066,12,11,radiant,%5BHyperX%5D%20Liquid%60wayto,0,1283533,1287,0.000487475441578133,Pro,base1 radiant
2062266,12,10,radiant,%5BHyperX%5D%20Liquid%60wayto,0,1287733,1288,0.000487854210375008,Pro,base1 radiant
2063533,14,12,radiant,%5BHyperX%5D%20Liquid%60wayto,0,1289000,1289,0.000488232979171883,Pro,base1 radiant
2064533,17,13,radiant,%5BHyperX%5D%20Liquid%60wayto,0,1290000,1290,0.000488611747968758,Pro,base1 radiant
2065533,19,15,radiant,%5BHyperX%5D%20Liquid%60wayto,0,1291000,1291,0.000488990516765633,Pro,base1 radiant
2066400,20,17,radiant,%5BHyperX%5D%20Liquid%60wayto,0,1291867,1292,0.000489369285562508,Pro,base1 radiant
2067533,23,18,radiant,%5BHyperX%5D%20Liquid%60wayto,0,1293000,1293,0.000489748054359383,Pro,base1 radiant
2068200,24,20,radiant,%5BHyperX%5D%20Liquid%60wayto,0,1293667,1294,0.000490126823156258,Pro,base1 radiant
2069266,22,22,radiant,%5BHyperX%5D%20Liquid%60wayto,0,1294733,1295,0.000490505591953133,Pro,base1 radiant
2070400,20,24,radiant,%5BHyperX%5D%20Liquid%60wayto,0,1295867,1296,0.000490884360750008,Pro,base1 radiant
2071533,19,27,radiant,%5BHyperX%5D%20Liquid%60wayto,0,1297000,1297,0.000491263129546883,Pro,base1 radiant
2072400,17,29,radiant,%5BHyperX%5D%20Liquid%60wayto,0,1297867,1298,0.000491641898343758,Pro,base1 radiant
2073533,17,28,radiant,%5BHyperX%5D%20Liquid%60wayto,0,1299000,1299,0.000492020667140633,Pro,base1 radiant
2074533,20,28,radiant,%5BHyperX%5D%20Liquid%60wayto,0,1300000,1300,0.000492399435937508,Pro,base1 radiant
2075533,22,29,radiant,%5BHyperX%5D%20Liquid%60wayto,0,1301000,1301,0.000492778204734383,Pro,base1 radiant
2076466,25,29,radiant,%5BHyperX%5D%20Liquid%60wayto,0,1301933,1302,0.000493156973531258,Pro,base1 radiant
2077200,27,30,radiant,%5BHyperX%5D%20Liquid%60wayto,0,1302667,1303,0.000493535742328133,Pro,base1 radiant
2078400,30,31,radiant,%5BHyperX%5D%20Liquid%60wayto,0,1303867,1304,0.000493914511125008,Pro,midlane radiant
2079333,32,33,radiant,%5BHyperX%5D%20Liquid%60wayto,0,1304800,1305,0.000494293279921883,Pro,midlane radiant
2080466,34,35,radiant,%5BHyperX%5D%20Liquid%60wayto,0,1305933,1306,0.000494672048718758,Pro,midlane radiant
2081133,36,36,radiant,%5BHyperX%5D%20Liquid%60wayto,0,1306600,1307,0.000495050817515633,Pro,midlane radiant
2082533,39,38,radiant,%5BHyperX%5D%20Liquid%60wayto,0,1308000,1308,0.000495429586312508,Pro,midlane radiant
2083466,41,40,radiant,%5BHyperX%5D%20Liquid%60wayto,0,1308933,1309,0.000495808355109383,Pro,midlane radiant
2084533,43,42,radiant,%5BHyperX%5D%20Liquid%60wayto,0,1310000,1310,0.000496187123906258,Pro,midlane radiant
2085466,45,43,radiant,%5BHyperX%5D%20Liquid%60wayto,0,1310933,1311,0.000496565892703133,Pro,midlane radiant
2086466,47,45,radiant,%5BHyperX%5D%20Liquid%60wayto,0,1311933,1312,0.000496944661500008,Pro,midlane radiant
2087466,49,47,radiant,%5BHyperX%5D%20Liquid%60wayto,0,1312933,1313,0.000497323430296883,Pro,midlane radiant
2088400,51,49,radiant,%5BHyperX%5D%20Liquid%60wayto,0,1313867,1314,0.000497702199093758,Pro,midlane radiant
2089400,52,51,radiant,%5BHyperX%5D%20Liquid%60wayto,0,1314867,1315,0.000498080967890633,Pro,midlane radiant
2090000,53,52,radiant,%5BHyperX%5D%20Liquid%60wayto,0,1315467,1316,0.000498459736687508,Pro,midlane radiant
2091333,53,53,radiant,%5BHyperX%5D%20Liquid%60wayto,0,1316800,1317,0.000498838505484383,Pro,midlane radiant
2091333,53,53,radiant,%5BHyperX%5D%20Liquid%60wayto,0,1316800,1318,0.000499217274281258,Pro,midlane radiant
2092800,52,52,radiant,%5BHyperX%5D%20Liquid%60wayto,0,1318267,1319,0.000499596043078133,Pro,midlane radiant
2094133,52,51,radiant,%5BHyperX%5D%20Liquid%60wayto,0,1319600,1320,0.000499974811875008,Pro,midlane radiant
2095400,53,51,radiant,%5BHyperX%5D%20Liquid%60wayto,0,1320867,1321,0.000500353580671883,Pro,midlane radiant
2095400,53,51,radiant,%5BHyperX%5D%20Liquid%60wayto,0,1320867,1322,0.000500732349468758,Pro,midlane radiant
2097000,53,52,radiant,%5BHyperX%5D%20Liquid%60wayto,0,1322467,1323,0.000501111118265633,Pro,midlane radiant
2098266,53,51,radiant,%5BHyperX%5D%20Liquid%60wayto,0,1323733,1324,0.000501489887062508,Pro,midlane radiant
2098800,54,52,radiant,%5BHyperX%5D%20Liquid%60wayto,0,1324267,1325,0.000501868655859383,Pro,midlane radiant
2100133,54,52,radiant,%5BHyperX%5D%20Liquid%60wayto,0,1325600,1326,0.000502247424656258,Pro,midlane radiant
2100133,54,52,radiant,%5BHyperX%5D%20Liquid%60wayto,0,1325600,1327,0.000502626193453133,Pro,midlane radiant
2102466,54,51,radiant,%5BHyperX%5D%20Liquid%60wayto,0,1327933,1328,0.000503004962250008,Pro,midlane radiant
2103200,52,50,radiant,%5BHyperX%5D%20Liquid%60wayto,0,1328667,1329,0.000503383731046883,Pro,midlane radiant
2104066,52,49,radiant,%5BHyperX%5D%20Liquid%60wayto,0,1329533,1330,0.000503762499843758,Pro,midlane radiant
2105266,51,50,radiant,%5BHyperX%5D%20Liquid%60wayto,0,1330733,1331,0.000504141268640633,Pro,midlane radiant
2106466,50,47,radiant,%5BHyperX%5D%20Liquid%60wayto,0,1331933,1332,0.000504520037437508,Pro,midlane radiant
2107200,51,45,radiant,%5BHyperX%5D%20Liquid%60wayto,0,1332667,1333,0.000504898806234383,Pro,midlane radiant
2108333,51,42,radiant,%5BHyperX%5D%20Liquid%60wayto,0,1333800,1334,0.000505277575031258,Pro,midlane radiant
2109400,51,39,radiant,%5BHyperX%5D%20Liquid%60wayto,0,1334867,1335,0.000505656343828133,Pro,midlane radiant
2110266,50,37,radiant,%5BHyperX%5D%20Liquid%60wayto,0,1335733,1336,0.000506035112625008,Pro,jungle radiant
2111533,48,34,radiant,%5BHyperX%5D%20Liquid%60wayto,0,1337000,1337,0.000506413881421883,Pro,jungle radiant
2112400,47,32,radiant,%5BHyperX%5D%20Liquid%60wayto,0,1337867,1338,0.000506792650218758,Pro,jungle radiant
2113400,48,33,radiant,%5BHyperX%5D%20Liquid%60wayto,0,1338867,1339,0.000507171419015633,Pro,void radiant
2114466,49,36,radiant,%5BHyperX%5D%20Liquid%60wayto,0,1339933,1340,0.000507550187812508,Pro,jungle radiant
2115400,51,38,radiant,%5BHyperX%5D%20Liquid%60wayto,0,1340867,1341,0.000507928956609383,Pro,jungle radiant
2116533,52,40,radiant,%5BHyperX%5D%20Liquid%60wayto,0,1342000,1342,0.000508307725406258,Pro,jungle radiant
2117533,50,42,radiant,%5BHyperX%5D%20Liquid%60wayto,0,1343000,1343,0.000508686494203133,Pro,midlane radiant
2118400,50,44,radiant,%5BHyperX%5D%20Liquid%60wayto,0,1343867,1344,0.000509065263000008,Pro,midlane radiant
2119466,51,47,radiant,%5BHyperX%5D%20Liquid%60wayto,0,1344933,1345,0.000509444031796883,Pro,midlane radiant
2120000,52,48,radiant,%5BHyperX%5D%20Liquid%60wayto,0,1345467,1346,0.000509822800593758,Pro,midlane radiant
2121533,53,50,radiant,%5BHyperX%5D%20Liquid%60wayto,0,1347000,1347,0.000510201569390633,Pro,midlane radiant
2122533,55,52,radiant,%5BHyperX%5D%20Liquid%60wayto,0,1348000,1348,0.000510580338187508,Pro,midlane radiant
2123200,57,53,radiant,%5BHyperX%5D%20Liquid%60wayto,0,1348667,1349,0.000510959106984383,Pro,midlane radiant
2124266,56,54,radiant,%5BHyperX%5D%20Liquid%60wayto,0,1349733,1350,0.000511337875781258,Pro,midlane radiant
2124666,55,54,radiant,%5BHyperX%5D%20Liquid%60wayto,0,1350133,1351,0.000511716644578133,Pro,midlane radiant
2126266,55,56,radiant,%5BHyperX%5D%20Liquid%60wayto,0,1351733,1352,0.000512095413375008,Pro,midlane radiant
2126866,56,57,radiant,%5BHyperX%5D%20Liquid%60wayto,0,1352333,1353,0.000512474182171883,Pro,midlane radiant
2128000,57,56,radiant,%5BHyperX%5D%20Liquid%60wayto,0,1353467,1354,0.000512852950968758,Pro,midlane radiant
2128000,57,56,radiant,%5BHyperX%5D%20Liquid%60wayto,0,1353467,1355,0.000513231719765633,Pro,midlane radiant
2128000,57,56,radiant,%5BHyperX%5D%20Liquid%60wayto,0,1353467,1356,0.000513610488562508,Pro,midlane radiant
2131400,55,57,radiant,%5BHyperX%5D%20Liquid%60wayto,0,1356867,1357,0.000513989257359383,Pro,midlane radiant
2132533,52,56,radiant,%5BHyperX%5D%20Liquid%60wayto,0,1358000,1358,0.000514368026156258,Pro,midlane radiant
2133533,53,54,radiant,%5BHyperX%5D%20Liquid%60wayto,0,1359000,1359,0.000514746794953133,Pro,midlane radiant
2134266,55,55,radiant,%5BHyperX%5D%20Liquid%60wayto,0,1359733,1360,0.000515125563750008,Pro,midlane radiant
2135533,56,52,radiant,%5BHyperX%5D%20Liquid%60wayto,0,1361000,1361,0.000515504332546883,Pro,midlane radiant
2136466,59,51,radiant,%5BHyperX%5D%20Liquid%60wayto,0,1361933,1362,0.000515883101343758,Pro,jungle radiant
2137133,59,49,radiant,%5BHyperX%5D%20Liquid%60wayto,0,1362600,1363,0.000516261870140633,Pro,jungle radiant
2138200,59,47,radiant,%5BHyperX%5D%20Liquid%60wayto,0,1363667,1364,0.000516640638937508,Pro,jungle radiant
2139400,58,48,radiant,%5BHyperX%5D%20Liquid%60wayto,0,1364867,1365,0.000517019407734383,Pro,jungle radiant
2140133,56,48,radiant,%5BHyperX%5D%20Liquid%60wayto,0,1365600,1366,0.000517398176531258,Pro,midlane radiant
2141400,57,48,radiant,%5BHyperX%5D%20Liquid%60wayto,0,1366867,1367,0.000517776945328133,Pro,jungle radiant
2142333,58,50,radiant,%5BHyperX%5D%20Liquid%60wayto,0,1367800,1368,0.000518155714125008,Pro,void radiant
2143533,58,53,radiant,%5BHyperX%5D%20Liquid%60wayto,0,1369000,1369,0.000518534482921883,Pro,midlane radiant
2143533,58,53,radiant,%5BHyperX%5D%20Liquid%60wayto,0,1369000,1370,0.000518913251718758,Pro,midlane radiant
2145533,59,55,radiant,%5BHyperX%5D%20Liquid%60wayto,0,1371000,1371,0.000519292020515633,Pro,midlane radiant
2145533,59,55,radiant,%5BHyperX%5D%20Liquid%60wayto,0,1371000,1372,0.000519670789312508,Pro,midlane radiant
2145533,59,55,radiant,%5BHyperX%5D%20Liquid%60wayto,0,1371000,1373,0.000520049558109383,Pro,midlane radiant
2147733,58,56,radiant,%5BHyperX%5D%20Liquid%60wayto,0,1373200,1374,0.000520428326906258,Pro,midlane radiant
2148933,57,56,radiant,%5BHyperX%5D%20Liquid%60wayto,0,1374400,1375,0.000520807095703133,Pro,midlane radiant
2150466,55,56,radiant,%5BHyperX%5D%20Liquid%60wayto,0,1375933,1376,0.000521185864500008,Pro,midlane radiant
2151200,55,56,radiant,%5BHyperX%5D%20Liquid%60wayto,0,1376667,1377,0.000521564633296883,Pro,midlane radiant
2151200,55,56,radiant,%5BHyperX%5D%20Liquid%60wayto,0,1376667,1378,0.000521943402093758,Pro,midlane radiant
2151200,55,56,radiant,%5BHyperX%5D%20Liquid%60wayto,0,1376667,1379,0.000522322170890633,Pro,midlane radiant
2151200,55,56,radiant,%5BHyperX%5D%20Liquid%60wayto,0,1376667,1380,0.000522700939687508,Pro,midlane radiant
2151200,55,56,radiant,%5BHyperX%5D%20Liquid%60wayto,0,1376667,1381,0.000523079708484383,Pro,midlane radiant
2151200,55,56,radiant,%5BHyperX%5D%20Liquid%60wayto,0,1376667,1382,0.000523458477281258,Pro,midlane radiant
2151200,55,56,radiant,%5BHyperX%5D%20Liquid%60wayto,0,1376667,1383,0.000523837246078133,Pro,midlane radiant
2151200,55,56,radiant,%5BHyperX%5D%20Liquid%60wayto,0,1376667,1384,0.000524216014875008,Pro,midlane radiant
2159533,56,56,radiant,%5BHyperX%5D%20Liquid%60wayto,0,1385000,1385,0.000524594783671883,Pro,midlane radiant
2160466,56,53,radiant,%5BHyperX%5D%20Liquid%60wayto,0,1385933,1386,0.000524973552468758,Pro,midlane radiant
2161466,58,51,radiant,%5BHyperX%5D%20Liquid%60wayto,0,1386933,1387,0.000525352321265633,Pro,midlane radiant
2162400,58,49,radiant,%5BHyperX%5D%20Liquid%60wayto,0,1387867,1388,0.000525731090062508,Pro,void radiant
2162400,58,49,radiant,%5BHyperX%5D%20Liquid%60wayto,0,1387867,1389,0.000526109858859383,Pro,void radiant
2162400,58,49,radiant,%5BHyperX%5D%20Liquid%60wayto,0,1387867,1390,0.000526488627656258,Pro,void radiant
2165533,59,49,radiant,%5BHyperX%5D%20Liquid%60wayto,0,1391000,1391,0.000526867396453133,Pro,jungle radiant
2166266,57,48,radiant,%5BHyperX%5D%20Liquid%60wayto,0,1391733,1392,0.000527246165250008,Pro,jungle radiant
2167266,55,46,radiant,%5BHyperX%5D%20Liquid%60wayto,0,1392733,1393,0.000527624934046883,Pro,midlane radiant
2168266,54,44,radiant,%5BHyperX%5D%20Liquid%60wayto,0,1393733,1394,0.000528003702843758,Pro,midlane radiant
2169533,54,41,radiant,%5BHyperX%5D%20Liquid%60wayto,0,1395000,1395,0.000528382471640633,Pro,jungle radiant
2170266,53,39,radiant,%5BHyperX%5D%20Liquid%60wayto,0,1395733,1396,0.000528761240437508,Pro,jungle radiant
2171333,53,36,radiant,%5BHyperX%5D%20Liquid%60wayto,0,1396800,1397,0.000529140009234383,Pro,jungle radiant
2172466,53,33,radiant,%5BHyperX%5D%20Liquid%60wayto,0,1397933,1398,0.000529518778031258,Pro,jungle radiant
2173200,53,31,radiant,%5BHyperX%5D%20Liquid%60wayto,0,1398667,1399,0.000529897546828133,Pro,jungle radiant
2173600,53,30,radiant,%5BHyperX%5D%20Liquid%60wayto,0,1399067,1400,0.000530276315625008,Pro,jungle radiant
2173600,53,30,radiant,%5BHyperX%5D%20Liquid%60wayto,0,1399067,1401,0.000530655084421883,Pro,jungle radiant
2175933,52,30,radiant,%5BHyperX%5D%20Liquid%60wayto,0,1401400,1402,0.000531033853218758,Pro,jungle radiant
2176933,53,29,radiant,%5BHyperX%5D%20Liquid%60wayto,0,1402400,1403,0.000531412622015633,Pro,jungle radiant
2176933,53,29,radiant,%5BHyperX%5D%20Liquid%60wayto,0,1402400,1404,0.000531791390812508,Pro,jungle radiant
2179200,53,28,radiant,%5BHyperX%5D%20Liquid%60wayto,0,1404667,1405,0.000532170159609383,Pro,jungle radiant
2180400,53,29,radiant,%5BHyperX%5D%20Liquid%60wayto,0,1405867,1406,0.000532548928406258,Pro,jungle radiant
2181400,50,30,radiant,%5BHyperX%5D%20Liquid%60wayto,0,1406867,1407,0.000532927697203133,Pro,jungle radiant
2182200,48,29,radiant,%5BHyperX%5D%20Liquid%60wayto,0,1407667,1408,0.000533306466000008,Pro,jungle radiant
2183533,45,28,radiant,%5BHyperX%5D%20Liquid%60wayto,0,1409000,1409,0.000533685234796883,Pro,jungle radiant
2184466,42,28,radiant,%5BHyperX%5D%20Liquid%60wayto,0,1409933,1410,0.000534064003593758,Pro,jungle radiant
2185533,39,28,radiant,%5BHyperX%5D%20Liquid%60wayto,0,1411000,1411,0.000534442772390633,Pro,midlane radiant
2186266,37,28,radiant,%5BHyperX%5D%20Liquid%60wayto,0,1411733,1412,0.000534821541187508,Pro,midlane radiant
2187400,34,28,radiant,%5BHyperX%5D%20Liquid%60wayto,0,1412867,1413,0.000535200309984383,Pro,midlane radiant
2188533,31,28,radiant,%5BHyperX%5D%20Liquid%60wayto,0,1414000,1414,0.000535579078781258,Pro,base1 radiant
2189333,29,27,radiant,%5BHyperX%5D%20Liquid%60wayto,0,1414800,1415,0.000535957847578133,Pro,base1 radiant
2190533,26,26,radiant,%5BHyperX%5D%20Liquid%60wayto,0,1416000,1416,0.000536336616375008,Pro,base1 radiant
2191533,25,23,radiant,%5BHyperX%5D%20Liquid%60wayto,0,1417000,1417,0.000536715385171883,Pro,base1 radiant
2192333,24,21,radiant,%5BHyperX%5D%20Liquid%60wayto,0,1417800,1418,0.000537094153968758,Pro,base1 radiant
2193533,23,18,radiant,%5BHyperX%5D%20Liquid%60wayto,0,1419000,1419,0.000537472922765633,Pro,base1 radiant
2194200,21,17,radiant,%5BHyperX%5D%20Liquid%60wayto,0,1419667,1420,0.000537851691562508,Pro,base1 radiant
2195200,19,15,radiant,%5BHyperX%5D%20Liquid%60wayto,0,1420667,1421,0.000538230460359383,Pro,base1 radiant
2196466,16,13,radiant,%5BHyperX%5D%20Liquid%60wayto,0,1421933,1422,0.000538609229156258,Pro,base1 radiant
2197400,14,12,radiant,%5BHyperX%5D%20Liquid%60wayto,0,1422867,1423,0.000538987997953133,Pro,base1 radiant
2198333,12,10,radiant,%5BHyperX%5D%20Liquid%60wayto,0,1423800,1424,0.000539366766750008,Pro,base1 radiant
2199466,10,8,radiant,%5BHyperX%5D%20Liquid%60wayto,0,1424933,1425,0.000539745535546883,Pro,base1 radiant
2199466,10,8,radiant,%5BHyperX%5D%20Liquid%60wayto,0,1424933,1426,0.000540124304343758,Pro,base1 radiant
2201466,12,10,radiant,%5BHyperX%5D%20Liquid%60wayto,0,1426933,1427,0.000540503073140633,Pro,base1 radiant
2202066,12,11,radiant,%5BHyperX%5D%20Liquid%60wayto,0,1427533,1428,0.000540881841937508,Pro,base1 radiant
2202066,12,11,radiant,%5BHyperX%5D%20Liquid%60wayto,0,1427533,1429,0.000541260610734383,Pro,base1 radiant
2202066,12,11,radiant,%5BHyperX%5D%20Liquid%60wayto,0,1427533,1430,0.000541639379531258,Pro,base1 radiant
2202066,12,11,radiant,%5BHyperX%5D%20Liquid%60wayto,0,1427533,1431,0.000542018148328133,Pro,base1 radiant
2206533,13,14,radiant,%5BHyperX%5D%20Liquid%60wayto,0,1432000,1432,0.000542396917125008,Pro,base1 radiant
2207466,11,12,radiant,%5BHyperX%5D%20Liquid%60wayto,0,1432933,1433,0.000542775685921884,Pro,base1 radiant
2208200,9,11,radiant,%5BHyperX%5D%20Liquid%60wayto,0,1433667,1434,0.000543154454718759,Pro,base1 radiant
2209333,10,11,radiant,%5BHyperX%5D%20Liquid%60wayto,0,1434800,1435,0.000543533223515634,Pro,base1 radiant
2210333,12,12,radiant,%5BHyperX%5D%20Liquid%60wayto,0,1435800,1436,0.000543911992312509,Pro,base1 radiant
2211533,13,15,radiant,%5BHyperX%5D%20Liquid%60wayto,0,1437000,1437,0.000544290761109384,Pro,base1 radiant
2212533,16,15,radiant,%5BHyperX%5D%20Liquid%60wayto,0,1438000,1438,0.000544669529906259,Pro,base1 radiant
2213466,18,13,radiant,%5BHyperX%5D%20Liquid%60wayto,0,1438933,1439,0.000545048298703134,Pro,base1 radiant
2214533,20,11,radiant,%5BHyperX%5D%20Liquid%60wayto,0,1440000,1440,0.000545427067500009,Pro,base1 radiant
2215266,22,10,radiant,%5BHyperX%5D%20Liquid%60wayto,0,1440733,1441,0.000545805836296884,Pro,base1 radiant
2216333,22,10,radiant,%5BHyperX%5D%20Liquid%60wayto,0,1441800,1442,0.000546184605093759,Pro,base1 radiant
2217466,25,9,radiant,%5BHyperX%5D%20Liquid%60wayto,0,1442933,1443,0.000546563373890634,Pro,base1 radiant
2218400,27,8,radiant,%5BHyperX%5D%20Liquid%60wayto,0,1443867,1444,0.000546942142687509,Pro,base1 radiant
2219400,30,8,radiant,%5BHyperX%5D%20Liquid%60wayto,0,1444867,1445,0.000547320911484384,Pro,base1 radiant
2220400,31,8,radiant,%5BHyperX%5D%20Liquid%60wayto,0,1445867,1446,0.000547699680281259,Pro,base1 radiant
2221533,34,8,radiant,%5BHyperX%5D%20Liquid%60wayto,0,1447000,1447,0.000548078449078134,Pro,void radiant
2222266,36,9,radiant,%5BHyperX%5D%20Liquid%60wayto,0,1447733,1448,0.000548457217875009,Pro,bottomlane radiant
2222666,37,9,radiant,%5BHyperX%5D%20Liquid%60wayto,0,1448133,1449,0.000548835986671884,Pro,bottomlane radiant
2222666,37,9,radiant,%5BHyperX%5D%20Liquid%60wayto,0,1448133,1450,0.000549214755468759,Pro,bottomlane radiant
2222666,37,9,radiant,%5BHyperX%5D%20Liquid%60wayto,0,1448133,1451,0.000549593524265634,Pro,bottomlane radiant
2222666,37,9,radiant,%5BHyperX%5D%20Liquid%60wayto,0,1448133,1452,0.000549972293062509,Pro,bottomlane radiant
2222666,37,9,radiant,%5BHyperX%5D%20Liquid%60wayto,0,1448133,1453,0.000550351061859384,Pro,bottomlane radiant
2228533,40,10,radiant,%5BHyperX%5D%20Liquid%60wayto,0,1454000,1454,0.000550729830656259,Pro,bottomlane radiant
2229266,42,10,radiant,%5BHyperX%5D%20Liquid%60wayto,0,1454733,1455,0.000551108599453134,Pro,bottomlane radiant
2230333,45,10,radiant,%5BHyperX%5D%20Liquid%60wayto,0,1455800,1456,0.000551487368250009,Pro,bottomlane radiant
2230866,46,11,radiant,%5BHyperX%5D%20Liquid%60wayto,0,1456333,1457,0.000551866137046884,Pro,bottomlane radiant
2232266,47,11,radiant,%5BHyperX%5D%20Liquid%60wayto,0,1457733,1458,0.000552244905843759,Pro,bottomlane radiant
2233066,49,10,radiant,%5BHyperX%5D%20Liquid%60wayto,0,1458533,1459,0.000552623674640634,Pro,bottomlane radiant
2233066,49,10,radiant,%5BHyperX%5D%20Liquid%60wayto,0,1458533,1460,0.000553002443437509,Pro,bottomlane radiant
2235266,47,12,radiant,%5BHyperX%5D%20Liquid%60wayto,0,1460733,1461,0.000553381212234384,Pro,bottomlane radiant
2235800,46,13,radiant,%5BHyperX%5D%20Liquid%60wayto,0,1461267,1462,0.000553759981031259,Pro,bottomlane radiant
2237133,45,12,radiant,%5BHyperX%5D%20Liquid%60wayto,0,1462600,1463,0.000554138749828134,Pro,bottomlane radiant
2238266,43,13,radiant,%5BHyperX%5D%20Liquid%60wayto,0,1463733,1464,0.000554517518625009,Pro,bottomlane radiant
2239266,41,14,radiant,%5BHyperX%5D%20Liquid%60wayto,0,1464733,1465,0.000554896287421884,Pro,bottomlane radiant
2240533,40,12,radiant,%5BHyperX%5D%20Liquid%60wayto,0,1466000,1466,0.000555275056218759,Pro,bottomlane radiant
2241266,38,13,radiant,%5BHyperX%5D%20Liquid%60wayto,0,1466733,1467,0.000555653825015634,Pro,bottomlane radiant
2242200,39,15,radiant,%5BHyperX%5D%20Liquid%60wayto,0,1467667,1468,0.000556032593812509,Pro,bottomlane radiant
2243066,39,17,radiant,%5BHyperX%5D%20Liquid%60wayto,0,1468533,1469,0.000556411362609384,Pro,jungle radiant
2244533,39,18,radiant,%5BHyperX%5D%20Liquid%60wayto,0,1470000,1470,0.000556790131406259,Pro,jungle radiant
2245266,40,20,radiant,%5BHyperX%5D%20Liquid%60wayto,0,1470733,1471,0.000557168900203134,Pro,jungle radiant
2246400,41,23,radiant,%5BHyperX%5D%20Liquid%60wayto,0,1471867,1472,0.000557547669000009,Pro,jungle radiant
2247333,41,26,radiant,%5BHyperX%5D%20Liquid%60wayto,0,1472800,1473,0.000557926437796884,Pro,jungle radiant
2248266,42,28,radiant,%5BHyperX%5D%20Liquid%60wayto,0,1473733,1474,0.000558305206593759,Pro,jungle radiant
2249266,45,29,radiant,%5BHyperX%5D%20Liquid%60wayto,0,1474733,1475,0.000558683975390634,Pro,jungle radiant
2250200,46,31,radiant,%5BHyperX%5D%20Liquid%60wayto,0,1475667,1476,0.000559062744187509,Pro,jungle radiant
2251466,48,32,radiant,%5BHyperX%5D%20Liquid%60wayto,0,1476933,1477,0.000559441512984384,Pro,jungle radiant
2252400,51,32,radiant,%5BHyperX%5D%20Liquid%60wayto,0,1477867,1478,0.000559820281781259,Pro,jungle radiant
2253266,53,34,radiant,%5BHyperX%5D%20Liquid%60wayto,0,1478733,1479,0.000560199050578134,Pro,jungle radiant
2254466,55,37,radiant,%5BHyperX%5D%20Liquid%60wayto,0,1479933,1480,0.000560577819375009,Pro,jungle radiant
2255466,55,40,radiant,%5BHyperX%5D%20Liquid%60wayto,0,1480933,1481,0.000560956588171884,Pro,jungle radiant
2256266,56,42,radiant,%5BHyperX%5D%20Liquid%60wayto,0,1481733,1482,0.000561335356968759,Pro,jungle radiant
2257533,57,42,radiant,%5BHyperX%5D%20Liquid%60wayto,0,1483000,1483,0.000561714125765634,Pro,jungle radiant
2258533,59,41,radiant,%5BHyperX%5D%20Liquid%60wayto,0,1484000,1484,0.000562092894562509,Pro,jungle radiant
2259266,60,40,radiant,%5BHyperX%5D%20Liquid%60wayto,0,1484733,1485,0.000562471663359384,Pro,jungle radiant
2260400,60,39,radiant,%5BHyperX%5D%20Liquid%60wayto,0,1485867,1486,0.000562850432156259,Pro,jungle radiant
2261133,60,39,radiant,%5BHyperX%5D%20Liquid%60wayto,0,1486600,1487,0.000563229200953134,Pro,jungle radiant
2262400,59,38,radiant,%5BHyperX%5D%20Liquid%60wayto,0,1487867,1488,0.000563607969750009,Pro,jungle radiant
2263466,58,38,radiant,%5BHyperX%5D%20Liquid%60wayto,0,1488933,1489,0.000563986738546884,Pro,jungle radiant
2264533,57,38,radiant,%5BHyperX%5D%20Liquid%60wayto,0,1490000,1490,0.000564365507343759,Pro,jungle radiant
2265466,57,37,radiant,%5BHyperX%5D%20Liquid%60wayto,0,1490933,1491,0.000564744276140634,Pro,jungle radiant
2266533,59,40,radiant,%5BHyperX%5D%20Liquid%60wayto,0,1492000,1492,0.000565123044937509,Pro,jungle radiant
2267466,57,42,radiant,%5BHyperX%5D%20Liquid%60wayto,0,1492933,1493,0.000565501813734384,Pro,jungle radiant
2268333,54,41,radiant,%5BHyperX%5D%20Liquid%60wayto,0,1493800,1494,0.000565880582531259,Pro,jungle radiant
2269000,54,39,radiant,%5BHyperX%5D%20Liquid%60wayto,0,1494467,1495,0.000566259351328134,Pro,jungle radiant
2270333,52,37,radiant,%5BHyperX%5D%20Liquid%60wayto,0,1495800,1496,0.000566638120125009,Pro,jungle radiant
2271466,55,37,radiant,%5BHyperX%5D%20Liquid%60wayto,0,1496933,1497,0.000567016888921884,Pro,jungle radiant
2272200,57,38,radiant,%5BHyperX%5D%20Liquid%60wayto,0,1497667,1498,0.000567395657718759,Pro,jungle radiant
2272866,56,38,radiant,%5BHyperX%5D%20Liquid%60wayto,0,1498333,1499,0.000567774426515634,Pro,void radiant
2273733,55,37,radiant,%5BHyperX%5D%20Liquid%60wayto,0,1499200,1500,0.000568153195312509,Pro,jungle radiant
2273733,55,37,radiant,%5BHyperX%5D%20Liquid%60wayto,0,1499200,1501,0.000568531964109384,Pro,jungle radiant
2273733,55,37,radiant,%5BHyperX%5D%20Liquid%60wayto,0,1499200,1502,0.000568910732906259,Pro,jungle radiant
2273733,55,37,radiant,%5BHyperX%5D%20Liquid%60wayto,0,1499200,1503,0.000569289501703134,Pro,jungle radiant
2278533,7,7,radiant,%5BHyperX%5D%20Liquid%60wayto,0,1504000,1504,0.000569668270500009,Pro,base1 radiant
2279533,9,8,radiant,%5BHyperX%5D%20Liquid%60wayto,0,1505000,1505,0.000570047039296884,Pro,base1 radiant
2280333,11,6,radiant,%5BHyperX%5D%20Liquid%60wayto,0,1505800,1506,0.000570425808093759,Pro,base1 radiant
2281000,13,5,radiant,%5BHyperX%5D%20Liquid%60wayto,0,1506467,1507,0.000570804576890634,Pro,void radiant
2281000,13,5,radiant,%5BHyperX%5D%20Liquid%60wayto,0,1506467,1508,0.000571183345687509,Pro,void radiant
2281000,13,5,radiant,%5BHyperX%5D%20Liquid%60wayto,0,1506467,1509,0.000571562114484384,Pro,void radiant
2281000,13,5,radiant,%5BHyperX%5D%20Liquid%60wayto,0,1506467,1510,0.000571940883281259,Pro,void radiant
2281000,13,5,radiant,%5BHyperX%5D%20Liquid%60wayto,0,1506467,1511,0.000572319652078134,Pro,void radiant
2281000,13,5,radiant,%5BHyperX%5D%20Liquid%60wayto,0,1506467,1512,0.000572698420875009,Pro,void radiant
2281000,13,5,radiant,%5BHyperX%5D%20Liquid%60wayto,0,1506467,1513,0.000573077189671884,Pro,void radiant
2288333,13,6,radiant,%5BHyperX%5D%20Liquid%60wayto,0,1513800,1514,0.000573455958468759,Pro,void radiant
2289066,12,6,radiant,%5BHyperX%5D%20Liquid%60wayto,0,1514533,1515,0.000573834727265634,Pro,base1 radiant
2290133,12,8,radiant,%5BHyperX%5D%20Liquid%60wayto,0,1515600,1516,0.000574213496062509,Pro,base1 radiant
2291533,13,10,radiant,%5BHyperX%5D%20Liquid%60wayto,0,1517000,1517,0.000574592264859384,Pro,base1 radiant
2292333,13,12,radiant,%5BHyperX%5D%20Liquid%60wayto,0,1517800,1518,0.000574971033656259,Pro,base1 radiant
2293466,14,15,radiant,%5BHyperX%5D%20Liquid%60wayto,0,1518933,1519,0.000575349802453134,Pro,base1 radiant
2294333,15,17,radiant,%5BHyperX%5D%20Liquid%60wayto,0,1519800,1520,0.000575728571250009,Pro,base1 radiant
2295400,16,20,radiant,%5BHyperX%5D%20Liquid%60wayto,0,1520867,1521,0.000576107340046884,Pro,base1 radiant
2296466,18,22,radiant,%5BHyperX%5D%20Liquid%60wayto,0,1521933,1522,0.000576486108843759,Pro,base1 radiant
2296800,18,23,radiant,%5BHyperX%5D%20Liquid%60wayto,0,1522267,1523,0.000576864877640634,Pro,base1 radiant
2298266,19,23,radiant,%5BHyperX%5D%20Liquid%60wayto,0,1523733,1524,0.000577243646437509,Pro,base1 radiant
2299333,21,21,radiant,%5BHyperX%5D%20Liquid%60wayto,0,1524800,1525,0.000577622415234384,Pro,base1 radiant
2300466,24,22,radiant,%5BHyperX%5D%20Liquid%60wayto,0,1525933,1526,0.000578001184031259,Pro,base1 radiant
2301533,21,21,radiant,%5BHyperX%5D%20Liquid%60wayto,0,1527000,1527,0.000578379952828134,Pro,base1 radiant
2302333,19,20,radiant,%5BHyperX%5D%20Liquid%60wayto,0,1527800,1528,0.000578758721625009,Pro,base1 radiant
2303466,16,20,radiant,%5BHyperX%5D%20Liquid%60wayto,0,1528933,1529,0.000579137490421884,Pro,base1 radiant
2304533,14,18,radiant,%5BHyperX%5D%20Liquid%60wayto,0,1530000,1530,0.000579516259218759,Pro,base1 radiant
2305266,13,16,radiant,%5BHyperX%5D%20Liquid%60wayto,0,1530733,1531,0.000579895028015634,Pro,base1 radiant
2306533,11,13,radiant,%5BHyperX%5D%20Liquid%60wayto,0,1532000,1532,0.000580273796812509,Pro,base1 radiant
2307533,11,12,radiant,%5BHyperX%5D%20Liquid%60wayto,0,1533000,1533,0.000580652565609384,Pro,base1 radiant
2308533,13,14,radiant,%5BHyperX%5D%20Liquid%60wayto,0,1534000,1534,0.000581031334406259,Pro,base1 radiant
2309266,14,16,radiant,%5BHyperX%5D%20Liquid%60wayto,0,1534733,1535,0.000581410103203134,Pro,base1 radiant
2310400,15,19,radiant,%5BHyperX%5D%20Liquid%60wayto,0,1535867,1536,0.000581788872000009,Pro,base1 radiant
2311333,17,21,radiant,%5BHyperX%5D%20Liquid%60wayto,0,1536800,1537,0.000582167640796884,Pro,base1 radiant
2312400,19,23,radiant,%5BHyperX%5D%20Liquid%60wayto,0,1537867,1538,0.000582546409593759,Pro,base1 radiant
2312400,19,23,radiant,%5BHyperX%5D%20Liquid%60wayto,0,1537867,1539,0.000582925178390634,Pro,base1 radiant
2314466,19,25,radiant,%5BHyperX%5D%20Liquid%60wayto,0,1539933,1540,0.000583303947187509,Pro,base1 radiant
2315533,20,28,radiant,%5BHyperX%5D%20Liquid%60wayto,0,1541000,1541,0.000583682715984384,Pro,base1 radiant
2315533,20,28,radiant,%5BHyperX%5D%20Liquid%60wayto,0,1541000,1542,0.000584061484781259,Pro,base1 radiant
2315533,20,28,radiant,%5BHyperX%5D%20Liquid%60wayto,0,1541000,1543,0.000584440253578134,Pro,base1 radiant
2318466,19,27,radiant,%5BHyperX%5D%20Liquid%60wayto,0,1543933,1544,0.000584819022375009,Pro,base1 radiant
2319066,19,26,radiant,%5BHyperX%5D%20Liquid%60wayto,0,1544533,1545,0.000585197791171884,Pro,base1 radiant
2320466,19,26,radiant,%5BHyperX%5D%20Liquid%60wayto,0,1545933,1546,0.000585576559968759,Pro,base1 radiant
2321266,17,26,radiant,%5BHyperX%5D%20Liquid%60wayto,0,1546733,1547,0.000585955328765634,Pro,base1 radiant
2321866,16,26,radiant,%5BHyperX%5D%20Liquid%60wayto,0,1547333,1548,0.000586334097562509,Pro,base1 radiant
2323466,16,27,radiant,%5BHyperX%5D%20Liquid%60wayto,0,1548933,1549,0.000586712866359384,Pro,base1 radiant
2324533,14,26,radiant,%5BHyperX%5D%20Liquid%60wayto,0,1550000,1550,0.000587091635156259,Pro,base1 radiant
2325333,14,26,radiant,%5BHyperX%5D%20Liquid%60wayto,0,1550800,1551,0.000587470403953134,Pro,base1 radiant
2326466,13,24,radiant,%5BHyperX%5D%20Liquid%60wayto,0,1551933,1552,0.000587849172750009,Pro,base1 radiant
2327200,11,23,radiant,%5BHyperX%5D%20Liquid%60wayto,0,1552667,1553,0.000588227941546884,Pro,base1 radiant
2328400,13,21,radiant,%5BHyperX%5D%20Liquid%60wayto,0,1553867,1554,0.000588606710343759,Pro,base1 radiant
2329266,15,20,radiant,%5BHyperX%5D%20Liquid%60wayto,0,1554733,1555,0.000588985479140634,Pro,base1 radiant
2330333,13,22,radiant,%5BHyperX%5D%20Liquid%60wayto,0,1555800,1556,0.000589364247937509,Pro,base1 radiant
2331333,11,24,radiant,%5BHyperX%5D%20Liquid%60wayto,0,1556800,1557,0.000589743016734384,Pro,base1 radiant
2331800,10,25,radiant,%5BHyperX%5D%20Liquid%60wayto,0,1557267,1558,0.000590121785531259,Pro,base1 radiant
2331800,10,25,radiant,%5BHyperX%5D%20Liquid%60wayto,0,1557267,1559,0.000590500554328134,Pro,base1 radiant
2331800,10,25,radiant,%5BHyperX%5D%20Liquid%60wayto,0,1557267,1560,0.000590879323125009,Pro,base1 radiant
2335466,13,25,radiant,%5BHyperX%5D%20Liquid%60wayto,0,1560933,1561,0.000591258091921884,Pro,base1 radiant
2336466,15,27,radiant,%5BHyperX%5D%20Liquid%60wayto,0,1561933,1562,0.000591636860718759,Pro,base1 radiant
2337466,13,29,radiant,%5BHyperX%5D%20Liquid%60wayto,0,1562933,1563,0.000592015629515634,Pro,base1 radiant
2338533,15,31,radiant,%5BHyperX%5D%20Liquid%60wayto,0,1564000,1564,0.000592394398312509,Pro,base1 radiant
2339400,15,30,radiant,%5BHyperX%5D%20Liquid%60wayto,0,1564867,1565,0.000592773167109384,Pro,base1 radiant
2340200,16,28,radiant,%5BHyperX%5D%20Liquid%60wayto,0,1565667,1566,0.000593151935906259,Pro,base1 radiant
2341466,16,29,radiant,%5BHyperX%5D%20Liquid%60wayto,0,1566933,1567,0.000593530704703134,Pro,base1 radiant
2342466,15,31,radiant,%5BHyperX%5D%20Liquid%60wayto,0,1567933,1568,0.000593909473500009,Pro,base1 radiant
2343400,14,33,radiant,%5BHyperX%5D%20Liquid%60wayto,0,1568867,1569,0.000594288242296884,Pro,base1 radiant
2344333,15,32,radiant,%5BHyperX%5D%20Liquid%60wayto,0,1569800,1570,0.000594667011093759,Pro,base1 radiant
2345533,17,30,radiant,%5BHyperX%5D%20Liquid%60wayto,0,1571000,1571,0.000595045779890634,Pro,base1 radiant
2346400,15,29,radiant,%5BHyperX%5D%20Liquid%60wayto,0,1571867,1572,0.000595424548687509,Pro,base1 radiant
2347466,17,30,radiant,%5BHyperX%5D%20Liquid%60wayto,0,1572933,1573,0.000595803317484384,Pro,base1 radiant
2348466,18,32,radiant,%5BHyperX%5D%20Liquid%60wayto,0,1573933,1574,0.000596182086281259,Pro,base1 radiant
2349533,21,32,radiant,%5BHyperX%5D%20Liquid%60wayto,0,1575000,1575,0.000596560855078134,Pro,base1 radiant
2350533,23,31,radiant,%5BHyperX%5D%20Liquid%60wayto,0,1576000,1576,0.000596939623875009,Pro,base1 radiant
2351333,26,31,radiant,%5BHyperX%5D%20Liquid%60wayto,0,1576800,1577,0.000597318392671884,Pro,base1 radiant
2352400,29,32,radiant,%5BHyperX%5D%20Liquid%60wayto,0,1577867,1578,0.000597697161468759,Pro,midlane radiant
2353266,30,34,radiant,%5BHyperX%5D%20Liquid%60wayto,0,1578733,1579,0.000598075930265634,Pro,midlane radiant
2354266,29,32,radiant,%5BHyperX%5D%20Liquid%60wayto,0,1579733,1580,0.000598454699062509,Pro,midlane radiant
2355000,27,31,radiant,%5BHyperX%5D%20Liquid%60wayto,0,1580467,1581,0.000598833467859384,Pro,base1 radiant
2356466,24,31,radiant,%5BHyperX%5D%20Liquid%60wayto,0,1581933,1582,0.000599212236656259,Pro,base1 radiant
2357200,22,32,radiant,%5BHyperX%5D%20Liquid%60wayto,0,1582667,1583,0.000599591005453134,Pro,base1 radiant
2358533,24,31,radiant,%5BHyperX%5D%20Liquid%60wayto,0,1584000,1584,0.000599969774250009,Pro,base1 radiant
2359266,26,31,radiant,%5BHyperX%5D%20Liquid%60wayto,0,1584733,1585,0.000600348543046884,Pro,base1 radiant
2359933,28,31,radiant,%5BHyperX%5D%20Liquid%60wayto,0,1585400,1586,0.000600727311843759,Pro,base1 radiant
2361400,28,28,radiant,%5BHyperX%5D%20Liquid%60wayto,0,1586867,1587,0.000601106080640634,Pro,base1 radiant
2362400,28,27,radiant,%5BHyperX%5D%20Liquid%60wayto,0,1587867,1588,0.000601484849437509,Pro,base1 radiant
2363333,29,25,radiant,%5BHyperX%5D%20Liquid%60wayto,0,1588800,1589,0.000601863618234384,Pro,base1 radiant
2363733,30,24,radiant,%5BHyperX%5D%20Liquid%60wayto,0,1589200,1590,0.000602242387031259,Pro,base1 radiant
2365133,32,23,radiant,%5BHyperX%5D%20Liquid%60wayto,0,1590600,1591,0.000602621155828134,Pro,base1 radiant
2366266,31,22,radiant,%5BHyperX%5D%20Liquid%60wayto,0,1591733,1592,0.000602999924625009,Pro,base1 radiant
2367466,30,19,radiant,%5BHyperX%5D%20Liquid%60wayto,0,1592933,1593,0.000603378693421884,Pro,base1 radiant
2368400,28,17,radiant,%5BHyperX%5D%20Liquid%60wayto,0,1593867,1594,0.000603757462218759,Pro,base1 radiant
2369266,26,16,radiant,%5BHyperX%5D%20Liquid%60wayto,0,1594733,1595,0.000604136231015634,Pro,base1 radiant
2370400,23,15,radiant,%5BHyperX%5D%20Liquid%60wayto,0,1595867,1596,0.000604514999812509,Pro,base1 radiant
2371200,21,14,radiant,%5BHyperX%5D%20Liquid%60wayto,0,1596667,1597,0.000604893768609384,Pro,base1 radiant
2372400,18,13,radiant,%5BHyperX%5D%20Liquid%60wayto,0,1597867,1598,0.000605272537406259,Pro,base1 radiant
2373533,15,12,radiant,%5BHyperX%5D%20Liquid%60wayto,0,1599000,1599,0.000605651306203134,Pro,base1 radiant
2374266,13,11,radiant,%5BHyperX%5D%20Liquid%60wayto,0,1599733,1600,0.000606030075000009,Pro,base1 radiant
2375533,12,8,radiant,%5BHyperX%5D%20Liquid%60wayto,0,1601000,1601,0.000606408843796884,Pro,base1 radiant
2376133,12,8,radiant,%5BHyperX%5D%20Liquid%60wayto,0,1601600,1602,0.000606787612593759,Pro,base1 radiant
2377533,11,9,radiant,%5BHyperX%5D%20Liquid%60wayto,0,1603000,1603,0.000607166381390634,Pro,base1 radiant
2378000,10,10,radiant,%5BHyperX%5D%20Liquid%60wayto,0,1603467,1604,0.000607545150187509,Pro,base1 radiant
2379400,13,11,radiant,%5BHyperX%5D%20Liquid%60wayto,0,1604867,1605,0.000607923918984384,Pro,base1 radiant
2380466,15,12,radiant,%5BHyperX%5D%20Liquid%60wayto,0,1605933,1606,0.000608302687781259,Pro,base1 radiant
2381466,13,11,radiant,%5BHyperX%5D%20Liquid%60wayto,0,1606933,1607,0.000608681456578134,Pro,base1 radiant
2382533,16,11,radiant,%5BHyperX%5D%20Liquid%60wayto,0,1608000,1608,0.000609060225375009,Pro,base1 radiant
2383266,18,11,radiant,%5BHyperX%5D%20Liquid%60wayto,0,1608733,1609,0.000609438994171884,Pro,base1 radiant
2384400,21,10,radiant,%5BHyperX%5D%20Liquid%60wayto,0,1609867,1610,0.000609817762968759,Pro,base1 radiant
2385533,24,10,radiant,%5BHyperX%5D%20Liquid%60wayto,0,1611000,1611,0.000610196531765635,Pro,base1 radiant
2386333,26,11,radiant,%5BHyperX%5D%20Liquid%60wayto,0,1611800,1612,0.00061057530056251,Pro,base1 radiant
2387400,29,11,radiant,%5BHyperX%5D%20Liquid%60wayto,0,1612867,1613,0.000610954069359385,Pro,base1 radiant
2388200,31,12,radiant,%5BHyperX%5D%20Liquid%60wayto,0,1613667,1614,0.00061133283815626,Pro,base1 radiant
2389400,34,13,radiant,%5BHyperX%5D%20Liquid%60wayto,0,1614867,1615,0.000611711606953135,Pro,base1 radiant
2390200,36,14,radiant,%5BHyperX%5D%20Liquid%60wayto,0,1615667,1616,0.00061209037575001,Pro,base1 radiant
2391533,34,14,radiant,%5BHyperX%5D%20Liquid%60wayto,0,1617000,1617,0.000612469144546885,Pro,base1 radiant
2392066,35,15,radiant,%5BHyperX%5D%20Liquid%60wayto,0,1617533,1618,0.00061284791334376,Pro,base1 radiant
2393333,33,16,radiant,%5BHyperX%5D%20Liquid%60wayto,0,1618800,1619,0.000613226682140635,Pro,base1 radiant
2394400,35,15,radiant,%5BHyperX%5D%20Liquid%60wayto,0,1619867,1620,0.00061360545093751,Pro,base1 radiant
2395533,33,16,radiant,%5BHyperX%5D%20Liquid%60wayto,0,1621000,1621,0.000613984219734385,Pro,base1 radiant
2396533,30,16,radiant,%5BHyperX%5D%20Liquid%60wayto,0,1622000,1622,0.00061436298853126,Pro,base1 radiant
2397333,30,17,radiant,%5BHyperX%5D%20Liquid%60wayto,0,1622800,1623,0.000614741757328135,Pro,base1 radiant
2398266,32,15,radiant,%5BHyperX%5D%20Liquid%60wayto,0,1623733,1624,0.00061512052612501,Pro,base1 radiant
2399400,32,15,radiant,%5BHyperX%5D%20Liquid%60wayto,0,1624867,1625,0.000615499294921885,Pro,base1 radiant
2400466,31,17,radiant,%5BHyperX%5D%20Liquid%60wayto,0,1625933,1626,0.00061587806371876,Pro,base1 radiant
2401200,31,19,radiant,%5BHyperX%5D%20Liquid%60wayto,0,1626667,1627,0.000616256832515635,Pro,base1 radiant
2402333,31,22,radiant,%5BHyperX%5D%20Liquid%60wayto,0,1627800,1628,0.00061663560131251,Pro,base1 radiant
2403533,30,25,radiant,%5BHyperX%5D%20Liquid%60wayto,0,1629000,1629,0.000617014370109385,Pro,base1 radiant
2404400,29,27,radiant,%5BHyperX%5D%20Liquid%60wayto,0,1629867,1630,0.00061739313890626,Pro,base1 radiant
2405533,29,30,radiant,%5BHyperX%5D%20Liquid%60wayto,0,1631000,1631,0.000617771907703135,Pro,base1 radiant
2406266,28,32,radiant,%5BHyperX%5D%20Liquid%60wayto,0,1631733,1632,0.00061815067650001,Pro,base1 radiant
2407533,27,35,radiant,%5BHyperX%5D%20Liquid%60wayto,0,1633000,1633,0.000618529445296885,Pro,midlane radiant
2408400,26,37,radiant,%5BHyperX%5D%20Liquid%60wayto,0,1633867,1634,0.00061890821409376,Pro,jungle radiant
2409466,23,38,radiant,%5BHyperX%5D%20Liquid%60wayto,0,1634933,1635,0.000619286982890635,Pro,jungle radiant
2410333,21,40,radiant,%5BHyperX%5D%20Liquid%60wayto,0,1635800,1636,0.00061966575168751,Pro,jungle radiant
2411200,19,41,radiant,%5BHyperX%5D%20Liquid%60wayto,0,1636667,1637,0.000620044520484385,Pro,jungle radiant
2412533,16,43,radiant,%5BHyperX%5D%20Liquid%60wayto,0,1638000,1638,0.00062042328928126,Pro,toplane radiant
2413533,15,45,radiant,%5BHyperX%5D%20Liquid%60wayto,0,1639000,1639,0.000620802058078135,Pro,toplane radiant
2414266,14,47,radiant,%5BHyperX%5D%20Liquid%60wayto,0,1639733,1640,0.00062118082687501,Pro,toplane radiant
2415400,14,50,radiant,%5BHyperX%5D%20Liquid%60wayto,0,1640867,1641,0.000621559595671885,Pro,toplane radiant
2416466,14,53,radiant,%5BHyperX%5D%20Liquid%60wayto,0,1641933,1642,0.00062193836446876,Pro,toplane radiant
2417200,14,55,radiant,%5BHyperX%5D%20Liquid%60wayto,0,1642667,1643,0.000622317133265635,Pro,toplane radiant
2417600,14,56,radiant,%5BHyperX%5D%20Liquid%60wayto,0,1643067,1644,0.00062269590206251,Pro,toplane radiant
2417600,14,56,radiant,%5BHyperX%5D%20Liquid%60wayto,0,1643067,1645,0.000623074670859385,Pro,toplane radiant
2420466,14,57,radiant,%5BHyperX%5D%20Liquid%60wayto,0,1645933,1646,0.00062345343965626,Pro,toplane radiant
2421466,15,56,radiant,%5BHyperX%5D%20Liquid%60wayto,0,1646933,1647,0.000623832208453135,Pro,toplane radiant
2422333,14,54,radiant,%5BHyperX%5D%20Liquid%60wayto,0,1647800,1648,0.00062421097725001,Pro,toplane radiant
2422733,13,53,radiant,%5BHyperX%5D%20Liquid%60wayto,0,1648200,1649,0.000624589746046885,Pro,toplane radiant
2424533,13,50,radiant,%5BHyperX%5D%20Liquid%60wayto,0,1650000,1650,0.00062496851484376,Pro,toplane radiant
2425266,13,48,radiant,%5BHyperX%5D%20Liquid%60wayto,0,1650733,1651,0.000625347283640635,Pro,toplane radiant
2426400,13,45,radiant,%5BHyperX%5D%20Liquid%60wayto,0,1651867,1652,0.00062572605243751,Pro,toplane radiant
2427466,14,42,radiant,%5BHyperX%5D%20Liquid%60wayto,0,1652933,1653,0.000626104821234385,Pro,toplane radiant
2428200,14,40,radiant,%5BHyperX%5D%20Liquid%60wayto,0,1653667,1654,0.00062648359003126,Pro,toplane radiant
2429400,15,37,radiant,%5BHyperX%5D%20Liquid%60wayto,0,1654867,1655,0.000626862358828135,Pro,base1 radiant
2430466,15,34,radiant,%5BHyperX%5D%20Liquid%60wayto,0,1655933,1656,0.00062724112762501,Pro,base1 radiant
2431466,17,32,radiant,%5BHyperX%5D%20Liquid%60wayto,0,1656933,1657,0.000627619896421885,Pro,base1 radiant
2432400,19,30,radiant,%5BHyperX%5D%20Liquid%60wayto,0,1657867,1658,0.00062799866521876,Pro,base1 radiant
2433266,20,28,radiant,%5BHyperX%5D%20Liquid%60wayto,0,1658733,1659,0.000628377434015635,Pro,base1 radiant
2434466,21,25,radiant,%5BHyperX%5D%20Liquid%60wayto,0,1659933,1660,0.00062875620281251,Pro,base1 radiant
2435533,21,23,radiant,%5BHyperX%5D%20Liquid%60wayto,0,1661000,1661,0.000629134971609385,Pro,base1 radiant
2436466,20,20,radiant,%5BHyperX%5D%20Liquid%60wayto,0,1661933,1662,0.00062951374040626,Pro,base1 radiant
2437533,17,20,radiant,%5BHyperX%5D%20Liquid%60wayto,0,1663000,1663,0.000629892509203135,Pro,base1 radiant
2438333,15,19,radiant,%5BHyperX%5D%20Liquid%60wayto,0,1663800,1664,0.00063027127800001,Pro,base1 radiant
2439133,14,17,radiant,%5BHyperX%5D%20Liquid%60wayto,0,1664600,1665,0.000630650046796885,Pro,base1 radiant
2440533,12,14,radiant,%5BHyperX%5D%20Liquid%60wayto,0,1666000,1666,0.00063102881559376,Pro,base1 radiant
2441400,11,12,radiant,%5BHyperX%5D%20Liquid%60wayto,0,1666867,1667,0.000631407584390635,Pro,base1 radiant
2442333,13,12,radiant,%5BHyperX%5D%20Liquid%60wayto,0,1667800,1668,0.00063178635318751,Pro,base1 radiant
2443400,13,15,radiant,%5BHyperX%5D%20Liquid%60wayto,0,1668867,1669,0.000632165121984385,Pro,base1 radiant
2444466,14,18,radiant,%5BHyperX%5D%20Liquid%60wayto,0,1669933,1670,0.00063254389078126,Pro,base1 radiant
2445200,14,20,radiant,%5BHyperX%5D%20Liquid%60wayto,0,1670667,1671,0.000632922659578135,Pro,base1 radiant
2445200,14,20,radiant,%5BHyperX%5D%20Liquid%60wayto,0,1670667,1672,0.00063330142837501,Pro,base1 radiant
2445200,14,20,radiant,%5BHyperX%5D%20Liquid%60wayto,0,1670667,1673,0.000633680197171885,Pro,base1 radiant
2448533,17,20,radiant,%5BHyperX%5D%20Liquid%60wayto,0,1674000,1674,0.00063405896596876,Pro,base1 radiant
2449466,18,22,radiant,%5BHyperX%5D%20Liquid%60wayto,0,1674933,1675,0.000634437734765635,Pro,base1 radiant
2450400,19,24,radiant,%5BHyperX%5D%20Liquid%60wayto,0,1675867,1676,0.00063481650356251,Pro,base1 radiant
2450400,19,24,radiant,%5BHyperX%5D%20Liquid%60wayto,0,1675867,1677,0.000635195272359385,Pro,base1 radiant
2452533,19,26,radiant,%5BHyperX%5D%20Liquid%60wayto,0,1678000,1678,0.00063557404115626,Pro,base1 radiant
2453333,18,28,radiant,%5BHyperX%5D%20Liquid%60wayto,0,1678800,1679,0.000635952809953135,Pro,base1 radiant
2454200,17,30,radiant,%5BHyperX%5D%20Liquid%60wayto,0,1679667,1680,0.00063633157875001,Pro,base1 radiant
2455200,19,30,radiant,%5BHyperX%5D%20Liquid%60wayto,0,1680667,1681,0.000636710347546885,Pro,base1 radiant
2456533,22,28,radiant,%5BHyperX%5D%20Liquid%60wayto,0,1682000,1682,0.00063708911634376,Pro,base1 radiant
2457533,23,25,radiant,%5BHyperX%5D%20Liquid%60wayto,0,1683000,1683,0.000637467885140635,Pro,base1 radiant
2457533,23,25,radiant,%5BHyperX%5D%20Liquid%60wayto,0,1683000,1684,0.00063784665393751,Pro,base1 radiant
2457533,23,25,radiant,%5BHyperX%5D%20Liquid%60wayto,0,1683000,1685,0.000638225422734385,Pro,base1 radiant
2460133,23,25,radiant,%5BHyperX%5D%20Liquid%60wayto,0,1685600,1686,0.00063860419153126,Pro,base1 radiant
2460133,23,25,radiant,%5BHyperX%5D%20Liquid%60wayto,0,1685600,1687,0.000638982960328135,Pro,base1 radiant
2460133,23,25,radiant,%5BHyperX%5D%20Liquid%60wayto,0,1685600,1688,0.00063936172912501,Pro,base1 radiant
2463466,22,26,radiant,%5BHyperX%5D%20Liquid%60wayto,0,1688933,1689,0.000639740497921885,Pro,base1 radiant
2463466,22,26,radiant,%5BHyperX%5D%20Liquid%60wayto,0,1688933,1690,0.00064011926671876,Pro,base1 radiant
2463466,22,26,radiant,%5BHyperX%5D%20Liquid%60wayto,0,1688933,1691,0.000640498035515635,Pro,base1 radiant
2466466,20,25,radiant,%5BHyperX%5D%20Liquid%60wayto,0,1691933,1692,0.00064087680431251,Pro,base1 radiant
2467200,18,25,radiant,%5BHyperX%5D%20Liquid%60wayto,0,1692667,1693,0.000641255573109385,Pro,base1 radiant
2467200,18,25,radiant,%5BHyperX%5D%20Liquid%60wayto,0,1692667,1694,0.00064163434190626,Pro,base1 radiant
2467200,18,25,radiant,%5BHyperX%5D%20Liquid%60wayto,0,1692667,1695,0.000642013110703135,Pro,base1 radiant
2470200,18,26,radiant,%5BHyperX%5D%20Liquid%60wayto,0,1695667,1696,0.00064239187950001,Pro,base1 radiant
2470600,17,27,radiant,%5BHyperX%5D%20Liquid%60wayto,0,1696067,1697,0.000642770648296885,Pro,base1 radiant
2472533,16,25,radiant,%5BHyperX%5D%20Liquid%60wayto,0,1698000,1698,0.00064314941709376,Pro,base1 radiant
2473333,19,25,radiant,%5BHyperX%5D%20Liquid%60wayto,0,1698800,1699,0.000643528185890635,Pro,base1 radiant
2474466,22,25,radiant,%5BHyperX%5D%20Liquid%60wayto,0,1699933,1700,0.00064390695468751,Pro,base1 radiant
2474800,23,26,radiant,%5BHyperX%5D%20Liquid%60wayto,0,1700267,1701,0.000644285723484385,Pro,base1 radiant
2476466,22,26,radiant,%5BHyperX%5D%20Liquid%60wayto,0,1701933,1702,0.00064466449228126,Pro,base1 radiant
2477200,20,26,radiant,%5BHyperX%5D%20Liquid%60wayto,0,1702667,1703,0.000645043261078135,Pro,base1 radiant
2477200,20,26,radiant,%5BHyperX%5D%20Liquid%60wayto,0,1702667,1704,0.00064542202987501,Pro,base1 radiant
2477200,20,26,radiant,%5BHyperX%5D%20Liquid%60wayto,0,1702667,1705,0.000645800798671885,Pro,base1 radiant
2480466,20,29,radiant,%5BHyperX%5D%20Liquid%60wayto,0,1705933,1706,0.00064617956746876,Pro,base1 radiant
2481466,21,29,radiant,%5BHyperX%5D%20Liquid%60wayto,0,1706933,1707,0.000646558336265635,Pro,base1 radiant
2482266,23,28,radiant,%5BHyperX%5D%20Liquid%60wayto,0,1707733,1708,0.00064693710506251,Pro,base1 radiant
2483266,24,27,radiant,%5BHyperX%5D%20Liquid%60wayto,0,1708733,1709,0.000647315873859385,Pro,base1 radiant
2484466,23,27,radiant,%5BHyperX%5D%20Liquid%60wayto,0,1709933,1710,0.00064769464265626,Pro,base1 radiant
2485533,21,29,radiant,%5BHyperX%5D%20Liquid%60wayto,0,1711000,1711,0.000648073411453135,Pro,base1 radiant
2486466,21,29,radiant,%5BHyperX%5D%20Liquid%60wayto,0,1711933,1712,0.00064845218025001,Pro,base1 radiant
2487333,23,28,radiant,%5BHyperX%5D%20Liquid%60wayto,0,1712800,1713,0.000648830949046885,Pro,base1 radiant
2488200,23,27,radiant,%5BHyperX%5D%20Liquid%60wayto,0,1713667,1714,0.00064920971784376,Pro,base1 radiant
2488733,23,27,radiant,%5BHyperX%5D%20Liquid%60wayto,0,1714200,1715,0.000649588486640635,Pro,base1 radiant
2490533,20,27,radiant,%5BHyperX%5D%20Liquid%60wayto,0,1716000,1716,0.00064996725543751,Pro,base1 radiant
2491200,18,27,radiant,%5BHyperX%5D%20Liquid%60wayto,0,1716667,1717,0.000650346024234385,Pro,base1 radiant
2492200,18,25,radiant,%5BHyperX%5D%20Liquid%60wayto,0,1717667,1718,0.00065072479303126,Pro,base1 radiant
2493333,17,22,radiant,%5BHyperX%5D%20Liquid%60wayto,0,1718800,1719,0.000651103561828135,Pro,base1 radiant
2494266,16,21,radiant,%5BHyperX%5D%20Liquid%60wayto,0,1719733,1720,0.00065148233062501,Pro,base1 radiant
2495400,14,19,radiant,%5BHyperX%5D%20Liquid%60wayto,0,1720867,1721,0.000651861099421885,Pro,base1 radiant
2496200,13,18,radiant,%5BHyperX%5D%20Liquid%60wayto,0,1721667,1722,0.00065223986821876,Pro,base1 radiant
2497333,12,15,radiant,%5BHyperX%5D%20Liquid%60wayto,0,1722800,1723,0.000652618637015635,Pro,base1 radiant
2498533,11,12,radiant,%5BHyperX%5D%20Liquid%60wayto,0,1724000,1724,0.00065299740581251,Pro,base1 radiant
2499533,10,12,radiant,%5BHyperX%5D%20Liquid%60wayto,0,1725000,1725,0.000653376174609385,Pro,base1 radiant
2500400,11,14,radiant,%5BHyperX%5D%20Liquid%60wayto,0,1725867,1726,0.00065375494340626,Pro,base1 radiant
2501200,12,16,radiant,%5BHyperX%5D%20Liquid%60wayto,0,1726667,1727,0.000654133712203135,Pro,base1 radiant
2502400,13,19,radiant,%5BHyperX%5D%20Liquid%60wayto,0,1727867,1728,0.00065451248100001,Pro,base1 radiant
2503200,14,21,radiant,%5BHyperX%5D%20Liquid%60wayto,0,1728667,1729,0.000654891249796885,Pro,base1 radiant
2504266,15,24,radiant,%5BHyperX%5D%20Liquid%60wayto,0,1729733,1730,0.00065527001859376,Pro,base1 radiant
2505466,15,27,radiant,%5BHyperX%5D%20Liquid%60wayto,0,1730933,1731,0.000655648787390635,Pro,base1 radiant
2506533,15,30,radiant,%5BHyperX%5D%20Liquid%60wayto,0,1732000,1732,0.00065602755618751,Pro,base1 radiant
2507066,15,31,radiant,%5BHyperX%5D%20Liquid%60wayto,0,1732533,1733,0.000656406324984385,Pro,base1 radiant
2507066,15,31,radiant,%5BHyperX%5D%20Liquid%60wayto,0,1732533,1734,0.00065678509378126,Pro,base1 radiant
2509266,16,31,radiant,%5BHyperX%5D%20Liquid%60wayto,0,1734733,1735,0.000657163862578135,Pro,base1 radiant
2509266,16,31,radiant,%5BHyperX%5D%20Liquid%60wayto,0,1734733,1736,0.00065754263137501,Pro,base1 radiant
2509266,16,31,radiant,%5BHyperX%5D%20Liquid%60wayto,0,1734733,1737,0.000657921400171885,Pro,base1 radiant
2512533,17,30,radiant,%5BHyperX%5D%20Liquid%60wayto,0,1738000,1738,0.00065830016896876,Pro,base1 radiant
2513533,19,29,radiant,%5BHyperX%5D%20Liquid%60wayto,0,1739000,1739,0.000658678937765635,Pro,base1 radiant
2514000,21,29,radiant,%5BHyperX%5D%20Liquid%60wayto,0,1739467,1740,0.00065905770656251,Pro,base1 radiant
2514000,21,29,radiant,%5BHyperX%5D%20Liquid%60wayto,0,1739467,1741,0.000659436475359385,Pro,base1 radiant
2514000,21,29,radiant,%5BHyperX%5D%20Liquid%60wayto,0,1739467,1742,0.00065981524415626,Pro,base1 radiant
2517333,7,7,radiant,%5BHyperX%5D%20Liquid%60wayto,0,1742800,1743,0.000660194012953135,Pro,base1 radiant
2518333,9,6,radiant,%5BHyperX%5D%20Liquid%60wayto,0,1743800,1744,0.00066057278175001,Pro,base1 radiant
2519466,12,6,radiant,%5BHyperX%5D%20Liquid%60wayto,0,1744933,1745,0.000660951550546885,Pro,base1 radiant
2520133,13,6,radiant,%5BHyperX%5D%20Liquid%60wayto,0,1745600,1746,0.00066133031934376,Pro,void radiant
2520133,13,6,radiant,%5BHyperX%5D%20Liquid%60wayto,0,1745600,1747,0.000661709088140635,Pro,void radiant
2520133,13,6,radiant,%5BHyperX%5D%20Liquid%60wayto,0,1745600,1748,0.00066208785693751,Pro,void radiant
2520133,13,6,radiant,%5BHyperX%5D%20Liquid%60wayto,0,1745600,1749,0.000662466625734385,Pro,void radiant
2520133,13,6,radiant,%5BHyperX%5D%20Liquid%60wayto,0,1745600,1750,0.00066284539453126,Pro,void radiant
2520133,13,6,radiant,%5BHyperX%5D%20Liquid%60wayto,0,1745600,1751,0.000663224163328135,Pro,void radiant
2526133,13,5,radiant,%5BHyperX%5D%20Liquid%60wayto,0,1751600,1752,0.00066360293212501,Pro,void radiant
2527266,13,7,radiant,%5BHyperX%5D%20Liquid%60wayto,0,1752733,1753,0.000663981700921885,Pro,base1 radiant
2528333,13,6,radiant,%5BHyperX%5D%20Liquid%60wayto,0,1753800,1754,0.00066436046971876,Pro,void radiant
2529533,13,7,radiant,%5BHyperX%5D%20Liquid%60wayto,0,1755000,1755,0.000664739238515635,Pro,base1 radiant
2530400,12,9,radiant,%5BHyperX%5D%20Liquid%60wayto,0,1755867,1756,0.00066511800731251,Pro,base1 radiant
2531266,11,11,radiant,%5BHyperX%5D%20Liquid%60wayto,0,1756733,1757,0.000665496776109385,Pro,base1 radiant
2532466,8,12,radiant,%5BHyperX%5D%20Liquid%60wayto,0,1757933,1758,0.00066587554490626,Pro,base1 radiant
2533200,6,13,radiant,%5BHyperX%5D%20Liquid%60wayto,0,1758667,1759,0.000666254313703135,Pro,void radiant
2533200,6,13,radiant,%5BHyperX%5D%20Liquid%60wayto,0,1758667,1760,0.00066663308250001,Pro,void radiant
2535533,8,12,radiant,%5BHyperX%5D%20Liquid%60wayto,0,1761000,1761,0.000667011851296885,Pro,base1 radiant
2536533,10,10,radiant,%5BHyperX%5D%20Liquid%60wayto,0,1762000,1762,0.00066739062009376,Pro,base1 radiant
2537466,11,8,radiant,%5BHyperX%5D%20Liquid%60wayto,0,1762933,1763,0.000667769388890635,Pro,base1 radiant
2538200,12,8,radiant,%5BHyperX%5D%20Liquid%60wayto,0,1763667,1764,0.00066814815768751,Pro,base1 radiant
2539200,11,10,radiant,%5BHyperX%5D%20Liquid%60wayto,0,1764667,1765,0.000668526926484385,Pro,base1 radiant
2540200,11,11,radiant,%5BHyperX%5D%20Liquid%60wayto,0,1765667,1766,0.00066890569528126,Pro,base1 radiant
2540866,12,10,radiant,%5BHyperX%5D%20Liquid%60wayto,0,1766333,1767,0.000669284464078135,Pro,base1 radiant
2542400,12,10,radiant,%5BHyperX%5D%20Liquid%60wayto,0,1767867,1768,0.00066966323287501,Pro,base1 radiant
2543466,10,11,radiant,%5BHyperX%5D%20Liquid%60wayto,0,1768933,1769,0.000670042001671885,Pro,base1 radiant
2543933,11,10,radiant,%5BHyperX%5D%20Liquid%60wayto,0,1769400,1770,0.00067042077046876,Pro,base1 radiant
2545333,11,11,radiant,%5BHyperX%5D%20Liquid%60wayto,0,1770800,1771,0.000670799539265635,Pro,base1 radiant
2546333,10,12,radiant,%5BHyperX%5D%20Liquid%60wayto,0,1771800,1772,0.000671178308062511,Pro,base1 radiant
2547466,12,14,radiant,%5BHyperX%5D%20Liquid%60wayto,0,1772933,1773,0.000671557076859386,Pro,base1 radiant
2548333,13,16,radiant,%5BHyperX%5D%20Liquid%60wayto,0,1773800,1774,0.000671935845656261,Pro,base1 radiant
2549333,15,18,radiant,%5BHyperX%5D%20Liquid%60wayto,0,1774800,1775,0.000672314614453136,Pro,base1 radiant
2550466,17,20,radiant,%5BHyperX%5D%20Liquid%60wayto,0,1775933,1776,0.000672693383250011,Pro,base1 radiant
2551533,20,20,radiant,%5BHyperX%5D%20Liquid%60wayto,0,1777000,1777,0.000673072152046886,Pro,base1 radiant
2552333,22,21,radiant,%5BHyperX%5D%20Liquid%60wayto,0,1777800,1778,0.000673450920843761,Pro,base1 radiant
2552333,22,21,radiant,%5BHyperX%5D%20Liquid%60wayto,0,1777800,1779,0.000673829689640636,Pro,base1 radiant
2554533,22,23,radiant,%5BHyperX%5D%20Liquid%60wayto,0,1780000,1780,0.000674208458437511,Pro,base1 radiant
2555466,21,25,radiant,%5BHyperX%5D%20Liquid%60wayto,0,1780933,1781,0.000674587227234386,Pro,base1 radiant
2556200,23,26,radiant,%5BHyperX%5D%20Liquid%60wayto,0,1781667,1782,0.000674965996031261,Pro,base1 radiant
2557533,26,28,radiant,%5BHyperX%5D%20Liquid%60wayto,0,1783000,1783,0.000675344764828136,Pro,base1 radiant
2558400,28,29,radiant,%5BHyperX%5D%20Liquid%60wayto,0,1783867,1784,0.000675723533625011,Pro,base1 radiant
2559466,31,30,radiant,%5BHyperX%5D%20Liquid%60wayto,0,1784933,1785,0.000676102302421886,Pro,midlane radiant
2560333,33,31,radiant,%5BHyperX%5D%20Liquid%60wayto,0,1785800,1786,0.000676481071218761,Pro,midlane radiant
2561333,35,33,radiant,%5BHyperX%5D%20Liquid%60wayto,0,1786800,1787,0.000676859840015636,Pro,midlane radiant
2562466,37,35,radiant,%5BHyperX%5D%20Liquid%60wayto,0,1787933,1788,0.000677238608812511,Pro,midlane radiant
2563533,38,38,radiant,%5BHyperX%5D%20Liquid%60wayto,0,1789000,1789,0.000677617377609386,Pro,midlane radiant
2564466,40,39,radiant,%5BHyperX%5D%20Liquid%60wayto,0,1789933,1790,0.000677996146406261,Pro,midlane radiant
2565066,41,41,radiant,%5BHyperX%5D%20Liquid%60wayto,0,1790533,1791,0.000678374915203136,Pro,midlane radiant
2565066,41,41,radiant,%5BHyperX%5D%20Liquid%60wayto,0,1790533,1792,0.000678753684000011,Pro,midlane radiant
2567333,39,41,radiant,%5BHyperX%5D%20Liquid%60wayto,0,1792800,1793,0.000679132452796886,Pro,midlane radiant
2567733,38,40,radiant,%5BHyperX%5D%20Liquid%60wayto,0,1793200,1794,0.000679511221593761,Pro,midlane radiant
2569066,38,39,radiant,%5BHyperX%5D%20Liquid%60wayto,0,1794533,1795,0.000679889990390636,Pro,midlane radiant
2570333,36,39,radiant,%5BHyperX%5D%20Liquid%60wayto,0,1795800,1796,0.000680268759187511,Pro,midlane radiant
2571466,35,39,radiant,%5BHyperX%5D%20Liquid%60wayto,0,1796933,1797,0.000680647527984386,Pro,midlane radiant
2571466,35,39,radiant,%5BHyperX%5D%20Liquid%60wayto,0,1796933,1798,0.000681026296781261,Pro,midlane radiant
2572866,36,39,radiant,%5BHyperX%5D%20Liquid%60wayto,0,1798333,1799,0.000681405065578136,Pro,midlane radiant
2574533,36,39,radiant,%5BHyperX%5D%20Liquid%60wayto,0,1800000,1800,0.000681783834375011,Pro,midlane radiant
2575000,37,40,radiant,%5BHyperX%5D%20Liquid%60wayto,0,1800467,1801,0.000682162603171886,Pro,midlane radiant
2576200,38,41,radiant,%5BHyperX%5D%20Liquid%60wayto,0,1801667,1802,0.000682541371968761,Pro,midlane radiant
2577066,38,43,radiant,%5BHyperX%5D%20Liquid%60wayto,0,1802533,1803,0.000682920140765636,Pro,midlane radiant
2577066,38,43,radiant,%5BHyperX%5D%20Liquid%60wayto,0,1802533,1804,0.000683298909562511,Pro,midlane radiant
2579133,38,44,radiant,%5BHyperX%5D%20Liquid%60wayto,0,1804600,1805,0.000683677678359386,Pro,midlane radiant
2580133,39,44,radiant,%5BHyperX%5D%20Liquid%60wayto,0,1805600,1806,0.000684056447156261,Pro,midlane radiant
2581266,38,43,radiant,%5BHyperX%5D%20Liquid%60wayto,0,1806733,1807,0.000684435215953136,Pro,midlane radiant
2581866,39,42,radiant,%5BHyperX%5D%20Liquid%60wayto,0,1807333,1808,0.000684813984750011,Pro,midlane radiant
2583266,40,44,radiant,%5BHyperX%5D%20Liquid%60wayto,0,1808733,1809,0.000685192753546886,Pro,midlane radiant
2584533,40,44,radiant,%5BHyperX%5D%20Liquid%60wayto,0,1810000,1810,0.000685571522343761,Pro,midlane radiant
2585533,40,46,radiant,%5BHyperX%5D%20Liquid%60wayto,0,1811000,1811,0.000685950291140636,Pro,midlane radiant
2586533,38,46,radiant,%5BHyperX%5D%20Liquid%60wayto,0,1812000,1812,0.000686329059937511,Pro,jungle radiant
2586800,37,46,radiant,%5BHyperX%5D%20Liquid%60wayto,0,1812267,1813,0.000686707828734386,Pro,jungle radiant
2586800,37,46,radiant,%5BHyperX%5D%20Liquid%60wayto,0,1812267,1814,0.000687086597531261,Pro,jungle radiant
2586800,37,46,radiant,%5BHyperX%5D%20Liquid%60wayto,0,1812267,1815,0.000687465366328136,Pro,jungle radiant
2590400,25,9,radiant,%5BHyperX%5D%20Liquid%60wayto,0,1815867,1816,0.000687844135125011,Pro,base1 radiant
2591400,24,10,radiant,%5BHyperX%5D%20Liquid%60wayto,0,1816867,1817,0.000688222903921886,Pro,base1 radiant
2592466,23,10,radiant,%5BHyperX%5D%20Liquid%60wayto,0,1817933,1818,0.000688601672718761,Pro,base1 radiant
2593066,23,11,radiant,%5BHyperX%5D%20Liquid%60wayto,0,1818533,1819,0.000688980441515636,Pro,base1 radiant
2594400,25,10,radiant,%5BHyperX%5D%20Liquid%60wayto,0,1819867,1820,0.000689359210312511,Pro,base1 radiant
2595533,26,11,radiant,%5BHyperX%5D%20Liquid%60wayto,0,1821000,1821,0.000689737979109386,Pro,base1 radiant
2596466,24,12,radiant,%5BHyperX%5D%20Liquid%60wayto,0,1821933,1822,0.000690116747906261,Pro,base1 radiant
2597200,23,11,radiant,%5BHyperX%5D%20Liquid%60wayto,0,1822667,1823,0.000690495516703136,Pro,base1 radiant
2598533,23,10,radiant,%5BHyperX%5D%20Liquid%60wayto,0,1824000,1824,0.000690874285500011,Pro,base1 radiant
2598800,24,10,radiant,%5BHyperX%5D%20Liquid%60wayto,0,1824267,1825,0.000691253054296886,Pro,base1 radiant
2600533,25,11,radiant,%5BHyperX%5D%20Liquid%60wayto,0,1826000,1826,0.000691631823093761,Pro,base1 radiant
2601533,28,9,radiant,%5BHyperX%5D%20Liquid%60wayto,0,1827000,1827,0.000692010591890636,Pro,base1 radiant
2602466,32,8,radiant,%5BHyperX%5D%20Liquid%60wayto,0,1827933,1828,0.000692389360687511,Pro,void radiant
2603133,34,7,radiant,%5BHyperX%5D%20Liquid%60wayto,0,1828600,1829,0.000692768129484386,Pro,void radiant
2603133,34,7,radiant,%5BHyperX%5D%20Liquid%60wayto,0,1828600,1830,0.000693146898281261,Pro,void radiant
2605333,33,9,radiant,%5BHyperX%5D%20Liquid%60wayto,0,1830800,1831,0.000693525667078136,Pro,base1 radiant
2606466,30,8,radiant,%5BHyperX%5D%20Liquid%60wayto,0,1831933,1832,0.000693904435875011,Pro,base1 radiant
2607400,28,9,radiant,%5BHyperX%5D%20Liquid%60wayto,0,1832867,1833,0.000694283204671886,Pro,base1 radiant
2608266,29,11,radiant,%5BHyperX%5D%20Liquid%60wayto,0,1833733,1834,0.000694661973468761,Pro,base1 radiant
2609266,27,11,radiant,%5BHyperX%5D%20Liquid%60wayto,0,1834733,1835,0.000695040742265636,Pro,base1 radiant
2610533,25,9,radiant,%5BHyperX%5D%20Liquid%60wayto,0,1836000,1836,0.000695419511062511,Pro,base1 radiant
2611133,23,9,radiant,%5BHyperX%5D%20Liquid%60wayto,0,1836600,1837,0.000695798279859386,Pro,base1 radiant
2612333,21,10,radiant,%5BHyperX%5D%20Liquid%60wayto,0,1837800,1838,0.000696177048656261,Pro,base1 radiant
2613533,18,11,radiant,%5BHyperX%5D%20Liquid%60wayto,0,1839000,1839,0.000696555817453136,Pro,base1 radiant
2614200,16,11,radiant,%5BHyperX%5D%20Liquid%60wayto,0,1839667,1840,0.000696934586250011,Pro,base1 radiant
2615333,13,11,radiant,%5BHyperX%5D%20Liquid%60wayto,0,1840800,1841,0.000697313355046886,Pro,base1 radiant
2616466,10,10,radiant,%5BHyperX%5D%20Liquid%60wayto,0,1841933,1842,0.000697692123843761,Pro,base1 radiant
2617266,9,8,radiant,%5BHyperX%5D%20Liquid%60wayto,0,1842733,1843,0.000698070892640636,Pro,base1 radiant
2618333,10,9,radiant,%5BHyperX%5D%20Liquid%60wayto,0,1843800,1844,0.000698449661437511,Pro,base1 radiant
2619466,9,10,radiant,%5BHyperX%5D%20Liquid%60wayto,0,1844933,1845,0.000698828430234386,Pro,base1 radiant
2620266,7,11,radiant,%5BHyperX%5D%20Liquid%60wayto,0,1845733,1846,0.000699207199031261,Pro,base1 radiant
2621266,6,10,radiant,%5BHyperX%5D%20Liquid%60wayto,0,1846733,1847,0.000699585967828136,Pro,base1 radiant
2621266,6,10,radiant,%5BHyperX%5D%20Liquid%60wayto,0,1846733,1848,0.000699964736625011,Pro,base1 radiant
2623333,6,9,radiant,%5BHyperX%5D%20Liquid%60wayto,0,1848800,1849,0.000700343505421886,Pro,void radiant
2623333,6,9,radiant,%5BHyperX%5D%20Liquid%60wayto,0,1848800,1850,0.000700722274218761,Pro,void radiant
2624733,6,8,radiant,%5BHyperX%5D%20Liquid%60wayto,0,1850200,1851,0.000701101043015636,Pro,base1 radiant
2624733,6,8,radiant,%5BHyperX%5D%20Liquid%60wayto,0,1850200,1852,0.000701479811812511,Pro,base1 radiant
2624733,6,8,radiant,%5BHyperX%5D%20Liquid%60wayto,0,1850200,1853,0.000701858580609386,Pro,base1 radiant
2624733,6,8,radiant,%5BHyperX%5D%20Liquid%60wayto,0,1850200,1854,0.000702237349406261,Pro,base1 radiant
2624733,6,8,radiant,%5BHyperX%5D%20Liquid%60wayto,0,1850200,1855,0.000702616118203136,Pro,base1 radiant
2624733,6,8,radiant,%5BHyperX%5D%20Liquid%60wayto,0,1850200,1856,0.000702994887000011,Pro,base1 radiant
2624733,6,8,radiant,%5BHyperX%5D%20Liquid%60wayto,0,1850200,1857,0.000703373655796886,Pro,base1 radiant
2624733,6,8,radiant,%5BHyperX%5D%20Liquid%60wayto,0,1850200,1858,0.000703752424593761,Pro,base1 radiant
2624733,6,8,radiant,%5BHyperX%5D%20Liquid%60wayto,0,1850200,1859,0.000704131193390636,Pro,base1 radiant
2624733,6,8,radiant,%5BHyperX%5D%20Liquid%60wayto,0,1850200,1860,0.000704509962187511,Pro,base1 radiant
2624733,6,8,radiant,%5BHyperX%5D%20Liquid%60wayto,0,1850200,1861,0.000704888730984386,Pro,base1 radiant
2624733,6,8,radiant,%5BHyperX%5D%20Liquid%60wayto,0,1850200,1862,0.000705267499781261,Pro,base1 radiant
2624733,6,8,radiant,%5BHyperX%5D%20Liquid%60wayto,0,1850200,1863,0.000705646268578136,Pro,base1 radiant
2624733,6,8,radiant,%5BHyperX%5D%20Liquid%60wayto,0,1850200,1864,0.000706025037375011,Pro,base1 radiant
2624733,6,8,radiant,%5BHyperX%5D%20Liquid%60wayto,0,1850200,1865,0.000706403806171886,Pro,base1 radiant
2640133,6,8,radiant,%5BHyperX%5D%20Liquid%60wayto,0,1865600,1866,0.000706782574968761,Pro,base1 radiant
775133,114,93,dire,FATA%2D,1,600,0,0,Pro,base2 dire
775133,114,93,dire,FATA%2D,1,600,1,3.78768796875006e-07,Pro,base2 dire
776466,113,90,dire,FATA%2D,1,1933,2,7.57537593750012e-07,Pro,base2 dire
777333,113,88,dire,FATA%2D,1,2800,3,1.13630639062502e-06,Pro,base2 dire
778133,113,86,dire,FATA%2D,1,3600,4,1.51507518750002e-06,Pro,base2 dire
779466,114,83,dire,FATA%2D,1,4933,5,1.89384398437503e-06,Pro,base2 dire
780400,114,81,dire,FATA%2D,1,5867,6,2.27261278125004e-06,Pro,base2 dire
781200,114,79,dire,FATA%2D,1,6667,7,2.65138157812504e-06,Pro,base2 dire
782533,114,76,dire,FATA%2D,1,8000,8,3.03015037500005e-06,Pro,bottomlane dire
783333,114,74,dire,FATA%2D,1,8800,9,3.40891917187505e-06,Pro,bottomlane dire
784200,114,72,dire,FATA%2D,1,9667,10,3.78768796875006e-06,Pro,bottomlane dire
785466,114,69,dire,FATA%2D,1,10933,11,4.16645676562507e-06,Pro,bottomlane dire
786333,114,67,dire,FATA%2D,1,11800,12,4.54522556250007e-06,Pro,bottomlane dire
787200,114,65,dire,FATA%2D,1,12667,13,4.92399435937508e-06,Pro,bottomlane dire
788200,113,63,dire,FATA%2D,1,13667,14,5.30276315625008e-06,Pro,bottomlane dire
789533,111,61,dire,FATA%2D,1,15000,15,5.68153195312509e-06,Pro,bottomlane dire
790400,111,59,dire,FATA%2D,1,15867,16,6.06030075000009e-06,Pro,bottomlane dire
791266,111,57,dire,FATA%2D,1,16733,17,6.4390695468751e-06,Pro,bottomlane dire
792533,110,54,dire,FATA%2D,1,18000,18,6.81783834375011e-06,Pro,bottomlane dire
793400,110,52,dire,FATA%2D,1,18867,19,7.19660714062511e-06,Pro,bottomlane dire
794266,110,50,dire,FATA%2D,1,19733,20,7.57537593750012e-06,Pro,bottomlane dire
795533,110,47,dire,FATA%2D,1,21000,21,7.95414473437513e-06,Pro,bottomlane dire
796533,109,45,dire,FATA%2D,1,22000,22,8.33291353125013e-06,Pro,bottomlane dire
797266,109,43,dire,FATA%2D,1,22733,23,8.71168232812514e-06,Pro,bottomlane dire
798533,109,40,dire,FATA%2D,1,24000,24,9.09045112500014e-06,Pro,bottomlane dire
799133,110,39,dire,FATA%2D,1,24600,25,9.46921992187515e-06,Pro,bottomlane dire
800466,112,37,dire,FATA%2D,1,25933,26,9.84798871875015e-06,Pro,bottomlane radiant
801333,113,35,dire,FATA%2D,1,26800,27,1.02267575156252e-05,Pro,bottomlane radiant
802200,114,33,dire,FATA%2D,1,27667,28,1.06055263125002e-05,Pro,bottomlane radiant
803200,115,31,dire,FATA%2D,1,28667,29,1.09842951093752e-05,Pro,bottomlane radiant
804400,117,30,dire,FATA%2D,1,29867,30,1.13630639062502e-05,Pro,bottomlane radiant
805466,119,31,dire,FATA%2D,1,30933,31,1.17418327031252e-05,Pro,bottomlane radiant
806333,120,32,dire,FATA%2D,1,31800,32,1.21206015000002e-05,Pro,void radiant
806933,121,31,dire,FATA%2D,1,32400,33,1.24993702968752e-05,Pro,void radiant
806933,121,31,dire,FATA%2D,1,32400,34,1.28781390937502e-05,Pro,void radiant
806933,121,31,dire,FATA%2D,1,32400,35,1.32569078906252e-05,Pro,void radiant
806933,121,31,dire,FATA%2D,1,32400,36,1.36356766875002e-05,Pro,void radiant
811266,120,30,dire,FATA%2D,1,36733,37,1.40144454843752e-05,Pro,laneshop radiant
811666,120,29,dire,FATA%2D,1,37133,38,1.43932142812502e-05,Pro,laneshop radiant
811666,120,29,dire,FATA%2D,1,37133,39,1.47719830781252e-05,Pro,laneshop radiant
814466,117,29,dire,FATA%2D,1,39933,40,1.51507518750002e-05,Pro,bottomlane radiant
815333,115,30,dire,FATA%2D,1,40800,41,1.55295206718752e-05,Pro,bottomlane radiant
816333,113,31,dire,FATA%2D,1,41800,42,1.59082894687503e-05,Pro,bottomlane radiant
817266,111,32,dire,FATA%2D,1,42733,43,1.62870582656253e-05,Pro,bottomlane radiant
818266,109,33,dire,FATA%2D,1,43733,44,1.66658270625003e-05,Pro,bottomlane radiant
819133,107,34,dire,FATA%2D,1,44600,45,1.70445958593753e-05,Pro,river
820533,104,33,dire,FATA%2D,1,46000,46,1.74233646562503e-05,Pro,river
821533,103,31,dire,FATA%2D,1,47000,47,1.78021334531253e-05,Pro,void radiant
822000,103,30,dire,FATA%2D,1,47467,48,1.81809022500003e-05,Pro,jungle radiant
823400,104,32,dire,FATA%2D,1,48867,49,1.85596710468753e-05,Pro,river
824266,105,34,dire,FATA%2D,1,49733,50,1.89384398437503e-05,Pro,river
825533,108,34,dire,FATA%2D,1,51000,51,1.93172086406253e-05,Pro,bottomlane radiant
826333,109,36,dire,FATA%2D,1,51800,52,1.96959774375003e-05,Pro,bottomlane radiant
827200,110,38,dire,FATA%2D,1,52667,53,2.00747462343753e-05,Pro,bottomlane dire
828533,111,40,dire,FATA%2D,1,54000,54,2.04535150312503e-05,Pro,bottomlane dire
829466,111,43,dire,FATA%2D,1,54933,55,2.08322838281253e-05,Pro,bottomlane dire
830400,112,45,dire,FATA%2D,1,55867,56,2.12110526250003e-05,Pro,bottomlane dire
831266,112,47,dire,FATA%2D,1,56733,57,2.15898214218753e-05,Pro,bottomlane dire
832533,113,50,dire,FATA%2D,1,58000,58,2.19685902187503e-05,Pro,bottomlane dire
833400,113,52,dire,FATA%2D,1,58867,59,2.23473590156253e-05,Pro,bottomlane dire
834266,113,54,dire,FATA%2D,1,59733,60,2.27261278125004e-05,Pro,bottomlane dire
835533,113,57,dire,FATA%2D,1,61000,61,2.31048966093754e-05,Pro,bottomlane dire
836400,114,59,dire,FATA%2D,1,61867,62,2.34836654062504e-05,Pro,bottomlane dire
837266,114,61,dire,FATA%2D,1,62733,63,2.38624342031254e-05,Pro,bottomlane dire
838533,114,64,dire,FATA%2D,1,64000,64,2.42412030000004e-05,Pro,bottomlane dire
839400,114,66,dire,FATA%2D,1,64867,65,2.46199717968754e-05,Pro,bottomlane dire
840533,113,68,dire,FATA%2D,1,66000,66,2.49987405937504e-05,Pro,bottomlane dire
841133,113,70,dire,FATA%2D,1,66600,67,2.53775093906254e-05,Pro,bottomlane dire
842466,113,73,dire,FATA%2D,1,67933,68,2.57562781875004e-05,Pro,bottomlane dire
843266,113,75,dire,FATA%2D,1,68733,69,2.61350469843754e-05,Pro,bottomlane dire
844133,113,77,dire,FATA%2D,1,69600,70,2.65138157812504e-05,Pro,bottomlane dire
844133,113,77,dire,FATA%2D,1,69600,71,2.68925845781254e-05,Pro,bottomlane dire
844133,113,77,dire,FATA%2D,1,69600,72,2.72713533750004e-05,Pro,bottomlane dire
847400,112,77,dire,FATA%2D,1,72867,73,2.76501221718754e-05,Pro,bottomlane dire
847800,113,77,dire,FATA%2D,1,73267,74,2.80288909687504e-05,Pro,bottomlane dire
849066,112,77,dire,FATA%2D,1,74533,75,2.84076597656254e-05,Pro,bottomlane dire
849066,112,77,dire,FATA%2D,1,74533,76,2.87864285625005e-05,Pro,bottomlane dire
849066,112,77,dire,FATA%2D,1,74533,77,2.91651973593755e-05,Pro,bottomlane dire
851866,113,76,dire,FATA%2D,1,77333,78,2.95439661562505e-05,Pro,bottomlane dire
853133,113,77,dire,FATA%2D,1,78600,79,2.99227349531255e-05,Pro,bottomlane dire
853133,113,77,dire,FATA%2D,1,78600,80,3.03015037500005e-05,Pro,bottomlane dire
855466,112,77,dire,FATA%2D,1,80933,81,3.06802725468755e-05,Pro,bottomlane dire
855466,112,77,dire,FATA%2D,1,80933,82,3.10590413437505e-05,Pro,bottomlane dire
857466,113,77,dire,FATA%2D,1,82933,83,3.14378101406255e-05,Pro,bottomlane dire
858266,113,75,dire,FATA%2D,1,83733,84,3.18165789375005e-05,Pro,bottomlane dire
859266,113,74,dire,FATA%2D,1,84733,85,3.21953477343755e-05,Pro,bottomlane dire
860133,114,72,dire,FATA%2D,1,85600,86,3.25741165312505e-05,Pro,bottomlane dire
861533,113,71,dire,FATA%2D,1,87000,87,3.29528853281255e-05,Pro,bottomlane dire
862333,114,69,dire,FATA%2D,1,87800,88,3.33316541250005e-05,Pro,bottomlane dire
863533,114,67,dire,FATA%2D,1,89000,89,3.37104229218755e-05,Pro,bottomlane dire
864533,114,65,dire,FATA%2D,1,90000,90,3.40891917187505e-05,Pro,bottomlane dire
865066,114,64,dire,FATA%2D,1,90533,91,3.44679605156255e-05,Pro,bottomlane dire
866466,114,62,dire,FATA%2D,1,91933,92,3.48467293125005e-05,Pro,bottomlane dire
866933,114,61,dire,FATA%2D,1,92400,93,3.52254981093756e-05,Pro,bottomlane dire
868200,114,59,dire,FATA%2D,1,93667,94,3.56042669062506e-05,Pro,bottomlane dire
869133,114,58,dire,FATA%2D,1,94600,95,3.59830357031256e-05,Pro,bottomlane dire
870333,114,56,dire,FATA%2D,1,95800,96,3.63618045000006e-05,Pro,bottomlane dire
871466,114,54,dire,FATA%2D,1,96933,97,3.67405732968756e-05,Pro,bottomlane dire
872200,114,52,dire,FATA%2D,1,97667,98,3.71193420937506e-05,Pro,bottomlane dire
873466,114,50,dire,FATA%2D,1,98933,99,3.74981108906256e-05,Pro,bottomlane dire
874133,112,50,dire,FATA%2D,1,99600,100,3.78768796875006e-05,Pro,bottomlane dire
875333,110,48,dire,FATA%2D,1,100800,101,3.82556484843756e-05,Pro,bottomlane dire
876133,110,46,dire,FATA%2D,1,101600,102,3.86344172812506e-05,Pro,bottomlane dire
877466,110,43,dire,FATA%2D,1,102933,103,3.90131860781256e-05,Pro,bottomlane dire
878333,110,41,dire,FATA%2D,1,103800,104,3.93919548750006e-05,Pro,bottomlane dire
879266,111,39,dire,FATA%2D,1,104733,105,3.97707236718756e-05,Pro,bottomlane dire
880533,111,36,dire,FATA%2D,1,106000,106,4.01494924687506e-05,Pro,bottomlane radiant
881400,112,34,dire,FATA%2D,1,106867,107,4.05282612656256e-05,Pro,bottomlane radiant
882266,112,32,dire,FATA%2D,1,107733,108,4.09070300625006e-05,Pro,bottomlane radiant
883166,112,30,dire,FATA%2D,1,108633,109,4.12857988593756e-05,Pro,bottomlane radiant
884433,111,27,dire,FATA%2D,1,109900,110,4.16645676562507e-05,Pro,bottomlane radiant
885366,112,26,dire,FATA%2D,1,110833,111,4.20433364531257e-05,Pro,bottomlane radiant
886233,111,26,dire,FATA%2D,1,111700,112,4.24221052500007e-05,Pro,bottomlane radiant
887366,110,26,dire,FATA%2D,1,112833,113,4.28008740468757e-05,Pro,bottomlane radiant
888033,111,25,dire,FATA%2D,1,113500,114,4.31796428437507e-05,Pro,bottomlane radiant
889300,110,25,dire,FATA%2D,1,114767,115,4.35584116406257e-05,Pro,bottomlane radiant
889300,110,25,dire,FATA%2D,1,114767,116,4.39371804375007e-05,Pro,bottomlane radiant
889300,110,25,dire,FATA%2D,1,114767,117,4.43159492343757e-05,Pro,bottomlane radiant
892366,108,25,dire,FATA%2D,1,117833,118,4.46947180312507e-05,Pro,bottomlane radiant
893166,108,24,dire,FATA%2D,1,118633,119,4.50734868281257e-05,Pro,bottomlane radiant
894500,110,25,dire,FATA%2D,1,119967,120,4.54522556250007e-05,Pro,bottomlane radiant
895033,110,24,dire,FATA%2D,1,120500,121,4.58310244218757e-05,Pro,bottomlane radiant
896500,110,24,dire,FATA%2D,1,121967,122,4.62097932187507e-05,Pro,bottomlane radiant
896500,110,24,dire,FATA%2D,1,121967,123,4.65885620156257e-05,Pro,bottomlane radiant
896500,110,24,dire,FATA%2D,1,121967,124,4.69673308125007e-05,Pro,bottomlane radiant
899300,111,24,dire,FATA%2D,1,124767,125,4.73460996093757e-05,Pro,bottomlane radiant
900100,111,24,dire,FATA%2D,1,125567,126,4.77248684062507e-05,Pro,bottomlane radiant
901166,109,24,dire,FATA%2D,1,126633,127,4.81036372031258e-05,Pro,bottomlane radiant
902033,107,24,dire,FATA%2D,1,127500,128,4.84824060000008e-05,Pro,bottomlane radiant
902833,107,23,dire,FATA%2D,1,128300,129,4.88611747968758e-05,Pro,bottomlane radiant
904366,108,23,dire,FATA%2D,1,129833,130,4.92399435937508e-05,Pro,bottomlane radiant
904833,109,23,dire,FATA%2D,1,130300,131,4.96187123906258e-05,Pro,bottomlane radiant
906433,110,24,dire,FATA%2D,1,131900,132,4.99974811875008e-05,Pro,bottomlane radiant
907500,112,24,dire,FATA%2D,1,132967,133,5.03762499843758e-05,Pro,bottomlane radiant
908233,113,26,dire,FATA%2D,1,133700,134,5.07550187812508e-05,Pro,bottomlane radiant
909100,113,28,dire,FATA%2D,1,134567,135,5.11337875781258e-05,Pro,bottomlane radiant
910500,114,30,dire,FATA%2D,1,135967,136,5.15125563750008e-05,Pro,bottomlane radiant
911166,113,31,dire,FATA%2D,1,136633,137,5.18913251718758e-05,Pro,bottomlane radiant
912166,111,30,dire,FATA%2D,1,137633,138,5.22700939687508e-05,Pro,bottomlane radiant
913033,111,29,dire,FATA%2D,1,138500,139,5.26488627656258e-05,Pro,bottomlane radiant
913033,111,29,dire,FATA%2D,1,138500,140,5.30276315625008e-05,Pro,bottomlane radiant
915300,111,30,dire,FATA%2D,1,140767,141,5.34064003593758e-05,Pro,bottomlane radiant
916233,111,30,dire,FATA%2D,1,141700,142,5.37851691562508e-05,Pro,bottomlane radiant
916700,112,30,dire,FATA%2D,1,142167,143,5.41639379531258e-05,Pro,bottomlane radiant
916700,112,30,dire,FATA%2D,1,142167,144,5.45427067500008e-05,Pro,bottomlane radiant
918766,113,30,dire,FATA%2D,1,144233,145,5.49214755468759e-05,Pro,bottomlane radiant
920366,114,28,dire,FATA%2D,1,145833,146,5.53002443437509e-05,Pro,bottomlane radiant
920766,114,29,dire,FATA%2D,1,146233,147,5.56790131406259e-05,Pro,bottomlane radiant
922500,113,30,dire,FATA%2D,1,147967,148,5.60577819375009e-05,Pro,bottomlane radiant
923433,112,29,dire,FATA%2D,1,148900,149,5.64365507343759e-05,Pro,bottomlane radiant
923433,112,29,dire,FATA%2D,1,148900,150,5.68153195312509e-05,Pro,bottomlane radiant
923433,112,29,dire,FATA%2D,1,148900,151,5.71940883281259e-05,Pro,bottomlane radiant
926433,112,30,dire,FATA%2D,1,151900,152,5.75728571250009e-05,Pro,bottomlane radiant
926833,112,29,dire,FATA%2D,1,152300,153,5.79516259218759e-05,Pro,bottomlane radiant
928300,112,30,dire,FATA%2D,1,153767,154,5.83303947187509e-05,Pro,bottomlane radiant
929366,110,29,dire,FATA%2D,1,154833,155,5.87091635156259e-05,Pro,bottomlane radiant
930500,111,29,dire,FATA%2D,1,155967,156,5.90879323125009e-05,Pro,bottomlane radiant
930500,111,29,dire,FATA%2D,1,155967,157,5.94667011093759e-05,Pro,bottomlane radiant
930500,111,29,dire,FATA%2D,1,155967,158,5.98454699062509e-05,Pro,bottomlane radiant
930500,111,29,dire,FATA%2D,1,155967,159,6.02242387031259e-05,Pro,bottomlane radiant
934166,111,28,dire,FATA%2D,1,159633,160,6.06030075000009e-05,Pro,bottomlane radiant
934166,111,28,dire,FATA%2D,1,159633,161,6.0981776296876e-05,Pro,bottomlane radiant
936233,113,27,dire,FATA%2D,1,161700,162,6.1360545093751e-05,Pro,bottomlane radiant
936233,113,27,dire,FATA%2D,1,161700,163,6.1739313890626e-05,Pro,bottomlane radiant
937966,113,28,dire,FATA%2D,1,163433,164,6.2118082687501e-05,Pro,bottomlane radiant
939433,113,29,dire,FATA%2D,1,164900,165,6.2496851484376e-05,Pro,bottomlane radiant
940500,113,28,dire,FATA%2D,1,165967,166,6.2875620281251e-05,Pro,bottomlane radiant
940966,112,28,dire,FATA%2D,1,166433,167,6.3254389078126e-05,Pro,bottomlane radiant
942166,113,29,dire,FATA%2D,1,167633,168,6.3633157875001e-05,Pro,bottomlane radiant
943433,111,28,dire,FATA%2D,1,168900,169,6.4011926671876e-05,Pro,bottomlane radiant
943433,111,28,dire,FATA%2D,1,168900,170,6.4390695468751e-05,Pro,bottomlane radiant
943433,111,28,dire,FATA%2D,1,168900,171,6.4769464265626e-05,Pro,bottomlane radiant
943433,111,28,dire,FATA%2D,1,168900,172,6.5148233062501e-05,Pro,bottomlane radiant
947500,111,26,dire,FATA%2D,1,172967,173,6.5527001859376e-05,Pro,bottomlane radiant
948500,110,23,dire,FATA%2D,1,173967,174,6.5905770656251e-05,Pro,bottomlane radiant
949433,109,21,dire,FATA%2D,1,174900,175,6.6284539453126e-05,Pro,bottomlane radiant
950500,110,20,dire,FATA%2D,1,175967,176,6.6663308250001e-05,Pro,bottomlane radiant
951366,110,18,dire,FATA%2D,1,176833,177,6.70420770468761e-05,Pro,bottomlane radiant
952300,109,18,dire,FATA%2D,1,177767,178,6.74208458437511e-05,Pro,bottomlane radiant
952766,109,17,dire,FATA%2D,1,178233,179,6.77996146406261e-05,Pro,bottomlane radiant
952766,109,17,dire,FATA%2D,1,178233,180,6.81783834375011e-05,Pro,bottomlane radiant
952766,109,17,dire,FATA%2D,1,178233,181,6.85571522343761e-05,Pro,bottomlane radiant
956033,108,16,dire,FATA%2D,1,181500,182,6.89359210312511e-05,Pro,bottomlane radiant
957233,109,18,dire,FATA%2D,1,182700,183,6.93146898281261e-05,Pro,bottomlane radiant
958300,110,20,dire,FATA%2D,1,183767,184,6.96934586250011e-05,Pro,bottomlane radiant
959433,112,21,dire,FATA%2D,1,184900,185,7.00722274218761e-05,Pro,bottomlane radiant
960100,113,22,dire,FATA%2D,1,185567,186,7.04509962187511e-05,Pro,bottomlane radiant
961300,111,23,dire,FATA%2D,1,186767,187,7.08297650156261e-05,Pro,bottomlane radiant
962500,109,22,dire,FATA%2D,1,187967,188,7.12085338125011e-05,Pro,bottomlane radiant
963433,108,20,dire,FATA%2D,1,188900,189,7.15873026093761e-05,Pro,bottomlane radiant
964433,108,18,dire,FATA%2D,1,189900,190,7.19660714062511e-05,Pro,bottomlane radiant
964766,107,18,dire,FATA%2D,1,190233,191,7.23448402031261e-05,Pro,bottomlane radiant
966300,108,17,dire,FATA%2D,1,191767,192,7.27236090000011e-05,Pro,bottomlane radiant
967033,106,17,dire,FATA%2D,1,192500,193,7.31023777968761e-05,Pro,bottomlane radiant
968233,108,18,dire,FATA%2D,1,193700,194,7.34811465937511e-05,Pro,bottomlane radiant
969500,107,18,dire,FATA%2D,1,194967,195,7.38599153906262e-05,Pro,bottomlane radiant
969700,108,18,dire,FATA%2D,1,195167,196,7.42386841875012e-05,Pro,bottomlane radiant
971033,108,17,dire,FATA%2D,1,196500,197,7.46174529843762e-05,Pro,bottomlane radiant
972433,106,16,dire,FATA%2D,1,197900,198,7.49962217812512e-05,Pro,bottomlane radiant
973366,106,16,dire,FATA%2D,1,198833,199,7.53749905781262e-05,Pro,bottomlane radiant
974433,108,18,dire,FATA%2D,1,199900,200,7.57537593750012e-05,Pro,bottomlane radiant
975300,108,20,dire,FATA%2D,1,200767,201,7.61325281718762e-05,Pro,bottomlane radiant
976433,107,20,dire,FATA%2D,1,201900,202,7.65112969687512e-05,Pro,bottomlane radiant
977366,108,18,dire,FATA%2D,1,202833,203,7.68900657656262e-05,Pro,bottomlane radiant
978233,108,18,dire,FATA%2D,1,203700,204,7.72688345625012e-05,Pro,bottomlane radiant
979100,109,18,dire,FATA%2D,1,204567,205,7.76476033593762e-05,Pro,bottomlane radiant
980166,108,17,dire,FATA%2D,1,205633,206,7.80263721562512e-05,Pro,bottomlane radiant
981300,108,18,dire,FATA%2D,1,206767,207,7.84051409531262e-05,Pro,bottomlane radiant
982166,107,16,dire,FATA%2D,1,207633,208,7.87839097500012e-05,Pro,bottomlane radiant
983366,107,17,dire,FATA%2D,1,208833,209,7.91626785468762e-05,Pro,bottomlane radiant
983833,106,16,dire,FATA%2D,1,209300,210,7.95414473437512e-05,Pro,bottomlane radiant
985033,107,17,dire,FATA%2D,1,210500,211,7.99202161406263e-05,Pro,bottomlane radiant
986233,108,17,dire,FATA%2D,1,211700,212,8.02989849375013e-05,Pro,bottomlane radiant
987100,109,17,dire,FATA%2D,1,212567,213,8.06777537343763e-05,Pro,bottomlane radiant
988366,110,18,dire,FATA%2D,1,213833,214,8.10565225312513e-05,Pro,bottomlane radiant
989500,112,20,dire,FATA%2D,1,214967,215,8.14352913281263e-05,Pro,bottomlane radiant
990233,113,21,dire,FATA%2D,1,215700,216,8.18140601250013e-05,Pro,bottomlane radiant
991500,114,24,dire,FATA%2D,1,216967,217,8.21928289218763e-05,Pro,bottomlane radiant
992500,116,25,dire,FATA%2D,1,217967,218,8.25715977187513e-05,Pro,bottomlane radiant
993366,118,25,dire,FATA%2D,1,218833,219,8.29503665156263e-05,Pro,bottomlane radiant
994233,117,25,dire,FATA%2D,1,219700,220,8.33291353125013e-05,Pro,bottomlane radiant
995500,114,25,dire,FATA%2D,1,220967,221,8.37079041093763e-05,Pro,bottomlane radiant
996500,112,26,dire,FATA%2D,1,221967,222,8.40866729062513e-05,Pro,bottomlane radiant
997233,112,28,dire,FATA%2D,1,222700,223,8.44654417031263e-05,Pro,bottomlane radiant
998300,112,31,dire,FATA%2D,1,223767,224,8.48442105000013e-05,Pro,bottomlane radiant
999500,111,32,dire,FATA%2D,1,224967,225,8.52229792968763e-05,Pro,bottomlane radiant
1000066,111,31,dire,FATA%2D,1,225533,226,8.56017480937513e-05,Pro,bottomlane radiant
1001200,110,30,dire,FATA%2D,1,226667,227,8.59805168906263e-05,Pro,bottomlane radiant
1002066,109,28,dire,FATA%2D,1,227533,228,8.63592856875013e-05,Pro,bottomlane radiant
1003200,110,29,dire,FATA%2D,1,228667,229,8.67380544843764e-05,Pro,bottomlane radiant
1004533,111,28,dire,FATA%2D,1,230000,230,8.71168232812514e-05,Pro,bottomlane radiant
1005400,111,28,dire,FATA%2D,1,230867,231,8.74955920781264e-05,Pro,bottomlane radiant
1005400,111,28,dire,FATA%2D,1,230867,232,8.78743608750014e-05,Pro,bottomlane radiant
1007400,110,28,dire,FATA%2D,1,232867,233,8.82531296718764e-05,Pro,bottomlane radiant
1008400,109,28,dire,FATA%2D,1,233867,234,8.86318984687514e-05,Pro,bottomlane radiant
1008400,109,28,dire,FATA%2D,1,233867,235,8.90106672656264e-05,Pro,bottomlane radiant
1010066,110,29,dire,FATA%2D,1,235533,236,8.93894360625014e-05,Pro,bottomlane radiant
1010066,110,29,dire,FATA%2D,1,235533,237,8.97682048593764e-05,Pro,bottomlane radiant
1010066,110,29,dire,FATA%2D,1,235533,238,9.01469736562514e-05,Pro,bottomlane radiant
1010066,110,29,dire,FATA%2D,1,235533,239,9.05257424531264e-05,Pro,bottomlane radiant
1013933,111,29,dire,FATA%2D,1,239400,240,9.09045112500014e-05,Pro,bottomlane radiant
1015266,112,29,dire,FATA%2D,1,240733,241,9.12832800468764e-05,Pro,bottomlane radiant
1016400,111,29,dire,FATA%2D,1,241867,242,9.16620488437514e-05,Pro,bottomlane radiant
1017200,112,29,dire,FATA%2D,1,242667,243,9.20408176406264e-05,Pro,bottomlane radiant
1018466,113,32,dire,FATA%2D,1,243933,244,9.24195864375014e-05,Pro,bottomlane radiant
1019133,112,31,dire,FATA%2D,1,244600,245,9.27983552343764e-05,Pro,bottomlane radiant
1020400,112,31,dire,FATA%2D,1,245867,246,9.31771240312515e-05,Pro,bottomlane radiant
1020800,111,31,dire,FATA%2D,1,246267,247,9.35558928281265e-05,Pro,bottomlane radiant
1022266,111,32,dire,FATA%2D,1,247733,248,9.39346616250015e-05,Pro,bottomlane radiant
1023533,111,35,dire,FATA%2D,1,249000,249,9.43134304218765e-05,Pro,bottomlane radiant
1024266,111,37,dire,FATA%2D,1,249733,250,9.46921992187515e-05,Pro,bottomlane radiant
1025400,112,40,dire,FATA%2D,1,250867,251,9.50709680156265e-05,Pro,bottomlane dire
1026533,111,41,dire,FATA%2D,1,252000,252,9.54497368125015e-05,Pro,bottomlane dire
1027133,111,39,dire,FATA%2D,1,252600,253,9.58285056093765e-05,Pro,bottomlane dire
1028533,111,39,dire,FATA%2D,1,254000,254,9.62072744062515e-05,Pro,bottomlane dire
1028533,111,39,dire,FATA%2D,1,254000,255,9.65860432031265e-05,Pro,bottomlane dire
1030533,112,37,dire,FATA%2D,1,256000,256,9.69648120000015e-05,Pro,bottomlane radiant
1031466,114,39,dire,FATA%2D,1,256933,257,9.73435807968765e-05,Pro,bottomlane dire
1032466,115,38,dire,FATA%2D,1,257933,258,9.77223495937515e-05,Pro,bottomlane dire
1033266,116,36,dire,FATA%2D,1,258733,259,9.81011183906265e-05,Pro,bottomlane radiant
1033800,115,35,dire,FATA%2D,1,259267,260,9.84798871875015e-05,Pro,bottomlane radiant
1034666,115,36,dire,FATA%2D,1,260133,261,9.88586559843765e-05,Pro,bottomlane radiant
1036466,115,37,dire,FATA%2D,1,261933,262,9.92374247812516e-05,Pro,bottomlane radiant
1036733,115,36,dire,FATA%2D,1,262200,263,9.96161935781266e-05,Pro,bottomlane radiant
1037933,115,35,dire,FATA%2D,1,263400,264,9.99949623750016e-05,Pro,bottomlane radiant
1039266,115,36,dire,FATA%2D,1,264733,265,0.000100373731171877,Pro,bottomlane radiant
1040466,115,39,dire,FATA%2D,1,265933,266,0.000100752499968752,Pro,bottomlane dire
1041533,113,39,dire,FATA%2D,1,267000,267,0.000101131268765627,Pro,bottomlane dire
1041733,114,39,dire,FATA%2D,1,267200,268,0.000101510037562502,Pro,bottomlane dire
1041733,114,39,dire,FATA%2D,1,267200,269,0.000101888806359377,Pro,bottomlane dire
1041733,114,39,dire,FATA%2D,1,267200,270,0.000102267575156252,Pro,bottomlane dire
1045400,115,38,dire,FATA%2D,1,270867,271,0.000102646343953127,Pro,bottomlane dire
1045400,115,38,dire,FATA%2D,1,270867,272,0.000103025112750002,Pro,bottomlane dire
1046733,115,39,dire,FATA%2D,1,272200,273,0.000103403881546877,Pro,bottomlane dire
1048466,113,39,dire,FATA%2D,1,273933,274,0.000103782650343752,Pro,bottomlane dire
1049333,112,37,dire,FATA%2D,1,274800,275,0.000104161419140627,Pro,bottomlane radiant
1050466,112,34,dire,FATA%2D,1,275933,276,0.000104540187937502,Pro,bottomlane radiant
1051200,113,32,dire,FATA%2D,1,276667,277,0.000104918956734377,Pro,bottomlane radiant
1052333,111,31,dire,FATA%2D,1,277800,278,0.000105297725531252,Pro,bottomlane radiant
1053066,110,31,dire,FATA%2D,1,278533,279,0.000105676494328127,Pro,bottomlane radiant
1054466,111,28,dire,FATA%2D,1,279933,280,0.000106055263125002,Pro,bottomlane radiant
1055533,112,28,dire,FATA%2D,1,281000,281,0.000106434031921877,Pro,bottomlane radiant
1056466,113,27,dire,FATA%2D,1,281933,282,0.000106812800718752,Pro,bottomlane radiant
1057533,113,27,dire,FATA%2D,1,283000,283,0.000107191569515627,Pro,bottomlane radiant
1058466,113,30,dire,FATA%2D,1,283933,284,0.000107570338312502,Pro,bottomlane radiant
1059400,113,32,dire,FATA%2D,1,284867,285,0.000107949107109377,Pro,bottomlane radiant
1060200,111,33,dire,FATA%2D,1,285667,286,0.000108327875906252,Pro,bottomlane radiant
1061333,109,32,dire,FATA%2D,1,286800,287,0.000108706644703127,Pro,bottomlane radiant
1062333,110,30,dire,FATA%2D,1,287800,288,0.000109085413500002,Pro,bottomlane radiant
1063400,110,31,dire,FATA%2D,1,288867,289,0.000109464182296877,Pro,bottomlane radiant
1064466,111,31,dire,FATA%2D,1,289933,290,0.000109842951093752,Pro,bottomlane radiant
1064466,111,31,dire,FATA%2D,1,289933,291,0.000110221719890627,Pro,bottomlane radiant
1066066,111,32,dire,FATA%2D,1,291533,292,0.000110600488687502,Pro,bottomlane radiant
1066666,111,31,dire,FATA%2D,1,292133,293,0.000110979257484377,Pro,bottomlane radiant
1068466,111,33,dire,FATA%2D,1,293933,294,0.000111358026281252,Pro,bottomlane radiant
1069533,112,32,dire,FATA%2D,1,295000,295,0.000111736795078127,Pro,bottomlane radiant
1070066,111,31,dire,FATA%2D,1,295533,296,0.000112115563875002,Pro,bottomlane radiant
1070066,111,31,dire,FATA%2D,1,295533,297,0.000112494332671877,Pro,bottomlane radiant
1072466,111,28,dire,FATA%2D,1,297933,298,0.000112873101468752,Pro,bottomlane radiant
1073000,111,27,dire,FATA%2D,1,298467,299,0.000113251870265627,Pro,bottomlane radiant
1074266,110,27,dire,FATA%2D,1,299733,300,0.000113630639062502,Pro,bottomlane radiant
1075533,109,24,dire,FATA%2D,1,301000,301,0.000114009407859377,Pro,bottomlane radiant
1076333,110,22,dire,FATA%2D,1,301800,302,0.000114388176656252,Pro,bottomlane radiant
1076733,110,21,dire,FATA%2D,1,302200,303,0.000114766945453127,Pro,bottomlane radiant
1078333,110,20,dire,FATA%2D,1,303800,304,0.000115145714250002,Pro,bottomlane radiant
1079200,108,21,dire,FATA%2D,1,304667,305,0.000115524483046877,Pro,bottomlane radiant
1080200,108,20,dire,FATA%2D,1,305667,306,0.000115903251843752,Pro,bottomlane radiant
1081466,108,21,dire,FATA%2D,1,306933,307,0.000116282020640627,Pro,bottomlane radiant
1082466,109,20,dire,FATA%2D,1,307933,308,0.000116660789437502,Pro,bottomlane radiant
1083533,109,18,dire,FATA%2D,1,309000,309,0.000117039558234377,Pro,bottomlane radiant
1084533,111,19,dire,FATA%2D,1,310000,310,0.000117418327031252,Pro,bottomlane radiant
1085533,112,22,dire,FATA%2D,1,311000,311,0.000117797095828127,Pro,bottomlane radiant
1086533,112,22,dire,FATA%2D,1,312000,312,0.000118175864625002,Pro,bottomlane radiant
1087333,112,24,dire,FATA%2D,1,312800,313,0.000118554633421877,Pro,bottomlane radiant
1088400,111,25,dire,FATA%2D,1,313867,314,0.000118933402218752,Pro,bottomlane radiant
1089466,112,25,dire,FATA%2D,1,314933,315,0.000119312171015627,Pro,bottomlane radiant
1089933,111,26,dire,FATA%2D,1,315400,316,0.000119690939812502,Pro,bottomlane radiant
1091400,111,26,dire,FATA%2D,1,316867,317,0.000120069708609377,Pro,bottomlane radiant
1092400,110,28,dire,FATA%2D,1,317867,318,0.000120448477406252,Pro,bottomlane radiant
1093466,110,26,dire,FATA%2D,1,318933,319,0.000120827246203127,Pro,bottomlane radiant
1094533,109,25,dire,FATA%2D,1,320000,320,0.000121206015000002,Pro,bottomlane radiant
1095266,110,25,dire,FATA%2D,1,320733,321,0.000121584783796877,Pro,bottomlane radiant
1096400,110,26,dire,FATA%2D,1,321867,322,0.000121963552593752,Pro,bottomlane radiant
1097333,109,25,dire,FATA%2D,1,322800,323,0.000122342321390627,Pro,bottomlane radiant
1098333,110,25,dire,FATA%2D,1,323800,324,0.000122721090187502,Pro,bottomlane radiant
1099533,112,25,dire,FATA%2D,1,325000,325,0.000123099858984377,Pro,bottomlane radiant
1099533,112,25,dire,FATA%2D,1,325000,326,0.000123478627781252,Pro,bottomlane radiant
1101333,112,25,dire,FATA%2D,1,326800,327,0.000123857396578127,Pro,bottomlane radiant
1101333,112,25,dire,FATA%2D,1,326800,328,0.000124236165375002,Pro,bottomlane radiant
1103133,112,25,dire,FATA%2D,1,328600,329,0.000124614934171877,Pro,bottomlane radiant
1104333,112,26,dire,FATA%2D,1,329800,330,0.000124993702968752,Pro,bottomlane radiant
1104733,111,25,dire,FATA%2D,1,330200,331,0.000125372471765627,Pro,bottomlane radiant
1104733,111,25,dire,FATA%2D,1,330200,332,0.000125751240562502,Pro,bottomlane radiant
1107200,112,26,dire,FATA%2D,1,332667,333,0.000126130009359377,Pro,bottomlane radiant
1108533,114,29,dire,FATA%2D,1,334000,334,0.000126508778156252,Pro,bottomlane radiant
1109266,114,31,dire,FATA%2D,1,334733,335,0.000126887546953127,Pro,bottomlane radiant
1110200,114,29,dire,FATA%2D,1,335667,336,0.000127266315750002,Pro,bottomlane radiant
1111466,115,30,dire,FATA%2D,1,336933,337,0.000127645084546877,Pro,bottomlane radiant
1112266,115,32,dire,FATA%2D,1,337733,338,0.000128023853343752,Pro,bottomlane radiant
1113333,115,35,dire,FATA%2D,1,338800,339,0.000128402622140627,Pro,bottomlane radiant
1114466,114,38,dire,FATA%2D,1,339933,340,0.000128781390937502,Pro,bottomlane dire
1115200,114,40,dire,FATA%2D,1,340667,341,0.000129160159734377,Pro,bottomlane dire
1116133,114,38,dire,FATA%2D,1,341600,342,0.000129538928531252,Pro,bottomlane dire
1117466,112,37,dire,FATA%2D,1,342933,343,0.000129917697328127,Pro,bottomlane radiant
1117866,112,36,dire,FATA%2D,1,343333,344,0.000130296466125002,Pro,bottomlane radiant
1119266,110,37,dire,FATA%2D,1,344733,345,0.000130675234921877,Pro,bottomlane radiant
1120266,110,37,dire,FATA%2D,1,345733,346,0.000131054003718752,Pro,bottomlane radiant
1120666,110,36,dire,FATA%2D,1,346133,347,0.000131432772515627,Pro,bottomlane radiant
1122533,111,33,dire,FATA%2D,1,348000,348,0.000131811541312502,Pro,bottomlane radiant
1122533,111,33,dire,FATA%2D,1,348000,349,0.000132190310109377,Pro,bottomlane radiant
1122533,111,33,dire,FATA%2D,1,348000,350,0.000132569078906252,Pro,bottomlane radiant
1122533,111,33,dire,FATA%2D,1,348000,351,0.000132947847703127,Pro,bottomlane radiant
1125666,111,34,dire,FATA%2D,1,351133,352,0.000133326616500002,Pro,bottomlane radiant
1125666,111,34,dire,FATA%2D,1,351133,353,0.000133705385296877,Pro,bottomlane radiant
1125666,111,34,dire,FATA%2D,1,351133,354,0.000134084154093752,Pro,bottomlane radiant
1125666,111,34,dire,FATA%2D,1,351133,355,0.000134462922890627,Pro,bottomlane radiant
1125666,111,34,dire,FATA%2D,1,351133,356,0.000134841691687502,Pro,bottomlane radiant
1131466,110,33,dire,FATA%2D,1,356933,357,0.000135220460484377,Pro,bottomlane radiant
1132533,110,34,dire,FATA%2D,1,358000,358,0.000135599229281252,Pro,bottomlane radiant
1133466,110,36,dire,FATA%2D,1,358933,359,0.000135977998078127,Pro,bottomlane radiant
1134333,110,34,dire,FATA%2D,1,359800,360,0.000136356766875002,Pro,bottomlane radiant
1135466,110,35,dire,FATA%2D,1,360933,361,0.000136735535671877,Pro,bottomlane radiant
1136466,110,35,dire,FATA%2D,1,361933,362,0.000137114304468752,Pro,bottomlane radiant
1137133,109,34,dire,FATA%2D,1,362600,363,0.000137493073265627,Pro,bottomlane radiant
1137800,108,34,dire,FATA%2D,1,363267,364,0.000137871842062502,Pro,bottomlane radiant
1138933,107,34,dire,FATA%2D,1,364400,365,0.000138250610859377,Pro,river
1140133,107,34,dire,FATA%2D,1,365600,366,0.000138629379656252,Pro,river
1140133,107,34,dire,FATA%2D,1,365600,367,0.000139008148453127,Pro,river
1142533,109,33,dire,FATA%2D,1,368000,368,0.000139386917250002,Pro,bottomlane radiant
1142733,109,32,dire,FATA%2D,1,368200,369,0.000139765686046877,Pro,bottomlane radiant
1144533,110,34,dire,FATA%2D,1,370000,370,0.000140144454843752,Pro,bottomlane radiant
1145333,111,36,dire,FATA%2D,1,370800,371,0.000140523223640627,Pro,bottomlane radiant
1146400,111,39,dire,FATA%2D,1,371867,372,0.000140901992437502,Pro,bottomlane dire
1147133,111,41,dire,FATA%2D,1,372600,373,0.000141280761234377,Pro,bottomlane dire
1147600,111,42,dire,FATA%2D,1,373067,374,0.000141659530031252,Pro,bottomlane dire
1149400,113,43,dire,FATA%2D,1,374867,375,0.000142038298828127,Pro,bottomlane dire
1150400,114,42,dire,FATA%2D,1,375867,376,0.000142417067625002,Pro,bottomlane dire
1150400,114,42,dire,FATA%2D,1,375867,377,0.000142795836421877,Pro,bottomlane dire
1152133,112,41,dire,FATA%2D,1,377600,378,0.000143174605218752,Pro,bottomlane dire
1153466,111,40,dire,FATA%2D,1,378933,379,0.000143553374015627,Pro,bottomlane dire
1153466,111,40,dire,FATA%2D,1,378933,380,0.000143932142812502,Pro,bottomlane dire
1154866,112,39,dire,FATA%2D,1,380333,381,0.000144310911609377,Pro,bottomlane dire
1156133,111,39,dire,FATA%2D,1,381600,382,0.000144689680406252,Pro,bottomlane dire
1157333,112,39,dire,FATA%2D,1,382800,383,0.000145068449203127,Pro,bottomlane dire
1158066,114,39,dire,FATA%2D,1,383533,384,0.000145447218000002,Pro,bottomlane dire
1158066,114,39,dire,FATA%2D,1,383533,385,0.000145825986796877,Pro,bottomlane dire
1158066,114,39,dire,FATA%2D,1,383533,386,0.000146204755593752,Pro,bottomlane dire
1158066,114,39,dire,FATA%2D,1,383533,387,0.000146583524390627,Pro,bottomlane dire
1162533,113,37,dire,FATA%2D,1,388000,388,0.000146962293187502,Pro,bottomlane radiant
1163066,113,35,dire,FATA%2D,1,388533,389,0.000147341061984377,Pro,bottomlane radiant
1164533,111,34,dire,FATA%2D,1,390000,390,0.000147719830781252,Pro,bottomlane radiant
1165200,112,32,dire,FATA%2D,1,390667,391,0.000148098599578127,Pro,bottomlane radiant
1166533,112,30,dire,FATA%2D,1,392000,392,0.000148477368375002,Pro,bottomlane radiant
1167533,112,29,dire,FATA%2D,1,393000,393,0.000148856137171877,Pro,bottomlane radiant
1168266,112,27,dire,FATA%2D,1,393733,394,0.000149234905968752,Pro,bottomlane radiant
1169400,111,24,dire,FATA%2D,1,394867,395,0.000149613674765627,Pro,bottomlane radiant
1170533,111,21,dire,FATA%2D,1,396000,396,0.000149992443562502,Pro,bottomlane radiant
1171333,111,19,dire,FATA%2D,1,396800,397,0.000150371212359377,Pro,bottomlane radiant
1172333,110,18,dire,FATA%2D,1,397800,398,0.000150749981156252,Pro,bottomlane radiant
1172866,109,17,dire,FATA%2D,1,398333,399,0.000151128749953127,Pro,bottomlane radiant
1173933,108,16,dire,FATA%2D,1,399400,400,0.000151507518750002,Pro,bottomlane radiant
1173933,108,16,dire,FATA%2D,1,399400,401,0.000151886287546877,Pro,bottomlane radiant
1173933,108,16,dire,FATA%2D,1,399400,402,0.000152265056343752,Pro,bottomlane radiant
1177533,109,18,dire,FATA%2D,1,403000,403,0.000152643825140627,Pro,bottomlane radiant
1178466,110,20,dire,FATA%2D,1,403933,404,0.000153022593937502,Pro,bottomlane radiant
1179266,111,22,dire,FATA%2D,1,404733,405,0.000153401362734377,Pro,bottomlane radiant
1180400,111,25,dire,FATA%2D,1,405867,406,0.000153780131531252,Pro,bottomlane radiant
1181466,111,28,dire,FATA%2D,1,406933,407,0.000154158900328127,Pro,bottomlane radiant
1182200,112,30,dire,FATA%2D,1,407667,408,0.000154537669125002,Pro,bottomlane radiant
1183333,112,33,dire,FATA%2D,1,408800,409,0.000154916437921877,Pro,bottomlane radiant
1184533,113,36,dire,FATA%2D,1,410000,410,0.000155295206718752,Pro,bottomlane radiant
1185266,114,38,dire,FATA%2D,1,410733,411,0.000155673975515627,Pro,bottomlane dire
1185666,114,39,dire,FATA%2D,1,411133,412,0.000156052744312502,Pro,bottomlane dire
1187466,114,39,dire,FATA%2D,1,412933,413,0.000156431513109377,Pro,bottomlane dire
1187466,114,39,dire,FATA%2D,1,412933,414,0.000156810281906252,Pro,bottomlane dire
1189266,114,38,dire,FATA%2D,1,414733,415,0.000157189050703127,Pro,bottomlane dire
1190000,114,36,dire,FATA%2D,1,415467,416,0.000157567819500002,Pro,bottomlane radiant
1191400,112,37,dire,FATA%2D,1,416867,417,0.000157946588296877,Pro,bottomlane radiant
1191933,111,38,dire,FATA%2D,1,417400,418,0.000158325357093752,Pro,bottomlane dire
1193266,110,38,dire,FATA%2D,1,418733,419,0.000158704125890627,Pro,bottomlane dire
1194200,111,37,dire,FATA%2D,1,419667,420,0.000159082894687502,Pro,bottomlane radiant
1195466,113,35,dire,FATA%2D,1,420933,421,0.000159461663484378,Pro,bottomlane radiant
1195466,113,35,dire,FATA%2D,1,420933,422,0.000159840432281253,Pro,bottomlane radiant
1197466,112,34,dire,FATA%2D,1,422933,423,0.000160219201078128,Pro,bottomlane radiant
1198400,112,33,dire,FATA%2D,1,423867,424,0.000160597969875003,Pro,bottomlane radiant
1199200,110,34,dire,FATA%2D,1,424667,425,0.000160976738671878,Pro,bottomlane radiant
1200133,110,33,dire,FATA%2D,1,425600,426,0.000161355507468753,Pro,bottomlane radiant
1200133,110,33,dire,FATA%2D,1,425600,427,0.000161734276265628,Pro,bottomlane radiant
1200133,110,33,dire,FATA%2D,1,425600,428,0.000162113045062503,Pro,bottomlane radiant
1203000,110,35,dire,FATA%2D,1,428467,429,0.000162491813859378,Pro,bottomlane radiant
1204000,110,36,dire,FATA%2D,1,429467,430,0.000162870582656253,Pro,bottomlane radiant
1204000,110,36,dire,FATA%2D,1,429467,431,0.000163249351453128,Pro,bottomlane radiant
1204000,110,36,dire,FATA%2D,1,429467,432,0.000163628120250003,Pro,bottomlane radiant
1207533,110,38,dire,FATA%2D,1,433000,433,0.000164006889046878,Pro,bottomlane dire
1208333,110,36,dire,FATA%2D,1,433800,434,0.000164385657843753,Pro,bottomlane radiant
1208333,110,36,dire,FATA%2D,1,433800,435,0.000164764426640628,Pro,bottomlane radiant
1210333,111,34,dire,FATA%2D,1,435800,436,0.000165143195437503,Pro,bottomlane radiant
1211466,112,31,dire,FATA%2D,1,436933,437,0.000165521964234378,Pro,bottomlane radiant
1212533,112,29,dire,FATA%2D,1,438000,438,0.000165900733031253,Pro,bottomlane radiant
1213333,110,29,dire,FATA%2D,1,438800,439,0.000166279501828128,Pro,bottomlane radiant
1213600,110,28,dire,FATA%2D,1,439067,440,0.000166658270625003,Pro,bottomlane radiant
1213600,110,28,dire,FATA%2D,1,439067,441,0.000167037039421878,Pro,bottomlane radiant
1213600,110,28,dire,FATA%2D,1,439067,442,0.000167415808218753,Pro,bottomlane radiant
1213600,110,28,dire,FATA%2D,1,439067,443,0.000167794577015628,Pro,bottomlane radiant
1213600,110,28,dire,FATA%2D,1,439067,444,0.000168173345812503,Pro,bottomlane radiant
1219266,111,28,dire,FATA%2D,1,444733,445,0.000168552114609378,Pro,bottomlane radiant
1219733,111,27,dire,FATA%2D,1,445200,446,0.000168930883406253,Pro,bottomlane radiant
1219733,111,27,dire,FATA%2D,1,445200,447,0.000169309652203128,Pro,bottomlane radiant
1219733,111,27,dire,FATA%2D,1,445200,448,0.000169688421000003,Pro,bottomlane radiant
1219733,111,27,dire,FATA%2D,1,445200,449,0.000170067189796878,Pro,bottomlane radiant
1224400,112,27,dire,FATA%2D,1,449867,450,0.000170445958593753,Pro,bottomlane radiant
1225266,111,27,dire,FATA%2D,1,450733,451,0.000170824727390628,Pro,bottomlane radiant
1225266,111,27,dire,FATA%2D,1,450733,452,0.000171203496187503,Pro,bottomlane radiant
1227400,110,24,dire,FATA%2D,1,452867,453,0.000171582264984378,Pro,bottomlane radiant
1228200,108,24,dire,FATA%2D,1,453667,454,0.000171961033781253,Pro,bottomlane radiant
1228200,108,24,dire,FATA%2D,1,453667,455,0.000172339802578128,Pro,bottomlane radiant
1230466,105,24,dire,FATA%2D,1,455933,456,0.000172718571375003,Pro,jungle radiant
1230800,104,24,dire,FATA%2D,1,456267,457,0.000173097340171878,Pro,jungle radiant
1230800,104,24,dire,FATA%2D,1,456267,458,0.000173476108968753,Pro,jungle radiant
1230800,104,24,dire,FATA%2D,1,456267,459,0.000173854877765628,Pro,jungle radiant
1230800,104,24,dire,FATA%2D,1,456267,460,0.000174233646562503,Pro,jungle radiant
1235466,105,24,dire,FATA%2D,1,460933,461,0.000174612415359378,Pro,jungle radiant
1236200,106,22,dire,FATA%2D,1,461667,462,0.000174991184156253,Pro,void radiant
1236200,106,22,dire,FATA%2D,1,461667,463,0.000175369952953128,Pro,void radiant
1238400,106,21,dire,FATA%2D,1,463867,464,0.000175748721750003,Pro,bottomlane radiant
1239266,106,19,dire,FATA%2D,1,464733,465,0.000176127490546878,Pro,bottomlane radiant
1240333,105,19,dire,FATA%2D,1,465800,466,0.000176506259343753,Pro,bottomlane radiant
1241400,103,21,dire,FATA%2D,1,466867,467,0.000176885028140628,Pro,jungle radiant
1242533,100,21,dire,FATA%2D,1,468000,468,0.000177263796937503,Pro,jungle radiant
1243266,98,20,dire,FATA%2D,1,468733,469,0.000177642565734378,Pro,jungle radiant
1244400,95,20,dire,FATA%2D,1,469867,470,0.000178021334531253,Pro,jungle radiant
1245533,92,20,dire,FATA%2D,1,471000,471,0.000178400103328128,Pro,jungle radiant
1246466,91,17,dire,FATA%2D,1,471933,472,0.000178778872125003,Pro,jungle radiant
1247333,92,15,dire,FATA%2D,1,472800,473,0.000179157640921878,Pro,void radiant
1248466,92,13,dire,FATA%2D,1,473933,474,0.000179536409718753,Pro,bottomlane radiant
1249466,93,12,dire,FATA%2D,1,474933,475,0.000179915178515628,Pro,bottomlane radiant
1249866,94,12,dire,FATA%2D,1,475333,476,0.000180293947312503,Pro,bottomlane radiant
1251400,94,12,dire,FATA%2D,1,476867,477,0.000180672716109378,Pro,bottomlane radiant
1251400,94,12,dire,FATA%2D,1,476867,478,0.000181051484906253,Pro,bottomlane radiant
1253466,93,13,dire,FATA%2D,1,478933,479,0.000181430253703128,Pro,bottomlane radiant
1253466,93,13,dire,FATA%2D,1,478933,480,0.000181809022500003,Pro,bottomlane radiant
1255333,93,15,dire,FATA%2D,1,480800,481,0.000182187791296878,Pro,void radiant
1256466,93,18,dire,FATA%2D,1,481933,482,0.000182566560093753,Pro,jungle radiant
1257466,95,19,dire,FATA%2D,1,482933,483,0.000182945328890628,Pro,jungle radiant
1258533,97,21,dire,FATA%2D,1,484000,484,0.000183324097687503,Pro,jungle radiant
1259200,99,21,dire,FATA%2D,1,484667,485,0.000183702866484378,Pro,jungle radiant
1260333,102,21,dire,FATA%2D,1,485800,486,0.000184081635281253,Pro,jungle radiant
1261466,105,21,dire,FATA%2D,1,486933,487,0.000184460404078128,Pro,void radiant
1262200,107,22,dire,FATA%2D,1,487667,488,0.000184839172875003,Pro,bottomlane radiant
1263400,110,23,dire,FATA%2D,1,488867,489,0.000185217941671878,Pro,bottomlane radiant
1264533,113,24,dire,FATA%2D,1,490000,490,0.000185596710468753,Pro,bottomlane radiant
1265400,115,25,dire,FATA%2D,1,490867,491,0.000185975479265628,Pro,bottomlane radiant
1266466,118,25,dire,FATA%2D,1,491933,492,0.000186354248062503,Pro,bottomlane radiant
1267466,115,25,dire,FATA%2D,1,492933,493,0.000186733016859378,Pro,bottomlane radiant
1268200,113,25,dire,FATA%2D,1,493667,494,0.000187111785656253,Pro,bottomlane radiant
1269333,110,24,dire,FATA%2D,1,494800,495,0.000187490554453128,Pro,bottomlane radiant
1270466,107,24,dire,FATA%2D,1,495933,496,0.000187869323250003,Pro,bottomlane radiant
1270866,106,24,dire,FATA%2D,1,496333,497,0.000188248092046878,Pro,void radiant
1272200,108,25,dire,FATA%2D,1,497667,498,0.000188626860843753,Pro,bottomlane radiant
1273533,109,27,dire,FATA%2D,1,499000,499,0.000189005629640628,Pro,bottomlane radiant
1273666,109,26,dire,FATA%2D,1,499133,500,0.000189384398437503,Pro,bottomlane radiant
1273666,109,26,dire,FATA%2D,1,499133,501,0.000189763167234378,Pro,bottomlane radiant
1273666,109,26,dire,FATA%2D,1,499133,502,0.000190141936031253,Pro,bottomlane radiant
1273666,109,26,dire,FATA%2D,1,499133,503,0.000190520704828128,Pro,bottomlane radiant
1278000,108,26,dire,FATA%2D,1,503467,504,0.000190899473625003,Pro,bottomlane radiant
1278000,108,26,dire,FATA%2D,1,503467,505,0.000191278242421878,Pro,bottomlane radiant
1280466,107,24,dire,FATA%2D,1,505933,506,0.000191657011218753,Pro,bottomlane radiant
1280666,108,25,dire,FATA%2D,1,506133,507,0.000192035780015628,Pro,bottomlane radiant
1282133,108,24,dire,FATA%2D,1,507600,508,0.000192414548812503,Pro,bottomlane radiant
1283400,107,24,dire,FATA%2D,1,508867,509,0.000192793317609378,Pro,bottomlane radiant
1283400,107,24,dire,FATA%2D,1,508867,510,0.000193172086406253,Pro,bottomlane radiant
1285533,108,26,dire,FATA%2D,1,511000,511,0.000193550855203128,Pro,bottomlane radiant
1286266,108,28,dire,FATA%2D,1,511733,512,0.000193929624000003,Pro,bottomlane radiant
1287400,109,30,dire,FATA%2D,1,512867,513,0.000194308392796878,Pro,bottomlane radiant
1288466,108,29,dire,FATA%2D,1,513933,514,0.000194687161593753,Pro,bottomlane radiant
1289533,108,26,dire,FATA%2D,1,515000,515,0.000195065930390628,Pro,bottomlane radiant
1290333,108,24,dire,FATA%2D,1,515800,516,0.000195444699187503,Pro,bottomlane radiant
1291533,107,21,dire,FATA%2D,1,517000,517,0.000195823467984378,Pro,bottomlane radiant
1292466,107,21,dire,FATA%2D,1,517933,518,0.000196202236781253,Pro,bottomlane radiant
1293533,107,21,dire,FATA%2D,1,519000,519,0.000196581005578128,Pro,bottomlane radiant
1293933,108,20,dire,FATA%2D,1,519400,520,0.000196959774375003,Pro,bottomlane radiant
1295533,108,22,dire,FATA%2D,1,521000,521,0.000197338543171878,Pro,bottomlane radiant
1296333,106,23,dire,FATA%2D,1,521800,522,0.000197717311968753,Pro,void radiant
1297333,104,25,dire,FATA%2D,1,522800,523,0.000198096080765628,Pro,jungle radiant
1298466,101,26,dire,FATA%2D,1,523933,524,0.000198474849562503,Pro,jungle radiant
1299266,99,27,dire,FATA%2D,1,524733,525,0.000198853618359378,Pro,jungle radiant
1300466,96,28,dire,FATA%2D,1,525933,526,0.000199232387156253,Pro,jungle radiant
1301266,94,29,dire,FATA%2D,1,526733,527,0.000199611155953128,Pro,jungle radiant
1302333,91,29,dire,FATA%2D,1,527800,528,0.000199989924750003,Pro,jungle radiant
1303466,88,29,dire,FATA%2D,1,528933,529,0.000200368693546878,Pro,jungle radiant
1304200,86,30,dire,FATA%2D,1,529667,530,0.000200747462343753,Pro,jungle radiant
1305333,83,31,dire,FATA%2D,1,530800,531,0.000201126231140628,Pro,jungle radiant
1306466,82,34,dire,FATA%2D,1,531933,532,0.000201504999937503,Pro,jungle radiant
1307266,82,36,dire,FATA%2D,1,532733,533,0.000201883768734378,Pro,jungle radiant
1308333,82,39,dire,FATA%2D,1,533800,534,0.000202262537531253,Pro,river
1309533,83,41,dire,FATA%2D,1,535000,535,0.000202641306328128,Pro,river
1310400,85,42,dire,FATA%2D,1,535867,536,0.000203020075125003,Pro,river
1311266,87,41,dire,FATA%2D,1,536733,537,0.000203398843921878,Pro,river
1312200,89,40,dire,FATA%2D,1,537667,538,0.000203777612718753,Pro,river
1313000,91,39,dire,FATA%2D,1,538467,539,0.000204156381515628,Pro,river
1314266,89,40,dire,FATA%2D,1,539733,540,0.000204535150312503,Pro,river
1315333,88,42,dire,FATA%2D,1,540800,541,0.000204913919109378,Pro,river
1316466,88,45,dire,FATA%2D,1,541933,542,0.000205292687906253,Pro,jungle dire
1317333,89,47,dire,FATA%2D,1,542800,543,0.000205671456703128,Pro,jungle dire
1318266,91,49,dire,FATA%2D,1,543733,544,0.000206050225500003,Pro,jungle dire
1319533,94,50,dire,FATA%2D,1,545000,545,0.000206428994296878,Pro,jungle dire
1320466,96,52,dire,FATA%2D,1,545933,546,0.000206807763093753,Pro,jungle dire
1321133,97,52,dire,FATA%2D,1,546600,547,0.000207186531890628,Pro,jungle dire
1322266,99,53,dire,FATA%2D,1,547733,548,0.000207565300687503,Pro,jungle dire
1323333,102,53,dire,FATA%2D,1,548800,549,0.000207944069484378,Pro,jungle dire
1324533,105,54,dire,FATA%2D,1,550000,550,0.000208322838281253,Pro,jungle dire
1325266,107,54,dire,FATA%2D,1,550733,551,0.000208701607078128,Pro,jungle dire
1326333,109,53,dire,FATA%2D,1,551800,552,0.000209080375875003,Pro,bottomlane dire
1327466,110,50,dire,FATA%2D,1,552933,553,0.000209459144671878,Pro,bottomlane dire
1328200,110,48,dire,FATA%2D,1,553667,554,0.000209837913468753,Pro,bottomlane dire
1329333,109,45,dire,FATA%2D,1,554800,555,0.000210216682265628,Pro,bottomlane dire
1330400,109,42,dire,FATA%2D,1,555867,556,0.000210595451062503,Pro,bottomlane dire
1331533,109,39,dire,FATA%2D,1,557000,557,0.000210974219859378,Pro,bottomlane dire
1332266,109,37,dire,FATA%2D,1,557733,558,0.000211352988656253,Pro,bottomlane radiant
1333333,109,34,dire,FATA%2D,1,558800,559,0.000211731757453128,Pro,bottomlane radiant
1334466,109,31,dire,FATA%2D,1,559933,560,0.000212110526250003,Pro,bottomlane radiant
1335200,108,29,dire,FATA%2D,1,560667,561,0.000212489295046878,Pro,bottomlane radiant
1336333,108,26,dire,FATA%2D,1,561800,562,0.000212868063843753,Pro,bottomlane radiant
1337400,108,23,dire,FATA%2D,1,562867,563,0.000213246832640628,Pro,bottomlane radiant
1338533,107,20,dire,FATA%2D,1,564000,564,0.000213625601437503,Pro,bottomlane radiant
1339266,107,18,dire,FATA%2D,1,564733,565,0.000214004370234378,Pro,bottomlane radiant
1339266,107,18,dire,FATA%2D,1,564733,566,0.000214383139031253,Pro,bottomlane radiant
1339266,107,18,dire,FATA%2D,1,564733,567,0.000214761907828128,Pro,bottomlane radiant
1339266,107,18,dire,FATA%2D,1,564733,568,0.000215140676625003,Pro,bottomlane radiant
1339266,107,18,dire,FATA%2D,1,564733,569,0.000215519445421878,Pro,bottomlane radiant
1339266,107,18,dire,FATA%2D,1,564733,570,0.000215898214218753,Pro,bottomlane radiant
1345266,107,17,dire,FATA%2D,1,570733,571,0.000216276983015628,Pro,bottomlane radiant
1345266,107,17,dire,FATA%2D,1,570733,572,0.000216655751812503,Pro,bottomlane radiant
1345266,107,17,dire,FATA%2D,1,570733,573,0.000217034520609378,Pro,bottomlane radiant
1345266,107,17,dire,FATA%2D,1,570733,574,0.000217413289406253,Pro,bottomlane radiant
1349466,106,18,dire,FATA%2D,1,574933,575,0.000217792058203128,Pro,bottomlane radiant
1350000,105,17,dire,FATA%2D,1,575467,576,0.000218170827000003,Pro,bottomlane radiant
1351333,104,16,dire,FATA%2D,1,576800,577,0.000218549595796878,Pro,bottomlane radiant
1352533,104,17,dire,FATA%2D,1,578000,578,0.000218928364593753,Pro,bottomlane radiant
1352600,105,17,dire,FATA%2D,1,578067,579,0.000219307133390628,Pro,bottomlane radiant
1354533,107,19,dire,FATA%2D,1,580000,580,0.000219685902187503,Pro,bottomlane radiant
1355466,109,20,dire,FATA%2D,1,580933,581,0.000220064670984378,Pro,bottomlane radiant
1356400,111,22,dire,FATA%2D,1,581867,582,0.000220443439781253,Pro,bottomlane radiant
1357533,113,24,dire,FATA%2D,1,583000,583,0.000220822208578128,Pro,bottomlane radiant
1358000,112,25,dire,FATA%2D,1,583467,584,0.000221200977375003,Pro,bottomlane radiant
1359200,111,23,dire,FATA%2D,1,584667,585,0.000221579746171878,Pro,bottomlane radiant
1360400,109,22,dire,FATA%2D,1,585867,586,0.000221958514968753,Pro,bottomlane radiant
1361533,109,21,dire,FATA%2D,1,587000,587,0.000222337283765628,Pro,bottomlane radiant
1362533,108,20,dire,FATA%2D,1,588000,588,0.000222716052562503,Pro,bottomlane radiant
1362533,108,20,dire,FATA%2D,1,588000,589,0.000223094821359378,Pro,bottomlane radiant
1362533,108,20,dire,FATA%2D,1,588000,590,0.000223473590156254,Pro,bottomlane radiant
1362533,108,20,dire,FATA%2D,1,588000,591,0.000223852358953129,Pro,bottomlane radiant
1362533,108,20,dire,FATA%2D,1,588000,592,0.000224231127750004,Pro,bottomlane radiant
1362533,108,20,dire,FATA%2D,1,588000,593,0.000224609896546879,Pro,bottomlane radiant
1367733,107,20,dire,FATA%2D,1,593200,594,0.000224988665343754,Pro,bottomlane radiant
1367733,107,20,dire,FATA%2D,1,593200,595,0.000225367434140629,Pro,bottomlane radiant
1367733,107,20,dire,FATA%2D,1,593200,596,0.000225746202937504,Pro,bottomlane radiant
1367733,107,20,dire,FATA%2D,1,593200,597,0.000226124971734379,Pro,bottomlane radiant
1367733,107,20,dire,FATA%2D,1,593200,598,0.000226503740531254,Pro,bottomlane radiant
1373266,107,19,dire,FATA%2D,1,598733,599,0.000226882509328129,Pro,bottomlane radiant
1374400,106,18,dire,FATA%2D,1,599867,600,0.000227261278125004,Pro,bottomlane radiant
1374400,106,18,dire,FATA%2D,1,599867,601,0.000227640046921879,Pro,bottomlane radiant
1376533,106,18,dire,FATA%2D,1,602000,602,0.000228018815718754,Pro,bottomlane radiant
1377266,107,19,dire,FATA%2D,1,602733,603,0.000228397584515629,Pro,bottomlane radiant
1378533,106,18,dire,FATA%2D,1,604000,604,0.000228776353312504,Pro,bottomlane radiant
1379133,104,17,dire,FATA%2D,1,604600,605,0.000229155122109379,Pro,bottomlane radiant
1380333,103,14,dire,FATA%2D,1,605800,606,0.000229533890906254,Pro,bottomlane radiant
1381400,102,14,dire,FATA%2D,1,606867,607,0.000229912659703129,Pro,bottomlane radiant
1381400,102,14,dire,FATA%2D,1,606867,608,0.000230291428500004,Pro,bottomlane radiant
1383400,102,14,dire,FATA%2D,1,608867,609,0.000230670197296879,Pro,bottomlane radiant
1383400,102,14,dire,FATA%2D,1,608867,610,0.000231048966093754,Pro,bottomlane radiant
1385466,100,12,dire,FATA%2D,1,610933,611,0.000231427734890629,Pro,bottomlane radiant
1386400,100,13,dire,FATA%2D,1,611867,612,0.000231806503687504,Pro,bottomlane radiant
1387466,101,15,dire,FATA%2D,1,612933,613,0.000232185272484379,Pro,bottomlane radiant
1388266,103,16,dire,FATA%2D,1,613733,614,0.000232564041281254,Pro,bottomlane radiant
1389466,106,17,dire,FATA%2D,1,614933,615,0.000232942810078129,Pro,bottomlane radiant
1390400,108,19,dire,FATA%2D,1,615867,616,0.000233321578875004,Pro,bottomlane radiant
1391533,107,21,dire,FATA%2D,1,617000,617,0.000233700347671879,Pro,bottomlane radiant
1392533,106,18,dire,FATA%2D,1,618000,618,0.000234079116468754,Pro,bottomlane radiant
1393400,105,16,dire,FATA%2D,1,618867,619,0.000234457885265629,Pro,bottomlane radiant
1394266,103,15,dire,FATA%2D,1,619733,620,0.000234836654062504,Pro,bottomlane radiant
1394866,102,14,dire,FATA%2D,1,620333,621,0.000235215422859379,Pro,bottomlane radiant
1395666,101,14,dire,FATA%2D,1,621133,622,0.000235594191656254,Pro,bottomlane radiant
1395666,101,14,dire,FATA%2D,1,621133,623,0.000235972960453129,Pro,bottomlane radiant
1395666,101,14,dire,FATA%2D,1,621133,624,0.000236351729250004,Pro,bottomlane radiant
1399333,102,14,dire,FATA%2D,1,624800,625,0.000236730498046879,Pro,bottomlane radiant
1399333,102,14,dire,FATA%2D,1,624800,626,0.000237109266843754,Pro,bottomlane radiant
1399333,102,14,dire,FATA%2D,1,624800,627,0.000237488035640629,Pro,bottomlane radiant
1399333,102,14,dire,FATA%2D,1,624800,628,0.000237866804437504,Pro,bottomlane radiant
1399333,102,14,dire,FATA%2D,1,624800,629,0.000238245573234379,Pro,bottomlane radiant
1399333,102,14,dire,FATA%2D,1,624800,630,0.000238624342031254,Pro,bottomlane radiant
1405400,103,14,dire,FATA%2D,1,630867,631,0.000239003110828129,Pro,bottomlane radiant
1406400,103,14,dire,FATA%2D,1,631867,632,0.000239381879625004,Pro,bottomlane radiant
1406400,103,14,dire,FATA%2D,1,631867,633,0.000239760648421879,Pro,bottomlane radiant
1406400,103,14,dire,FATA%2D,1,631867,634,0.000240139417218754,Pro,bottomlane radiant
1409333,105,16,dire,FATA%2D,1,634800,635,0.000240518186015629,Pro,bottomlane radiant
1410333,107,18,dire,FATA%2D,1,635800,636,0.000240896954812504,Pro,bottomlane radiant
1411466,109,20,dire,FATA%2D,1,636933,637,0.000241275723609379,Pro,bottomlane radiant
1412466,110,22,dire,FATA%2D,1,637933,638,0.000241654492406254,Pro,bottomlane radiant
1413400,110,25,dire,FATA%2D,1,638867,639,0.000242033261203129,Pro,bottomlane radiant
1414533,111,28,dire,FATA%2D,1,640000,640,0.000242412030000004,Pro,bottomlane radiant
1415266,111,30,dire,FATA%2D,1,640733,641,0.000242790798796879,Pro,bottomlane radiant
1416533,111,33,dire,FATA%2D,1,642000,642,0.000243169567593754,Pro,bottomlane radiant
1417466,112,36,dire,FATA%2D,1,642933,643,0.000243548336390629,Pro,bottomlane radiant
1418533,112,39,dire,FATA%2D,1,644000,644,0.000243927105187504,Pro,bottomlane dire
1419266,112,41,dire,FATA%2D,1,644733,645,0.000244305873984379,Pro,bottomlane dire
1420400,113,41,dire,FATA%2D,1,645867,646,0.000244684642781254,Pro,bottomlane dire
1420400,113,41,dire,FATA%2D,1,645867,647,0.000245063411578129,Pro,bottomlane dire
1422400,113,38,dire,FATA%2D,1,647867,648,0.000245442180375004,Pro,bottomlane dire
1423533,113,35,dire,FATA%2D,1,649000,649,0.000245820949171879,Pro,bottomlane radiant
1424266,113,33,dire,FATA%2D,1,649733,650,0.000246199717968754,Pro,bottomlane radiant
1425400,113,30,dire,FATA%2D,1,650867,651,0.000246578486765629,Pro,bottomlane radiant
1426466,113,30,dire,FATA%2D,1,651933,652,0.000246957255562504,Pro,bottomlane radiant
1426866,113,29,dire,FATA%2D,1,652333,653,0.000247336024359379,Pro,bottomlane radiant
1428266,111,28,dire,FATA%2D,1,653733,654,0.000247714793156254,Pro,bottomlane radiant
1429333,111,27,dire,FATA%2D,1,654800,655,0.000248093561953129,Pro,bottomlane radiant
1430533,110,28,dire,FATA%2D,1,656000,656,0.000248472330750004,Pro,bottomlane radiant
1431000,111,28,dire,FATA%2D,1,656467,657,0.000248851099546879,Pro,bottomlane radiant
1431600,111,27,dire,FATA%2D,1,657067,658,0.000249229868343754,Pro,bottomlane radiant
1433533,110,27,dire,FATA%2D,1,659000,659,0.000249608637140629,Pro,bottomlane radiant
1434533,110,27,dire,FATA%2D,1,660000,660,0.000249987405937504,Pro,bottomlane radiant
1435200,109,28,dire,FATA%2D,1,660667,661,0.000250366174734379,Pro,bottomlane radiant
1435866,108,27,dire,FATA%2D,1,661333,662,0.000250744943531254,Pro,bottomlane radiant
1437533,109,24,dire,FATA%2D,1,663000,663,0.000251123712328129,Pro,bottomlane radiant
1438000,109,23,dire,FATA%2D,1,663467,664,0.000251502481125004,Pro,bottomlane radiant
1438866,110,22,dire,FATA%2D,1,664333,665,0.000251881249921879,Pro,bottomlane radiant
1440133,110,22,dire,FATA%2D,1,665600,666,0.000252260018718754,Pro,bottomlane radiant
1440133,110,22,dire,FATA%2D,1,665600,667,0.000252638787515629,Pro,bottomlane radiant
1440133,110,22,dire,FATA%2D,1,665600,668,0.000253017556312504,Pro,bottomlane radiant
1443200,110,24,dire,FATA%2D,1,668667,669,0.000253396325109379,Pro,bottomlane radiant
1444333,110,25,dire,FATA%2D,1,669800,670,0.000253775093906254,Pro,bottomlane radiant
1444733,110,26,dire,FATA%2D,1,670200,671,0.000254153862703129,Pro,bottomlane radiant
1446466,110,29,dire,FATA%2D,1,671933,672,0.000254532631500004,Pro,bottomlane radiant
1446666,111,29,dire,FATA%2D,1,672133,673,0.000254911400296879,Pro,bottomlane radiant
1448533,110,29,dire,FATA%2D,1,674000,674,0.000255290169093754,Pro,bottomlane radiant
1448533,110,29,dire,FATA%2D,1,674000,675,0.000255668937890629,Pro,bottomlane radiant
1449800,110,30,dire,FATA%2D,1,675267,676,0.000256047706687504,Pro,bottomlane radiant
1450933,110,29,dire,FATA%2D,1,676400,677,0.000256426475484379,Pro,bottomlane radiant
1452466,110,29,dire,FATA%2D,1,677933,678,0.000256805244281254,Pro,bottomlane radiant
1453400,110,30,dire,FATA%2D,1,678867,679,0.000257184013078129,Pro,bottomlane radiant
1454533,111,33,dire,FATA%2D,1,680000,680,0.000257562781875004,Pro,bottomlane radiant
1455333,110,32,dire,FATA%2D,1,680800,681,0.000257941550671879,Pro,bottomlane radiant
1456466,109,29,dire,FATA%2D,1,681933,682,0.000258320319468754,Pro,bottomlane radiant
1457200,109,27,dire,FATA%2D,1,682667,683,0.000258699088265629,Pro,bottomlane radiant
1458333,108,24,dire,FATA%2D,1,683800,684,0.000259077857062504,Pro,bottomlane radiant
1458333,108,24,dire,FATA%2D,1,683800,685,0.000259456625859379,Pro,bottomlane radiant
1460466,108,22,dire,FATA%2D,1,685933,686,0.000259835394656254,Pro,bottomlane radiant
1460466,108,22,dire,FATA%2D,1,685933,687,0.000260214163453129,Pro,bottomlane radiant
1462266,107,21,dire,FATA%2D,1,687733,688,0.000260592932250004,Pro,bottomlane radiant
1463400,108,20,dire,FATA%2D,1,688867,689,0.000260971701046879,Pro,bottomlane radiant
1463400,108,20,dire,FATA%2D,1,688867,690,0.000261350469843754,Pro,bottomlane radiant
1465533,107,22,dire,FATA%2D,1,691000,691,0.000261729238640629,Pro,bottomlane radiant
1465600,108,22,dire,FATA%2D,1,691067,692,0.000262108007437504,Pro,bottomlane radiant
1467333,108,22,dire,FATA%2D,1,692800,693,0.000262486776234379,Pro,bottomlane radiant
1467733,109,22,dire,FATA%2D,1,693200,694,0.000262865545031254,Pro,bottomlane radiant
1469200,111,23,dire,FATA%2D,1,694667,695,0.000263244313828129,Pro,bottomlane radiant
1470400,114,24,dire,FATA%2D,1,695867,696,0.000263623082625004,Pro,bottomlane radiant
1471200,116,25,dire,FATA%2D,1,696667,697,0.000264001851421879,Pro,bottomlane radiant
1472000,118,26,dire,FATA%2D,1,697467,698,0.000264380620218754,Pro,bottomlane radiant
1473466,117,26,dire,FATA%2D,1,698933,699,0.000264759389015629,Pro,bottomlane radiant
1474466,115,24,dire,FATA%2D,1,699933,700,0.000265138157812504,Pro,bottomlane radiant
1475133,113,23,dire,FATA%2D,1,700600,701,0.000265516926609379,Pro,bottomlane radiant
1476200,111,21,dire,FATA%2D,1,701667,702,0.000265895695406254,Pro,bottomlane radiant
1477333,109,19,dire,FATA%2D,1,702800,703,0.000266274464203129,Pro,bottomlane radiant
1478533,107,17,dire,FATA%2D,1,704000,704,0.000266653233000004,Pro,bottomlane radiant
1479400,107,15,dire,FATA%2D,1,704867,705,0.000267032001796879,Pro,bottomlane radiant
1480400,107,15,dire,FATA%2D,1,705867,706,0.000267410770593754,Pro,bottomlane radiant
1481200,108,17,dire,FATA%2D,1,706667,707,0.000267789539390629,Pro,bottomlane radiant
1482133,106,17,dire,FATA%2D,1,707600,708,0.000268168308187504,Pro,bottomlane radiant
1483466,106,18,dire,FATA%2D,1,708933,709,0.000268547076984379,Pro,bottomlane radiant
1484533,105,16,dire,FATA%2D,1,710000,710,0.000268925845781254,Pro,bottomlane radiant
1485333,105,14,dire,FATA%2D,1,710800,711,0.000269304614578129,Pro,bottomlane radiant
1485333,105,14,dire,FATA%2D,1,710800,712,0.000269683383375004,Pro,bottomlane radiant
1485333,105,14,dire,FATA%2D,1,710800,713,0.000270062152171879,Pro,bottomlane radiant
1488533,105,13,dire,FATA%2D,1,714000,714,0.000270440920968754,Pro,bottomlane radiant
1489333,105,14,dire,FATA%2D,1,714800,715,0.000270819689765629,Pro,bottomlane radiant
1489733,105,15,dire,FATA%2D,1,715200,716,0.000271198458562504,Pro,bottomlane radiant
1491200,105,16,dire,FATA%2D,1,716667,717,0.000271577227359379,Pro,bottomlane radiant
1491200,105,16,dire,FATA%2D,1,716667,718,0.000271955996156254,Pro,bottomlane radiant
1493533,105,17,dire,FATA%2D,1,719000,719,0.000272334764953129,Pro,bottomlane radiant
1494466,107,19,dire,FATA%2D,1,719933,720,0.000272713533750004,Pro,bottomlane radiant
1495333,106,21,dire,FATA%2D,1,720800,721,0.000273092302546879,Pro,bottomlane radiant
1496400,103,21,dire,FATA%2D,1,721867,722,0.000273471071343754,Pro,jungle radiant
1497533,100,20,dire,FATA%2D,1,723000,723,0.000273849840140629,Pro,jungle radiant
1498333,98,19,dire,FATA%2D,1,723800,724,0.000274228608937504,Pro,jungle radiant
1499200,96,18,dire,FATA%2D,1,724667,725,0.000274607377734379,Pro,jungle radiant
1500466,97,15,dire,FATA%2D,1,725933,726,0.000274986146531254,Pro,void radiant
1501266,98,14,dire,FATA%2D,1,726733,727,0.000275364915328129,Pro,bottomlane radiant
1501733,99,13,dire,FATA%2D,1,727200,728,0.000275743684125004,Pro,bottomlane radiant
1503266,101,11,dire,FATA%2D,1,728733,729,0.000276122452921879,Pro,bottomlane radiant
1504466,104,11,dire,FATA%2D,1,729933,730,0.000276501221718754,Pro,bottomlane radiant
1505400,105,11,dire,FATA%2D,1,730867,731,0.000276879990515629,Pro,bottomlane radiant
1505400,105,11,dire,FATA%2D,1,730867,732,0.000277258759312504,Pro,bottomlane radiant
1507266,107,13,dire,FATA%2D,1,732733,733,0.000277637528109379,Pro,bottomlane radiant
1508333,109,15,dire,FATA%2D,1,733800,734,0.000278016296906254,Pro,bottomlane radiant
1509133,110,17,dire,FATA%2D,1,734600,735,0.000278395065703129,Pro,bottomlane radiant
1509133,110,17,dire,FATA%2D,1,734600,736,0.000278773834500004,Pro,bottomlane radiant
1510800,104,11,dire,FATA%2D,1,736267,737,0.000279152603296879,Pro,bottomlane radiant
1510800,104,11,dire,FATA%2D,1,736267,738,0.000279531372093754,Pro,bottomlane radiant
1513400,110,17,dire,FATA%2D,1,738867,739,0.000279910140890629,Pro,bottomlane radiant
1514333,108,18,dire,FATA%2D,1,739800,740,0.000280288909687504,Pro,bottomlane radiant
1515400,108,16,dire,FATA%2D,1,740867,741,0.000280667678484379,Pro,bottomlane radiant
1516333,106,14,dire,FATA%2D,1,741800,742,0.000281046447281254,Pro,bottomlane radiant
1517333,104,12,dire,FATA%2D,1,742800,743,0.000281425216078129,Pro,bottomlane radiant
1517866,103,11,dire,FATA%2D,1,743333,744,0.000281803984875004,Pro,bottomlane radiant
1519200,101,11,dire,FATA%2D,1,744667,745,0.000282182753671879,Pro,bottomlane radiant
1520333,98,11,dire,FATA%2D,1,745800,746,0.000282561522468754,Pro,bottomlane radiant
1521466,95,11,dire,FATA%2D,1,746933,747,0.000282940291265629,Pro,bottomlane radiant
1521866,94,10,dire,FATA%2D,1,747333,748,0.000283319060062504,Pro,bottomlane radiant
1523400,91,11,dire,FATA%2D,1,748867,749,0.000283697828859379,Pro,bottomlane radiant
1523800,90,11,dire,FATA%2D,1,749267,750,0.000284076597656254,Pro,bottomlane radiant
1525466,87,11,dire,FATA%2D,1,750933,751,0.000284455366453129,Pro,bottomlane radiant
1526400,87,10,dire,FATA%2D,1,751867,752,0.000284834135250004,Pro,bottomlane radiant
1527466,90,10,dire,FATA%2D,1,752933,753,0.000285212904046879,Pro,bottomlane radiant
1528200,92,11,dire,FATA%2D,1,753667,754,0.000285591672843754,Pro,bottomlane radiant
1529333,95,11,dire,FATA%2D,1,754800,755,0.000285970441640629,Pro,bottomlane radiant
1530466,97,13,dire,FATA%2D,1,755933,756,0.000286349210437504,Pro,bottomlane radiant
1531400,100,13,dire,FATA%2D,1,756867,757,0.000286727979234379,Pro,bottomlane radiant
1532266,101,14,dire,FATA%2D,1,757733,758,0.000287106748031254,Pro,bottomlane radiant
1532266,101,14,dire,FATA%2D,1,757733,759,0.000287485516828129,Pro,bottomlane radiant
1532266,101,14,dire,FATA%2D,1,757733,760,0.000287864285625004,Pro,bottomlane radiant
1532266,101,14,dire,FATA%2D,1,757733,761,0.00028824305442188,Pro,bottomlane radiant
1536533,102,14,dire,FATA%2D,1,762000,762,0.000288621823218755,Pro,bottomlane radiant
1536933,103,15,dire,FATA%2D,1,762400,763,0.00028900059201563,Pro,bottomlane radiant
1538400,105,16,dire,FATA%2D,1,763867,764,0.000289379360812505,Pro,bottomlane radiant
1539400,107,18,dire,FATA%2D,1,764867,765,0.00028975812960938,Pro,bottomlane radiant
1540333,109,20,dire,FATA%2D,1,765800,766,0.000290136898406255,Pro,bottomlane radiant
1541266,110,21,dire,FATA%2D,1,766733,767,0.00029051566720313,Pro,bottomlane radiant
1542533,112,23,dire,FATA%2D,1,768000,768,0.000290894436000005,Pro,bottomlane radiant
1543200,114,24,dire,FATA%2D,1,768667,769,0.00029127320479688,Pro,bottomlane radiant
1544466,117,25,dire,FATA%2D,1,769933,770,0.000291651973593755,Pro,bottomlane radiant
1544866,118,26,dire,FATA%2D,1,770333,771,0.00029203074239063,Pro,bottomlane radiant
1544866,118,26,dire,FATA%2D,1,770333,772,0.000292409511187505,Pro,bottomlane radiant
1544866,118,26,dire,FATA%2D,1,770333,773,0.00029278827998438,Pro,bottomlane radiant
1544866,118,26,dire,FATA%2D,1,770333,774,0.000293167048781255,Pro,bottomlane radiant
1544866,118,26,dire,FATA%2D,1,770333,775,0.00029354581757813,Pro,bottomlane radiant
1544866,118,26,dire,FATA%2D,1,770333,776,0.000293924586375005,Pro,bottomlane radiant
1551533,67,60,dire,FATA%2D,1,777000,777,0.00029430335517188,Pro,midlane dire
1552266,65,59,dire,FATA%2D,1,777733,778,0.000294682123968755,Pro,void dire
1553466,62,58,dire,FATA%2D,1,778933,779,0.00029506089276563,Pro,midlane dire
1554333,60,56,dire,FATA%2D,1,779800,780,0.000295439661562505,Pro,midlane radiant
1554600,54,50,dire,FATA%2D,1,780067,781,0.00029581843035938,Pro,midlane radiant
1554600,54,50,dire,FATA%2D,1,780067,782,0.000296197199156255,Pro,midlane radiant
1557400,53,51,dire,FATA%2D,1,782867,783,0.00029657596795313,Pro,midlane radiant
1558400,55,53,dire,FATA%2D,1,783867,784,0.000296954736750005,Pro,midlane radiant
1559200,55,51,dire,FATA%2D,1,784667,785,0.00029733350554688,Pro,midlane radiant
1560133,55,52,dire,FATA%2D,1,785600,786,0.000297712274343755,Pro,midlane radiant
1560133,55,52,dire,FATA%2D,1,785600,787,0.00029809104314063,Pro,midlane radiant
1560133,55,52,dire,FATA%2D,1,785600,788,0.000298469811937505,Pro,midlane radiant
1560133,55,52,dire,FATA%2D,1,785600,789,0.00029884858073438,Pro,midlane radiant
1560133,55,52,dire,FATA%2D,1,785600,790,0.000299227349531255,Pro,midlane radiant
1560133,55,52,dire,FATA%2D,1,785600,791,0.00029960611832813,Pro,midlane radiant
1560133,55,52,dire,FATA%2D,1,785600,792,0.000299984887125005,Pro,midlane radiant
1560133,55,52,dire,FATA%2D,1,785600,793,0.00030036365592188,Pro,midlane radiant
1560133,55,52,dire,FATA%2D,1,785600,794,0.000300742424718755,Pro,midlane radiant
1560133,55,52,dire,FATA%2D,1,785600,795,0.00030112119351563,Pro,midlane radiant
1560133,55,52,dire,FATA%2D,1,785600,796,0.000301499962312505,Pro,midlane radiant
1560133,55,52,dire,FATA%2D,1,785600,797,0.00030187873110938,Pro,midlane radiant
1560133,55,52,dire,FATA%2D,1,785600,798,0.000302257499906255,Pro,midlane radiant
1560133,55,52,dire,FATA%2D,1,785600,799,0.00030263626870313,Pro,midlane radiant
1560133,55,52,dire,FATA%2D,1,785600,800,0.000303015037500005,Pro,midlane radiant
1560133,55,52,dire,FATA%2D,1,785600,801,0.00030339380629688,Pro,midlane radiant
1560133,55,52,dire,FATA%2D,1,785600,802,0.000303772575093755,Pro,midlane radiant
1560133,55,52,dire,FATA%2D,1,785600,803,0.00030415134389063,Pro,midlane radiant
1560133,55,52,dire,FATA%2D,1,785600,804,0.000304530112687505,Pro,midlane radiant
1560133,55,52,dire,FATA%2D,1,785600,805,0.00030490888148438,Pro,midlane radiant
1560133,55,52,dire,FATA%2D,1,785600,806,0.000305287650281255,Pro,midlane radiant
1560133,55,52,dire,FATA%2D,1,785600,807,0.00030566641907813,Pro,midlane radiant
1560133,55,52,dire,FATA%2D,1,785600,808,0.000306045187875005,Pro,midlane radiant
1560133,55,52,dire,FATA%2D,1,785600,809,0.00030642395667188,Pro,midlane radiant
1560133,55,52,dire,FATA%2D,1,785600,810,0.000306802725468755,Pro,midlane radiant
1560133,55,52,dire,FATA%2D,1,785600,811,0.00030718149426563,Pro,midlane radiant
1560133,55,52,dire,FATA%2D,1,785600,812,0.000307560263062505,Pro,midlane radiant
1560133,55,52,dire,FATA%2D,1,785600,813,0.00030793903185938,Pro,midlane radiant
1560133,55,52,dire,FATA%2D,1,785600,814,0.000308317800656255,Pro,midlane radiant
1560133,55,52,dire,FATA%2D,1,785600,815,0.00030869656945313,Pro,midlane radiant
1560133,55,52,dire,FATA%2D,1,785600,816,0.000309075338250005,Pro,midlane radiant
1560133,55,52,dire,FATA%2D,1,785600,817,0.00030945410704688,Pro,midlane radiant
1560133,55,52,dire,FATA%2D,1,785600,818,0.000309832875843755,Pro,midlane radiant
1560133,55,52,dire,FATA%2D,1,785600,819,0.00031021164464063,Pro,midlane radiant
1560133,55,52,dire,FATA%2D,1,785600,820,0.000310590413437505,Pro,midlane radiant
1560133,55,52,dire,FATA%2D,1,785600,821,0.00031096918223438,Pro,midlane radiant
1560133,55,52,dire,FATA%2D,1,785600,822,0.000311347951031255,Pro,midlane radiant
1597533,118,108,dire,FATA%2D,1,823000,823,0.00031172671982813,Pro,base2 dire
1598533,108,107,dire,FATA%2D,1,824000,824,0.000312105488625005,Pro,base2 dire
1599533,105,107,dire,FATA%2D,1,825000,825,0.00031248425742188,Pro,base2 dire
1600266,103,107,dire,FATA%2D,1,825733,826,0.000312863026218755,Pro,base2 dire
1601400,100,107,dire,FATA%2D,1,826867,827,0.00031324179501563,Pro,base2 dire
1602466,97,108,dire,FATA%2D,1,827933,828,0.000313620563812505,Pro,base2 dire
1603200,95,108,dire,FATA%2D,1,828667,829,0.00031399933260938,Pro,base2 dire
1604333,92,108,dire,FATA%2D,1,829800,830,0.000314378101406255,Pro,base2 dire
1605466,89,107,dire,FATA%2D,1,830933,831,0.00031475687020313,Pro,base2 dire
1606200,87,107,dire,FATA%2D,1,831667,832,0.000315135639000005,Pro,base2 dire
1607333,84,106,dire,FATA%2D,1,832800,833,0.00031551440779688,Pro,toplane dire
1608533,81,105,dire,FATA%2D,1,834000,834,0.000315893176593755,Pro,toplane dire
1609333,79,104,dire,FATA%2D,1,834800,835,0.00031627194539063,Pro,toplane dire
1610533,76,103,dire,FATA%2D,1,836000,836,0.000316650714187505,Pro,toplane dire
1611333,69,97,dire,FATA%2D,1,836800,837,0.00031702948298438,Pro,jungle dire
1612533,66,95,dire,FATA%2D,1,838000,838,0.000317408251781255,Pro,jungle dire
1613400,64,94,dire,FATA%2D,1,838867,839,0.00031778702057813,Pro,jungle dire
1614333,62,92,dire,FATA%2D,1,839800,840,0.000318165789375005,Pro,jungle dire
1615533,61,91,dire,FATA%2D,1,841000,841,0.00031854455817188,Pro,jungle dire
1616266,59,91,dire,FATA%2D,1,841733,842,0.000318923326968755,Pro,jungle dire
1617400,56,91,dire,FATA%2D,1,842867,843,0.00031930209576563,Pro,jungle dire
1618466,54,90,dire,FATA%2D,1,843933,844,0.000319680864562505,Pro,jungle dire
1619533,53,90,dire,FATA%2D,1,845000,845,0.00032005963335938,Pro,jungle dire
1620333,52,92,dire,FATA%2D,1,845800,846,0.000320438402156255,Pro,jungle dire
1621266,50,93,dire,FATA%2D,1,846733,847,0.00032081717095313,Pro,jungle dire
1622466,47,94,dire,FATA%2D,1,847933,848,0.000321195939750005,Pro,jungle dire
1623333,45,95,dire,FATA%2D,1,848800,849,0.00032157470854688,Pro,jungle dire
1624533,42,97,dire,FATA%2D,1,850000,850,0.000321953477343755,Pro,jungle dire
1625533,40,95,dire,FATA%2D,1,851000,851,0.00032233224614063,Pro,jungle dire
1625533,40,95,dire,FATA%2D,1,851000,852,0.000322711014937505,Pro,jungle dire
1625533,40,95,dire,FATA%2D,1,851000,853,0.00032308978373438,Pro,jungle dire
1625533,40,95,dire,FATA%2D,1,851000,854,0.000323468552531255,Pro,jungle dire
1625533,40,95,dire,FATA%2D,1,851000,855,0.00032384732132813,Pro,jungle dire
1629866,39,95,dire,FATA%2D,1,855333,856,0.000324226090125005,Pro,jungle dire
1631200,39,95,dire,FATA%2D,1,856667,857,0.00032460485892188,Pro,jungle dire
1631200,39,95,dire,FATA%2D,1,856667,858,0.000324983627718755,Pro,jungle dire
1631200,39,95,dire,FATA%2D,1,856667,859,0.00032536239651563,Pro,jungle dire
1633600,39,96,dire,FATA%2D,1,859067,860,0.000325741165312505,Pro,jungle dire
1633600,39,96,dire,FATA%2D,1,859067,861,0.00032611993410938,Pro,jungle dire
1633600,39,96,dire,FATA%2D,1,859067,862,0.000326498702906255,Pro,jungle dire
1633600,39,96,dire,FATA%2D,1,859067,863,0.00032687747170313,Pro,jungle dire
1633600,39,96,dire,FATA%2D,1,859067,864,0.000327256240500005,Pro,jungle dire
1639400,39,95,dire,FATA%2D,1,864867,865,0.00032763500929688,Pro,jungle dire
1640533,40,95,dire,FATA%2D,1,866000,866,0.000328013778093755,Pro,jungle dire
1641466,39,96,dire,FATA%2D,1,866933,867,0.00032839254689063,Pro,jungle dire
1641466,39,96,dire,FATA%2D,1,866933,868,0.000328771315687505,Pro,jungle dire
1642866,40,95,dire,FATA%2D,1,868333,869,0.00032915008448438,Pro,jungle dire
1643666,39,96,dire,FATA%2D,1,869133,870,0.000329528853281255,Pro,jungle dire
1645533,37,97,dire,FATA%2D,1,871000,871,0.00032990762207813,Pro,jungle dire
1646400,35,96,dire,FATA%2D,1,871867,872,0.000330286390875005,Pro,jungle dire
1647533,34,93,dire,FATA%2D,1,873000,873,0.00033066515967188,Pro,jungle dire
1648533,32,91,dire,FATA%2D,1,874000,874,0.000331043928468755,Pro,jungle dire
1649333,31,89,dire,FATA%2D,1,874800,875,0.00033142269726563,Pro,jungle dire
1650266,29,87,dire,FATA%2D,1,875733,876,0.000331801466062505,Pro,jungle dire
1650266,29,87,dire,FATA%2D,1,875733,877,0.00033218023485938,Pro,jungle dire
1650266,29,87,dire,FATA%2D,1,875733,878,0.000332559003656255,Pro,jungle dire
1652600,30,87,dire,FATA%2D,1,878067,879,0.00033293777245313,Pro,jungle dire
1652600,30,87,dire,FATA%2D,1,878067,880,0.000333316541250005,Pro,jungle dire
1652600,30,87,dire,FATA%2D,1,878067,881,0.00033369531004688,Pro,jungle dire
1656266,73,58,dire,FATA%2D,1,881733,882,0.000334074078843755,Pro,jungle dire
1657533,66,60,dire,FATA%2D,1,883000,883,0.00033445284764063,Pro,midlane dire
1657533,66,60,dire,FATA%2D,1,883000,884,0.000334831616437505,Pro,midlane dire
1659333,30,87,dire,FATA%2D,1,884800,885,0.00033521038523438,Pro,jungle dire
1660133,32,88,dire,FATA%2D,1,885600,886,0.000335589154031255,Pro,jungle dire
1661333,31,88,dire,FATA%2D,1,886800,887,0.00033596792282813,Pro,jungle dire
1662466,29,87,dire,FATA%2D,1,887933,888,0.000336346691625005,Pro,jungle dire
1662666,28,87,dire,FATA%2D,1,888133,889,0.00033672546042188,Pro,jungle dire
1664466,29,87,dire,FATA%2D,1,889933,890,0.000337104229218755,Pro,jungle dire
1664466,29,87,dire,FATA%2D,1,889933,891,0.00033748299801563,Pro,jungle dire
1664466,29,87,dire,FATA%2D,1,889933,892,0.000337861766812505,Pro,jungle dire
1664466,29,87,dire,FATA%2D,1,889933,893,0.00033824053560938,Pro,jungle dire
1664466,29,87,dire,FATA%2D,1,889933,894,0.000338619304406255,Pro,jungle dire
1664466,29,87,dire,FATA%2D,1,889933,895,0.00033899807320313,Pro,jungle dire
1664466,29,87,dire,FATA%2D,1,889933,896,0.000339376842000005,Pro,jungle dire
1664466,29,87,dire,FATA%2D,1,889933,897,0.00033975561079688,Pro,jungle dire
1664466,29,87,dire,FATA%2D,1,889933,898,0.000340134379593755,Pro,jungle dire
1664466,29,87,dire,FATA%2D,1,889933,899,0.00034051314839063,Pro,jungle dire
1664466,29,87,dire,FATA%2D,1,889933,900,0.000340891917187505,Pro,jungle dire
1664466,29,87,dire,FATA%2D,1,889933,901,0.00034127068598438,Pro,jungle dire
1664466,29,87,dire,FATA%2D,1,889933,902,0.000341649454781255,Pro,jungle dire
1677200,28,88,dire,FATA%2D,1,902667,903,0.00034202822357813,Pro,jungle dire
1677200,28,88,dire,FATA%2D,1,902667,904,0.000342406992375005,Pro,jungle dire
1679133,28,87,dire,FATA%2D,1,904600,905,0.00034278576117188,Pro,jungle dire
1680133,28,87,dire,FATA%2D,1,905600,906,0.000343164529968755,Pro,jungle dire
1680133,28,87,dire,FATA%2D,1,905600,907,0.00034354329876563,Pro,jungle dire
1682266,28,88,dire,FATA%2D,1,907733,908,0.000343922067562505,Pro,jungle dire
1682266,28,88,dire,FATA%2D,1,907733,909,0.00034430083635938,Pro,jungle dire
1682266,28,88,dire,FATA%2D,1,907733,910,0.000344679605156255,Pro,jungle dire
1684733,28,87,dire,FATA%2D,1,910200,911,0.00034505837395313,Pro,jungle dire
1684733,28,87,dire,FATA%2D,1,910200,912,0.000345437142750005,Pro,jungle dire
1686666,28,88,dire,FATA%2D,1,912133,913,0.00034581591154688,Pro,jungle dire
1688533,25,87,dire,FATA%2D,1,914000,914,0.000346194680343755,Pro,jungle dire
1689400,23,87,dire,FATA%2D,1,914867,915,0.00034657344914063,Pro,jungle dire
1690533,20,87,dire,FATA%2D,1,916000,916,0.000346952217937505,Pro,void dire
1691400,18,89,dire,FATA%2D,1,916867,917,0.00034733098673438,Pro,toplane dire
1692533,15,90,dire,FATA%2D,1,918000,918,0.000347709755531255,Pro,toplane dire
1693266,13,90,dire,FATA%2D,1,918733,919,0.00034808852432813,Pro,toplane dire
1694533,10,92,dire,FATA%2D,1,920000,920,0.000348467293125005,Pro,toplane dire
1694533,10,92,dire,FATA%2D,1,920000,921,0.00034884606192188,Pro,toplane dire
1696533,11,91,dire,FATA%2D,1,922000,922,0.000349224830718755,Pro,toplane dire
1697466,12,89,dire,FATA%2D,1,922933,923,0.00034960359951563,Pro,toplane dire
1698200,12,87,dire,FATA%2D,1,923667,924,0.000349982368312505,Pro,toplane dire
1699000,13,86,dire,FATA%2D,1,924467,925,0.00035036113710938,Pro,toplane dire
1700333,13,84,dire,FATA%2D,1,925800,926,0.000350739905906255,Pro,toplane dire
1700333,13,84,dire,FATA%2D,1,925800,927,0.00035111867470313,Pro,toplane dire
1702066,13,83,dire,FATA%2D,1,927533,928,0.000351497443500005,Pro,toplane dire
1702066,13,83,dire,FATA%2D,1,927533,929,0.00035187621229688,Pro,toplane dire
1704466,14,82,dire,FATA%2D,1,929933,930,0.000352254981093755,Pro,toplane dire
1705400,15,83,dire,FATA%2D,1,930867,931,0.000352633749890631,Pro,toplane dire
1706333,13,84,dire,FATA%2D,1,931800,932,0.000353012518687506,Pro,toplane dire
1707400,12,87,dire,FATA%2D,1,932867,933,0.000353391287484381,Pro,toplane dire
1708533,12,90,dire,FATA%2D,1,934000,934,0.000353770056281256,Pro,toplane dire
1709400,10,91,dire,FATA%2D,1,934867,935,0.000354148825078131,Pro,toplane dire
1710466,8,93,dire,FATA%2D,1,935933,936,0.000354527593875006,Pro,laneshop dire
1711533,14,102,dire,FATA%2D,1,937000,937,0.000354906362671881,Pro,toplane dire
1712533,16,104,dire,FATA%2D,1,938000,938,0.000355285131468756,Pro,toplane dire
1713466,18,105,dire,FATA%2D,1,938933,939,0.000355663900265631,Pro,toplane dire
1714333,20,106,dire,FATA%2D,1,939800,940,0.000356042669062506,Pro,toplane dire
1715466,23,106,dire,FATA%2D,1,940933,941,0.000356421437859381,Pro,toplane dire
1716200,25,105,dire,FATA%2D,1,941667,942,0.000356800206656256,Pro,toplane dire
1717333,28,105,dire,FATA%2D,1,942800,943,0.000357178975453131,Pro,toplane dire
1718466,31,104,dire,FATA%2D,1,943933,944,0.000357557744250006,Pro,toplane dire
1719200,33,104,dire,FATA%2D,1,944667,945,0.000357936513046881,Pro,toplane dire
1720400,36,103,dire,FATA%2D,1,945867,946,0.000358315281843756,Pro,toplane dire
1721466,37,100,dire,FATA%2D,1,946933,947,0.000358694050640631,Pro,jungle dire
1722533,37,98,dire,FATA%2D,1,948000,948,0.000359072819437506,Pro,jungle dire
1723400,35,97,dire,FATA%2D,1,948867,949,0.000359451588234381,Pro,jungle dire
1724466,33,96,dire,FATA%2D,1,949933,950,0.000359830357031256,Pro,jungle dire
1725266,33,94,dire,FATA%2D,1,950733,951,0.000360209125828131,Pro,jungle dire
1726400,33,91,dire,FATA%2D,1,951867,952,0.000360587894625006,Pro,jungle dire
1727533,31,89,dire,FATA%2D,1,953000,953,0.000360966663421881,Pro,jungle dire
1728466,32,89,dire,FATA%2D,1,953933,954,0.000361345432218756,Pro,jungle dire
1729533,30,89,dire,FATA%2D,1,955000,955,0.000361724201015631,Pro,jungle dire
1729533,30,89,dire,FATA%2D,1,955000,956,0.000362102969812506,Pro,jungle dire
1729533,30,89,dire,FATA%2D,1,955000,957,0.000362481738609381,Pro,jungle dire
1729533,30,89,dire,FATA%2D,1,955000,958,0.000362860507406256,Pro,jungle dire
1732866,29,89,dire,FATA%2D,1,958333,959,0.000363239276203131,Pro,jungle dire
1733866,29,88,dire,FATA%2D,1,959333,960,0.000363618045000006,Pro,jungle dire
1733866,29,88,dire,FATA%2D,1,959333,961,0.000363996813796881,Pro,jungle dire
1733866,29,88,dire,FATA%2D,1,959333,962,0.000364375582593756,Pro,jungle dire
1736866,28,87,dire,FATA%2D,1,962333,963,0.000364754351390631,Pro,jungle dire
1738333,29,89,dire,FATA%2D,1,963800,964,0.000365133120187506,Pro,jungle dire
1739133,29,91,dire,FATA%2D,1,964600,965,0.000365511888984381,Pro,jungle dire
1740466,26,91,dire,FATA%2D,1,965933,966,0.000365890657781256,Pro,jungle dire
1741400,16,91,dire,FATA%2D,1,966867,967,0.000366269426578131,Pro,toplane dire
1742066,14,91,dire,FATA%2D,1,967533,968,0.000366648195375006,Pro,toplane dire
1742066,14,91,dire,FATA%2D,1,967533,969,0.000367026964171881,Pro,toplane dire
1744466,15,93,dire,FATA%2D,1,969933,970,0.000367405732968756,Pro,toplane dire
1745333,16,95,dire,FATA%2D,1,970800,971,0.000367784501765631,Pro,toplane dire
1746200,17,97,dire,FATA%2D,1,971667,972,0.000368163270562506,Pro,toplane dire
1747333,19,99,dire,FATA%2D,1,972800,973,0.000368542039359381,Pro,toplane dire
1748333,21,101,dire,FATA%2D,1,973800,974,0.000368920808156256,Pro,toplane dire
1748866,22,102,dire,FATA%2D,1,974333,975,0.000369299576953131,Pro,toplane dire
1749866,22,103,dire,FATA%2D,1,975333,976,0.000369678345750006,Pro,toplane dire
1751533,22,104,dire,FATA%2D,1,977000,977,0.000370057114546881,Pro,toplane dire
1751533,22,104,dire,FATA%2D,1,977000,978,0.000370435883343756,Pro,toplane dire
1752800,21,103,dire,FATA%2D,1,978267,979,0.000370814652140631,Pro,toplane dire
1754200,19,103,dire,FATA%2D,1,979667,980,0.000371193420937506,Pro,toplane dire
1754200,19,103,dire,FATA%2D,1,979667,981,0.000371572189734381,Pro,toplane dire
1756333,18,103,dire,FATA%2D,1,981800,982,0.000371950958531256,Pro,toplane dire
1757133,18,102,dire,FATA%2D,1,982600,983,0.000372329727328131,Pro,toplane dire
1758533,17,101,dire,FATA%2D,1,984000,984,0.000372708496125006,Pro,toplane dire
1759400,18,100,dire,FATA%2D,1,984867,985,0.000373087264921881,Pro,toplane dire
1760400,17,100,dire,FATA%2D,1,985867,986,0.000373466033718756,Pro,toplane dire
1761466,17,101,dire,FATA%2D,1,986933,987,0.000373844802515631,Pro,toplane dire
1762466,17,100,dire,FATA%2D,1,987933,988,0.000374223571312506,Pro,toplane dire
1763466,18,101,dire,FATA%2D,1,988933,989,0.000374602340109381,Pro,toplane dire
1763466,18,101,dire,FATA%2D,1,988933,990,0.000374981108906256,Pro,toplane dire
1765533,18,101,dire,FATA%2D,1,991000,991,0.000375359877703131,Pro,toplane dire
1765533,18,101,dire,FATA%2D,1,991000,992,0.000375738646500006,Pro,toplane dire
1766733,18,102,dire,FATA%2D,1,992200,993,0.000376117415296881,Pro,toplane dire
1768533,17,102,dire,FATA%2D,1,994000,994,0.000376496184093756,Pro,toplane dire
1769533,15,100,dire,FATA%2D,1,995000,995,0.000376874952890631,Pro,toplane dire
1770533,13,98,dire,FATA%2D,1,996000,996,0.000377253721687506,Pro,toplane dire
1771533,12,96,dire,FATA%2D,1,997000,997,0.000377632490484381,Pro,toplane dire
1772400,9,96,dire,FATA%2D,1,997867,998,0.000378011259281256,Pro,toplane dire
1773133,8,94,dire,FATA%2D,1,998600,999,0.000378390028078131,Pro,laneshop dire
1773800,9,95,dire,FATA%2D,1,999267,1000,0.000378768796875006,Pro,toplane dire
1773800,9,95,dire,FATA%2D,1,999267,1001,0.000379147565671881,Pro,toplane dire
1776400,9,94,dire,FATA%2D,1,1001867,1002,0.000379526334468756,Pro,toplane dire
1777200,10,93,dire,FATA%2D,1,1002667,1003,0.000379905103265631,Pro,void dire
1778333,11,91,dire,FATA%2D,1,1003800,1004,0.000380283872062506,Pro,toplane dire
1779533,12,88,dire,FATA%2D,1,1005000,1005,0.000380662640859381,Pro,toplane dire
1780400,13,86,dire,FATA%2D,1,1005867,1006,0.000381041409656256,Pro,toplane dire
1781533,14,83,dire,FATA%2D,1,1007000,1007,0.000381420178453131,Pro,toplane dire
1782466,13,83,dire,FATA%2D,1,1007933,1008,0.000381798947250006,Pro,toplane dire
1782466,13,83,dire,FATA%2D,1,1007933,1009,0.000382177716046881,Pro,toplane dire
1782466,13,83,dire,FATA%2D,1,1007933,1010,0.000382556484843756,Pro,toplane dire
1784733,14,83,dire,FATA%2D,1,1010200,1011,0.000382935253640631,Pro,toplane dire
1786466,15,83,dire,FATA%2D,1,1011933,1012,0.000383314022437506,Pro,toplane dire
1787533,14,83,dire,FATA%2D,1,1013000,1013,0.000383692791234381,Pro,toplane dire
1787533,14,83,dire,FATA%2D,1,1013000,1014,0.000384071560031256,Pro,toplane dire
1789533,14,83,dire,FATA%2D,1,1015000,1015,0.000384450328828131,Pro,toplane dire
1789533,14,83,dire,FATA%2D,1,1015000,1016,0.000384829097625006,Pro,toplane dire
1790800,13,83,dire,FATA%2D,1,1016267,1017,0.000385207866421881,Pro,toplane dire
1792133,13,81,dire,FATA%2D,1,1017600,1018,0.000385586635218756,Pro,toplane dire
1793066,13,80,dire,FATA%2D,1,1018533,1019,0.000385965404015631,Pro,toplane dire
1794333,13,80,dire,FATA%2D,1,1019800,1020,0.000386344172812506,Pro,toplane dire
1795466,13,77,dire,FATA%2D,1,1020933,1021,0.000386722941609381,Pro,toplane radiant
1795866,14,76,dire,FATA%2D,1,1021333,1022,0.000387101710406256,Pro,toplane radiant
1796866,14,75,dire,FATA%2D,1,1022333,1023,0.000387480479203131,Pro,toplane radiant
1796866,14,75,dire,FATA%2D,1,1022333,1024,0.000387859248000006,Pro,toplane radiant
1796866,14,75,dire,FATA%2D,1,1022333,1025,0.000388238016796881,Pro,toplane radiant
1800133,14,75,dire,FATA%2D,1,1025600,1026,0.000388616785593756,Pro,toplane radiant
1800666,15,76,dire,FATA%2D,1,1026133,1027,0.000388995554390631,Pro,toplane radiant
1802466,14,75,dire,FATA%2D,1,1027933,1028,0.000389374323187506,Pro,toplane radiant
1802466,14,75,dire,FATA%2D,1,1027933,1029,0.000389753091984381,Pro,toplane radiant
1804266,13,75,dire,FATA%2D,1,1029733,1030,0.000390131860781256,Pro,toplane radiant
1805266,13,74,dire,FATA%2D,1,1030733,1031,0.000390510629578131,Pro,toplane radiant
1805266,13,74,dire,FATA%2D,1,1030733,1032,0.000390889398375006,Pro,toplane radiant
1807133,13,73,dire,FATA%2D,1,1032600,1033,0.000391268167171881,Pro,toplane radiant
1808400,13,72,dire,FATA%2D,1,1033867,1034,0.000391646935968756,Pro,toplane radiant
1808400,13,72,dire,FATA%2D,1,1033867,1035,0.000392025704765631,Pro,toplane radiant
1808400,13,72,dire,FATA%2D,1,1033867,1036,0.000392404473562506,Pro,toplane radiant
1811400,13,73,dire,FATA%2D,1,1036867,1037,0.000392783242359381,Pro,toplane radiant
1811800,13,74,dire,FATA%2D,1,1037267,1038,0.000393162011156256,Pro,toplane radiant
1813400,12,75,dire,FATA%2D,1,1038867,1039,0.000393540779953131,Pro,toplane radiant
1814400,12,76,dire,FATA%2D,1,1039867,1040,0.000393919548750006,Pro,toplane radiant
1814400,12,76,dire,FATA%2D,1,1039867,1041,0.000394298317546881,Pro,toplane radiant
1816333,14,76,dire,FATA%2D,1,1041800,1042,0.000394677086343756,Pro,toplane radiant
1816333,14,76,dire,FATA%2D,1,1041800,1043,0.000395055855140631,Pro,toplane radiant
1818333,14,75,dire,FATA%2D,1,1043800,1044,0.000395434623937506,Pro,toplane radiant
1819266,14,75,dire,FATA%2D,1,1044733,1045,0.000395813392734381,Pro,toplane radiant
1820000,14,74,dire,FATA%2D,1,1045467,1046,0.000396192161531256,Pro,toplane radiant
1821533,13,74,dire,FATA%2D,1,1047000,1047,0.000396570930328131,Pro,toplane radiant
1822266,14,74,dire,FATA%2D,1,1047733,1048,0.000396949699125006,Pro,toplane radiant
1822266,14,74,dire,FATA%2D,1,1047733,1049,0.000397328467921881,Pro,toplane radiant
1823866,14,73,dire,FATA%2D,1,1049333,1050,0.000397707236718756,Pro,toplane radiant
1824666,14,74,dire,FATA%2D,1,1050133,1051,0.000398086005515631,Pro,toplane radiant
1826333,15,75,dire,FATA%2D,1,1051800,1052,0.000398464774312506,Pro,toplane radiant
1827466,16,78,dire,FATA%2D,1,1052933,1053,0.000398843543109381,Pro,toplane radiant
1828266,17,80,dire,FATA%2D,1,1053733,1054,0.000399222311906256,Pro,toplane dire
1829533,19,82,dire,FATA%2D,1,1055000,1055,0.000399601080703131,Pro,river
1830200,28,87,dire,FATA%2D,1,1055667,1056,0.000399979849500006,Pro,jungle dire
1830866,28,88,dire,FATA%2D,1,1056333,1057,0.000400358618296881,Pro,jungle dire
1832466,30,88,dire,FATA%2D,1,1057933,1058,0.000400737387093756,Pro,jungle dire
1832466,30,88,dire,FATA%2D,1,1057933,1059,0.000401116155890631,Pro,jungle dire
1832466,30,88,dire,FATA%2D,1,1057933,1060,0.000401494924687506,Pro,jungle dire
1832466,30,88,dire,FATA%2D,1,1057933,1061,0.000401873693484381,Pro,jungle dire
1836400,108,45,dire,FATA%2D,1,1061867,1062,0.000402252462281256,Pro,bottomlane dire
1837333,108,45,dire,FATA%2D,1,1062800,1063,0.000402631231078131,Pro,bottomlane dire
1838533,108,42,dire,FATA%2D,1,1064000,1064,0.000403009999875006,Pro,bottomlane dire
1839333,109,40,dire,FATA%2D,1,1064800,1065,0.000403388768671881,Pro,bottomlane dire
1840533,110,37,dire,FATA%2D,1,1066000,1066,0.000403767537468756,Pro,bottomlane radiant
1841333,111,35,dire,FATA%2D,1,1066800,1067,0.000404146306265631,Pro,bottomlane radiant
1841333,111,35,dire,FATA%2D,1,1066800,1068,0.000404525075062506,Pro,bottomlane radiant
1843466,111,36,dire,FATA%2D,1,1068933,1069,0.000404903843859381,Pro,bottomlane radiant
1844533,108,35,dire,FATA%2D,1,1070000,1070,0.000405282612656256,Pro,bottomlane radiant
1845466,106,34,dire,FATA%2D,1,1070933,1071,0.000405661381453131,Pro,river
1846533,109,35,dire,FATA%2D,1,1072000,1072,0.000406040150250006,Pro,bottomlane radiant
1847533,110,37,dire,FATA%2D,1,1073000,1073,0.000406418919046881,Pro,bottomlane radiant
1847866,110,38,dire,FATA%2D,1,1073333,1074,0.000406797687843756,Pro,bottomlane dire
1847866,110,38,dire,FATA%2D,1,1073333,1075,0.000407176456640631,Pro,bottomlane dire
1850466,111,38,dire,FATA%2D,1,1075933,1076,0.000407555225437506,Pro,bottomlane dire
1851333,111,39,dire,FATA%2D,1,1076800,1077,0.000407933994234381,Pro,bottomlane dire
1852066,111,41,dire,FATA%2D,1,1077533,1078,0.000408312763031256,Pro,bottomlane dire
1853466,111,43,dire,FATA%2D,1,1078933,1079,0.000408691531828131,Pro,bottomlane dire
1854200,112,45,dire,FATA%2D,1,1079667,1080,0.000409070300625006,Pro,bottomlane dire
1855333,113,48,dire,FATA%2D,1,1080800,1081,0.000409449069421881,Pro,bottomlane dire
1855333,113,48,dire,FATA%2D,1,1080800,1082,0.000409827838218756,Pro,bottomlane dire
1855333,113,48,dire,FATA%2D,1,1080800,1083,0.000410206607015631,Pro,bottomlane dire
1855333,113,48,dire,FATA%2D,1,1080800,1084,0.000410585375812506,Pro,bottomlane dire
1859533,113,46,dire,FATA%2D,1,1085000,1085,0.000410964144609381,Pro,bottomlane dire
1860133,113,46,dire,FATA%2D,1,1085600,1086,0.000411342913406256,Pro,bottomlane dire
1861266,112,45,dire,FATA%2D,1,1086733,1087,0.000411721682203131,Pro,bottomlane dire
1862533,109,45,dire,FATA%2D,1,1088000,1088,0.000412100451000006,Pro,bottomlane dire
1862533,109,45,dire,FATA%2D,1,1088000,1089,0.000412479219796881,Pro,bottomlane dire
1862533,109,45,dire,FATA%2D,1,1088000,1090,0.000412857988593756,Pro,bottomlane dire
1865400,108,46,dire,FATA%2D,1,1090867,1091,0.000413236757390631,Pro,bottomlane dire
1866333,106,47,dire,FATA%2D,1,1091800,1092,0.000413615526187506,Pro,void dire
1867333,106,46,dire,FATA%2D,1,1092800,1093,0.000413994294984381,Pro,bottomlane dire
1868266,107,44,dire,FATA%2D,1,1093733,1094,0.000414373063781256,Pro,void dire
1869466,108,41,dire,FATA%2D,1,1094933,1095,0.000414751832578131,Pro,bottomlane dire
1870200,109,39,dire,FATA%2D,1,1095667,1096,0.000415130601375006,Pro,bottomlane dire
1871333,109,36,dire,FATA%2D,1,1096800,1097,0.000415509370171881,Pro,bottomlane radiant
1872466,109,33,dire,FATA%2D,1,1097933,1098,0.000415888138968756,Pro,bottomlane radiant
1873200,109,31,dire,FATA%2D,1,1098667,1099,0.000416266907765631,Pro,bottomlane radiant
1874333,109,28,dire,FATA%2D,1,1099800,1100,0.000416645676562507,Pro,bottomlane radiant
1875400,109,26,dire,FATA%2D,1,1100867,1101,0.000417024445359382,Pro,bottomlane radiant
1875400,109,26,dire,FATA%2D,1,1100867,1102,0.000417403214156257,Pro,bottomlane radiant
1875400,109,26,dire,FATA%2D,1,1100867,1103,0.000417781982953132,Pro,bottomlane radiant
1878266,108,25,dire,FATA%2D,1,1103733,1104,0.000418160751750007,Pro,bottomlane radiant
1879533,109,24,dire,FATA%2D,1,1105000,1105,0.000418539520546882,Pro,bottomlane radiant
1879533,109,24,dire,FATA%2D,1,1105000,1106,0.000418918289343757,Pro,bottomlane radiant
1881266,109,23,dire,FATA%2D,1,1106733,1107,0.000419297058140632,Pro,bottomlane radiant
1881933,109,24,dire,FATA%2D,1,1107400,1108,0.000419675826937507,Pro,bottomlane radiant
1881933,109,24,dire,FATA%2D,1,1107400,1109,0.000420054595734382,Pro,bottomlane radiant
1884466,109,24,dire,FATA%2D,1,1109933,1110,0.000420433364531257,Pro,bottomlane radiant
1884466,109,24,dire,FATA%2D,1,1109933,1111,0.000420812133328132,Pro,bottomlane radiant
1886400,108,23,dire,FATA%2D,1,1111867,1112,0.000421190902125007,Pro,bottomlane radiant
1887200,107,24,dire,FATA%2D,1,1112667,1113,0.000421569670921882,Pro,bottomlane radiant
1888200,108,23,dire,FATA%2D,1,1113667,1114,0.000421948439718757,Pro,bottomlane radiant
1889266,107,21,dire,FATA%2D,1,1114733,1115,0.000422327208515632,Pro,bottomlane radiant
1890400,104,21,dire,FATA%2D,1,1115867,1116,0.000422705977312507,Pro,jungle radiant
1891466,101,21,dire,FATA%2D,1,1116933,1117,0.000423084746109382,Pro,jungle radiant
1892200,99,21,dire,FATA%2D,1,1117667,1118,0.000423463514906257,Pro,jungle radiant
1893333,96,21,dire,FATA%2D,1,1118800,1119,0.000423842283703132,Pro,jungle radiant
1894400,93,21,dire,FATA%2D,1,1119867,1120,0.000424221052500007,Pro,jungle radiant
1895533,90,21,dire,FATA%2D,1,1121000,1121,0.000424599821296882,Pro,jungle radiant
1896266,88,21,dire,FATA%2D,1,1121733,1122,0.000424978590093757,Pro,jungle radiant
1897466,89,20,dire,FATA%2D,1,1122933,1123,0.000425357358890632,Pro,jungle radiant
1898333,90,18,dire,FATA%2D,1,1123800,1124,0.000425736127687507,Pro,jungle radiant
1899200,91,16,dire,FATA%2D,1,1124667,1125,0.000426114896484382,Pro,jungle radiant
1900333,92,13,dire,FATA%2D,1,1125800,1126,0.000426493665281257,Pro,bottomlane radiant
1901200,92,12,dire,FATA%2D,1,1126667,1127,0.000426872434078132,Pro,bottomlane radiant
1901200,92,12,dire,FATA%2D,1,1126667,1128,0.000427251202875007,Pro,bottomlane radiant
1901200,92,12,dire,FATA%2D,1,1126667,1129,0.000427629971671882,Pro,bottomlane radiant
1901200,92,12,dire,FATA%2D,1,1126667,1130,0.000428008740468757,Pro,bottomlane radiant
1905466,92,13,dire,FATA%2D,1,1130933,1131,0.000428387509265632,Pro,bottomlane radiant
1905466,92,13,dire,FATA%2D,1,1130933,1132,0.000428766278062507,Pro,bottomlane radiant
1905466,92,13,dire,FATA%2D,1,1130933,1133,0.000429145046859382,Pro,bottomlane radiant
1905466,92,13,dire,FATA%2D,1,1130933,1134,0.000429523815656257,Pro,bottomlane radiant
1908933,92,12,dire,FATA%2D,1,1134400,1135,0.000429902584453132,Pro,bottomlane radiant
1909866,92,13,dire,FATA%2D,1,1135333,1136,0.000430281353250007,Pro,bottomlane radiant
1911133,91,12,dire,FATA%2D,1,1136600,1137,0.000430660122046882,Pro,bottomlane radiant
1911133,91,12,dire,FATA%2D,1,1136600,1138,0.000431038890843757,Pro,bottomlane radiant
1911133,91,12,dire,FATA%2D,1,1136600,1139,0.000431417659640632,Pro,bottomlane radiant
1914000,90,12,dire,FATA%2D,1,1139467,1140,0.000431796428437507,Pro,bottomlane radiant
1914933,91,12,dire,FATA%2D,1,1140400,1141,0.000432175197234382,Pro,bottomlane radiant
1916466,91,14,dire,FATA%2D,1,1141933,1142,0.000432553966031257,Pro,bottomlane radiant
1917266,91,16,dire,FATA%2D,1,1142733,1143,0.000432932734828132,Pro,jungle radiant
1918333,89,17,dire,FATA%2D,1,1143800,1144,0.000433311503625007,Pro,jungle radiant
1919533,86,19,dire,FATA%2D,1,1145000,1145,0.000433690272421882,Pro,jungle radiant
1920400,84,20,dire,FATA%2D,1,1145867,1146,0.000434069041218757,Pro,jungle radiant
1921200,82,21,dire,FATA%2D,1,1146667,1147,0.000434447810015632,Pro,jungle radiant
1922400,79,22,dire,FATA%2D,1,1147867,1148,0.000434826578812507,Pro,jungle radiant
1923466,77,24,dire,FATA%2D,1,1148933,1149,0.000435205347609382,Pro,jungle radiant
1924466,75,26,dire,FATA%2D,1,1149933,1150,0.000435584116406257,Pro,jungle radiant
1925466,73,28,dire,FATA%2D,1,1150933,1151,0.000435962885203132,Pro,jungle radiant
1926466,71,30,dire,FATA%2D,1,1151933,1152,0.000436341654000007,Pro,jungle radiant
1927333,70,32,dire,FATA%2D,1,1152800,1153,0.000436720422796882,Pro,jungle radiant
1928133,69,34,dire,FATA%2D,1,1153600,1154,0.000437099191593757,Pro,jungle radiant
1929533,68,36,dire,FATA%2D,1,1155000,1155,0.000437477960390632,Pro,jungle radiant
1930533,66,38,dire,FATA%2D,1,1156000,1156,0.000437856729187507,Pro,jungle radiant
1931266,64,39,dire,FATA%2D,1,1156733,1157,0.000438235497984382,Pro,jungle radiant
1932533,61,41,dire,FATA%2D,1,1158000,1158,0.000438614266781257,Pro,jungle radiant
1933533,59,43,dire,FATA%2D,1,1159000,1159,0.000438993035578132,Pro,jungle radiant
1934466,59,46,dire,FATA%2D,1,1159933,1160,0.000439371804375007,Pro,jungle radiant
1935466,58,49,dire,FATA%2D,1,1160933,1161,0.000439750573171882,Pro,void radiant
1936533,56,51,dire,FATA%2D,1,1162000,1162,0.000440129341968757,Pro,midlane radiant
1937466,54,53,dire,FATA%2D,1,1162933,1163,0.000440508110765632,Pro,midlane radiant
1938466,52,56,dire,FATA%2D,1,1163933,1164,0.000440886879562507,Pro,midlane radiant
1939533,50,58,dire,FATA%2D,1,1165000,1165,0.000441265648359382,Pro,midlane radiant
1940266,50,61,dire,FATA%2D,1,1165733,1166,0.000441644417156257,Pro,jungle radiant
1941266,49,64,dire,FATA%2D,1,1166733,1167,0.000442023185953132,Pro,jungle radiant
1942266,48,67,dire,FATA%2D,1,1167733,1168,0.000442401954750007,Pro,jungle radiant
1943400,46,70,dire,FATA%2D,1,1168867,1169,0.000442780723546882,Pro,river
1944400,45,73,dire,FATA%2D,1,1169867,1170,0.000443159492343757,Pro,river
1945466,44,76,dire,FATA%2D,1,1170933,1171,0.000443538261140632,Pro,river
1946266,42,78,dire,FATA%2D,1,1171733,1172,0.000443917029937507,Pro,river
1947466,40,81,dire,FATA%2D,1,1172933,1173,0.000444295798734382,Pro,river
1948533,35,87,dire,FATA%2D,1,1174000,1174,0.000444674567531257,Pro,void dire
1949266,33,88,dire,FATA%2D,1,1174733,1175,0.000445053336328132,Pro,jungle dire
1950533,31,90,dire,FATA%2D,1,1176000,1176,0.000445432105125007,Pro,jungle dire
1951533,30,92,dire,FATA%2D,1,1177000,1177,0.000445810873921882,Pro,jungle dire
1952400,28,94,dire,FATA%2D,1,1177867,1178,0.000446189642718757,Pro,jungle dire
1953466,25,95,dire,FATA%2D,1,1178933,1179,0.000446568411515632,Pro,jungle dire
1954533,22,96,dire,FATA%2D,1,1180000,1180,0.000446947180312507,Pro,toplane dire
1955066,20,97,dire,FATA%2D,1,1180533,1181,0.000447325949109382,Pro,toplane dire
1956133,18,99,dire,FATA%2D,1,1181600,1182,0.000447704717906257,Pro,toplane dire
1956600,17,100,dire,FATA%2D,1,1182067,1183,0.000448083486703132,Pro,toplane dire
1958466,14,99,dire,FATA%2D,1,1183933,1184,0.000448462255500007,Pro,toplane dire
1959400,15,97,dire,FATA%2D,1,1184867,1185,0.000448841024296882,Pro,toplane dire
1960533,17,97,dire,FATA%2D,1,1186000,1186,0.000449219793093757,Pro,toplane dire
1961200,17,99,dire,FATA%2D,1,1186667,1187,0.000449598561890632,Pro,toplane dire
1962133,15,101,dire,FATA%2D,1,1187600,1188,0.000449977330687507,Pro,toplane dire
1962733,14,102,dire,FATA%2D,1,1188200,1189,0.000450356099484382,Pro,toplane dire
1964533,14,100,dire,FATA%2D,1,1190000,1190,0.000450734868281257,Pro,toplane dire
1965533,12,98,dire,FATA%2D,1,1191000,1191,0.000451113637078132,Pro,toplane dire
1966466,14,98,dire,FATA%2D,1,1191933,1192,0.000451492405875007,Pro,toplane dire
1967533,16,100,dire,FATA%2D,1,1193000,1193,0.000451871174671882,Pro,toplane dire
1968000,16,99,dire,FATA%2D,1,1193467,1194,0.000452249943468757,Pro,toplane dire
1969333,17,97,dire,FATA%2D,1,1194800,1195,0.000452628712265632,Pro,toplane dire
1969333,17,97,dire,FATA%2D,1,1194800,1196,0.000453007481062507,Pro,toplane dire
1969333,17,97,dire,FATA%2D,1,1194800,1197,0.000453386249859382,Pro,toplane dire
1972133,19,97,dire,FATA%2D,1,1197600,1198,0.000453765018656257,Pro,toplane dire
1973333,20,95,dire,FATA%2D,1,1198800,1199,0.000454143787453132,Pro,toplane dire
1973800,21,94,dire,FATA%2D,1,1199267,1200,0.000454522556250007,Pro,toplane dire
1973800,21,94,dire,FATA%2D,1,1199267,1201,0.000454901325046882,Pro,toplane dire
1973800,21,94,dire,FATA%2D,1,1199267,1202,0.000455280093843757,Pro,toplane dire
1977333,21,93,dire,FATA%2D,1,1202800,1203,0.000455658862640632,Pro,toplane dire
1978333,19,91,dire,FATA%2D,1,1203800,1204,0.000456037631437507,Pro,toplane dire
1979466,18,88,dire,FATA%2D,1,1204933,1205,0.000456416400234382,Pro,toplane dire
1980266,17,86,dire,FATA%2D,1,1205733,1206,0.000456795169031257,Pro,toplane dire
1981400,16,76,dire,FATA%2D,1,1206867,1207,0.000457173937828132,Pro,toplane radiant
1982466,16,74,dire,FATA%2D,1,1207933,1208,0.000457552706625007,Pro,toplane radiant
1983266,17,72,dire,FATA%2D,1,1208733,1209,0.000457931475421882,Pro,toplane radiant
1983933,17,70,dire,FATA%2D,1,1209400,1210,0.000458310244218757,Pro,toplane radiant
1984866,17,69,dire,FATA%2D,1,1210333,1211,0.000458689013015632,Pro,toplane radiant
1986533,17,69,dire,FATA%2D,1,1212000,1212,0.000459067781812507,Pro,toplane radiant
1986533,17,69,dire,FATA%2D,1,1212000,1213,0.000459446550609382,Pro,toplane radiant
1987733,17,70,dire,FATA%2D,1,1213200,1214,0.000459825319406257,Pro,toplane radiant
1987733,17,70,dire,FATA%2D,1,1213200,1215,0.000460204088203132,Pro,toplane radiant
1987733,17,70,dire,FATA%2D,1,1213200,1216,0.000460582857000007,Pro,toplane radiant
1987733,17,70,dire,FATA%2D,1,1213200,1217,0.000460961625796882,Pro,toplane radiant
1987733,17,70,dire,FATA%2D,1,1213200,1218,0.000461340394593757,Pro,toplane radiant
1987733,17,70,dire,FATA%2D,1,1213200,1219,0.000461719163390632,Pro,toplane radiant
1987733,17,70,dire,FATA%2D,1,1213200,1220,0.000462097932187507,Pro,toplane radiant
1987733,17,70,dire,FATA%2D,1,1213200,1221,0.000462476700984382,Pro,toplane radiant
1987733,17,70,dire,FATA%2D,1,1213200,1222,0.000462855469781257,Pro,toplane radiant
1997533,15,70,dire,FATA%2D,1,1223000,1223,0.000463234238578132,Pro,toplane radiant
1998133,14,68,dire,FATA%2D,1,1223600,1224,0.000463613007375007,Pro,toplane radiant
1999533,15,68,dire,FATA%2D,1,1225000,1225,0.000463991776171882,Pro,toplane radiant
1999933,15,67,dire,FATA%2D,1,1225400,1226,0.000464370544968757,Pro,toplane radiant
2001400,14,66,dire,FATA%2D,1,1226867,1227,0.000464749313765632,Pro,toplane radiant
2002400,14,63,dire,FATA%2D,1,1227867,1228,0.000465128082562507,Pro,toplane radiant
2002800,14,62,dire,FATA%2D,1,1228267,1229,0.000465506851359382,Pro,toplane radiant
2002800,14,62,dire,FATA%2D,1,1228267,1230,0.000465885620156257,Pro,toplane radiant
2002800,14,62,dire,FATA%2D,1,1228267,1231,0.000466264388953132,Pro,toplane radiant
2002800,14,62,dire,FATA%2D,1,1228267,1232,0.000466643157750007,Pro,toplane radiant
2006666,13,61,dire,FATA%2D,1,1232133,1233,0.000467021926546882,Pro,toplane radiant
2006666,13,61,dire,FATA%2D,1,1232133,1234,0.000467400695343757,Pro,toplane radiant
2006666,13,61,dire,FATA%2D,1,1232133,1235,0.000467779464140632,Pro,toplane radiant
2010466,13,60,dire,FATA%2D,1,1235933,1236,0.000468158232937507,Pro,toplane radiant
2011333,13,61,dire,FATA%2D,1,1236800,1237,0.000468537001734382,Pro,toplane radiant
2012466,14,60,dire,FATA%2D,1,1237933,1238,0.000468915770531257,Pro,toplane radiant
2013066,14,59,dire,FATA%2D,1,1238533,1239,0.000469294539328132,Pro,toplane radiant
2014266,14,58,dire,FATA%2D,1,1239733,1240,0.000469673308125007,Pro,toplane radiant
2015466,14,56,dire,FATA%2D,1,1240933,1241,0.000470052076921882,Pro,toplane radiant
2016000,15,55,dire,FATA%2D,1,1241467,1242,0.000470430845718757,Pro,toplane radiant
2016000,15,55,dire,FATA%2D,1,1241467,1243,0.000470809614515632,Pro,toplane radiant
2016000,15,55,dire,FATA%2D,1,1241467,1244,0.000471188383312507,Pro,toplane radiant
2016000,15,55,dire,FATA%2D,1,1241467,1245,0.000471567152109382,Pro,toplane radiant
2016000,15,55,dire,FATA%2D,1,1241467,1246,0.000471945920906257,Pro,toplane radiant
2016000,15,55,dire,FATA%2D,1,1241467,1247,0.000472324689703132,Pro,toplane radiant
2016000,15,55,dire,FATA%2D,1,1241467,1248,0.000472703458500007,Pro,toplane radiant
2016000,15,55,dire,FATA%2D,1,1241467,1249,0.000473082227296882,Pro,toplane radiant
2024533,15,55,dire,FATA%2D,1,1250000,1250,0.000473460996093757,Pro,toplane radiant
2024533,15,55,dire,FATA%2D,1,1250000,1251,0.000473839764890632,Pro,toplane radiant
2024533,15,55,dire,FATA%2D,1,1250000,1252,0.000474218533687507,Pro,toplane radiant
2024533,15,55,dire,FATA%2D,1,1250000,1253,0.000474597302484382,Pro,toplane radiant
2028200,15,54,dire,FATA%2D,1,1253667,1254,0.000474976071281257,Pro,toplane radiant
2028200,15,54,dire,FATA%2D,1,1253667,1255,0.000475354840078132,Pro,toplane radiant
2028200,15,54,dire,FATA%2D,1,1253667,1256,0.000475733608875007,Pro,toplane radiant
2031200,16,55,dire,FATA%2D,1,1256667,1257,0.000476112377671882,Pro,toplane radiant
2032000,16,56,dire,FATA%2D,1,1257467,1258,0.000476491146468757,Pro,toplane radiant
2032000,16,56,dire,FATA%2D,1,1257467,1259,0.000476869915265632,Pro,toplane radiant
2032000,16,56,dire,FATA%2D,1,1257467,1260,0.000477248684062507,Pro,toplane radiant
2032000,16,56,dire,FATA%2D,1,1257467,1261,0.000477627452859382,Pro,toplane radiant
2036266,15,58,dire,FATA%2D,1,1261733,1262,0.000478006221656257,Pro,toplane radiant
2036266,15,58,dire,FATA%2D,1,1261733,1263,0.000478384990453132,Pro,toplane radiant
2036266,15,58,dire,FATA%2D,1,1261733,1264,0.000478763759250007,Pro,toplane radiant
2036266,15,58,dire,FATA%2D,1,1261733,1265,0.000479142528046882,Pro,toplane radiant
2040133,15,58,dire,FATA%2D,1,1265600,1266,0.000479521296843757,Pro,toplane radiant
2040133,15,58,dire,FATA%2D,1,1265600,1267,0.000479900065640632,Pro,toplane radiant
2042466,15,58,dire,FATA%2D,1,1267933,1268,0.000480278834437507,Pro,toplane radiant
2043200,13,57,dire,FATA%2D,1,1268667,1269,0.000480657603234383,Pro,toplane radiant
2043600,12,57,dire,FATA%2D,1,1269067,1270,0.000481036372031258,Pro,toplane radiant
2045133,12,55,dire,FATA%2D,1,1270600,1271,0.000481415140828133,Pro,toplane radiant
2046200,11,53,dire,FATA%2D,1,1271667,1272,0.000481793909625008,Pro,void radiant
2046933,11,51,dire,FATA%2D,1,1272400,1273,0.000482172678421883,Pro,toplane radiant
2046933,11,51,dire,FATA%2D,1,1272400,1274,0.000482551447218758,Pro,toplane radiant
2046933,11,51,dire,FATA%2D,1,1272400,1275,0.000482930216015633,Pro,toplane radiant
2046933,11,51,dire,FATA%2D,1,1272400,1276,0.000483308984812508,Pro,toplane radiant
2046933,11,51,dire,FATA%2D,1,1272400,1277,0.000483687753609383,Pro,toplane radiant
2046933,11,51,dire,FATA%2D,1,1272400,1278,0.000484066522406258,Pro,toplane radiant
2046933,11,51,dire,FATA%2D,1,1272400,1279,0.000484445291203133,Pro,toplane radiant
2046933,11,51,dire,FATA%2D,1,1272400,1280,0.000484824060000008,Pro,toplane radiant
2046933,11,51,dire,FATA%2D,1,1272400,1281,0.000485202828796883,Pro,toplane radiant
2046933,11,51,dire,FATA%2D,1,1272400,1282,0.000485581597593758,Pro,toplane radiant
2046933,11,51,dire,FATA%2D,1,1272400,1283,0.000485960366390633,Pro,toplane radiant
2046933,11,51,dire,FATA%2D,1,1272400,1284,0.000486339135187508,Pro,toplane radiant
2046933,11,51,dire,FATA%2D,1,1272400,1285,0.000486717903984383,Pro,toplane radiant
2046933,11,51,dire,FATA%2D,1,1272400,1286,0.000487096672781258,Pro,toplane radiant
2046933,11,51,dire,FATA%2D,1,1272400,1287,0.000487475441578133,Pro,toplane radiant
2046933,11,51,dire,FATA%2D,1,1272400,1288,0.000487854210375008,Pro,toplane radiant
2046933,11,51,dire,FATA%2D,1,1272400,1289,0.000488232979171883,Pro,toplane radiant
2046933,11,51,dire,FATA%2D,1,1272400,1290,0.000488611747968758,Pro,toplane radiant
2046933,11,51,dire,FATA%2D,1,1272400,1291,0.000488990516765633,Pro,toplane radiant
2046933,11,51,dire,FATA%2D,1,1272400,1292,0.000489369285562508,Pro,toplane radiant
2046933,11,51,dire,FATA%2D,1,1272400,1293,0.000489748054359383,Pro,toplane radiant
2046933,11,51,dire,FATA%2D,1,1272400,1294,0.000490126823156258,Pro,toplane radiant
2046933,11,51,dire,FATA%2D,1,1272400,1295,0.000490505591953133,Pro,toplane radiant
2046933,11,51,dire,FATA%2D,1,1272400,1296,0.000490884360750008,Pro,toplane radiant
2046933,11,51,dire,FATA%2D,1,1272400,1297,0.000491263129546883,Pro,toplane radiant
2046933,11,51,dire,FATA%2D,1,1272400,1298,0.000491641898343758,Pro,toplane radiant
2046933,11,51,dire,FATA%2D,1,1272400,1299,0.000492020667140633,Pro,toplane radiant
2046933,11,51,dire,FATA%2D,1,1272400,1300,0.000492399435937508,Pro,toplane radiant
2046933,11,51,dire,FATA%2D,1,1272400,1301,0.000492778204734383,Pro,toplane radiant
2046933,11,51,dire,FATA%2D,1,1272400,1302,0.000493156973531258,Pro,toplane radiant
2046933,11,51,dire,FATA%2D,1,1272400,1303,0.000493535742328133,Pro,toplane radiant
2046933,11,51,dire,FATA%2D,1,1272400,1304,0.000493914511125008,Pro,toplane radiant
2046933,11,51,dire,FATA%2D,1,1272400,1305,0.000494293279921883,Pro,toplane radiant
2046933,11,51,dire,FATA%2D,1,1272400,1306,0.000494672048718758,Pro,toplane radiant
2046933,11,51,dire,FATA%2D,1,1272400,1307,0.000495050817515633,Pro,toplane radiant
2046933,11,51,dire,FATA%2D,1,1272400,1308,0.000495429586312508,Pro,toplane radiant
2046933,11,51,dire,FATA%2D,1,1272400,1309,0.000495808355109383,Pro,toplane radiant
2046933,11,51,dire,FATA%2D,1,1272400,1310,0.000496187123906258,Pro,toplane radiant
2046933,11,51,dire,FATA%2D,1,1272400,1311,0.000496565892703133,Pro,toplane radiant
2046933,11,51,dire,FATA%2D,1,1272400,1312,0.000496944661500008,Pro,toplane radiant
2046933,11,51,dire,FATA%2D,1,1272400,1313,0.000497323430296883,Pro,toplane radiant
2046933,11,51,dire,FATA%2D,1,1272400,1314,0.000497702199093758,Pro,toplane radiant
2046933,11,51,dire,FATA%2D,1,1272400,1315,0.000498080967890633,Pro,toplane radiant
2046933,11,51,dire,FATA%2D,1,1272400,1316,0.000498459736687508,Pro,toplane radiant
2046933,11,51,dire,FATA%2D,1,1272400,1317,0.000498838505484383,Pro,toplane radiant
2046933,11,51,dire,FATA%2D,1,1272400,1318,0.000499217274281258,Pro,toplane radiant
2046933,11,51,dire,FATA%2D,1,1272400,1319,0.000499596043078133,Pro,toplane radiant
2046933,11,51,dire,FATA%2D,1,1272400,1320,0.000499974811875008,Pro,toplane radiant
2046933,11,51,dire,FATA%2D,1,1272400,1321,0.000500353580671883,Pro,toplane radiant
2046933,11,51,dire,FATA%2D,1,1272400,1322,0.000500732349468758,Pro,toplane radiant
2046933,11,51,dire,FATA%2D,1,1272400,1323,0.000501111118265633,Pro,toplane radiant
2046933,11,51,dire,FATA%2D,1,1272400,1324,0.000501489887062508,Pro,toplane radiant
2046933,11,51,dire,FATA%2D,1,1272400,1325,0.000501868655859383,Pro,toplane radiant
2100133,11,51,dire,FATA%2D,1,1325600,1326,0.000502247424656258,Pro,toplane radiant
2100133,11,51,dire,FATA%2D,1,1325600,1327,0.000502626193453133,Pro,toplane radiant
2100133,11,51,dire,FATA%2D,1,1325600,1328,0.000503004962250008,Pro,toplane radiant
2100133,11,51,dire,FATA%2D,1,1325600,1329,0.000503383731046883,Pro,toplane radiant
2100133,11,51,dire,FATA%2D,1,1325600,1330,0.000503762499843758,Pro,toplane radiant
2100133,11,51,dire,FATA%2D,1,1325600,1331,0.000504141268640633,Pro,toplane radiant
2100133,11,51,dire,FATA%2D,1,1325600,1332,0.000504520037437508,Pro,toplane radiant
2100133,11,51,dire,FATA%2D,1,1325600,1333,0.000504898806234383,Pro,toplane radiant
2100133,11,51,dire,FATA%2D,1,1325600,1334,0.000505277575031258,Pro,toplane radiant
2100133,11,51,dire,FATA%2D,1,1325600,1335,0.000505656343828133,Pro,toplane radiant
2100133,11,51,dire,FATA%2D,1,1325600,1336,0.000506035112625008,Pro,toplane radiant
2100133,11,51,dire,FATA%2D,1,1325600,1337,0.000506413881421883,Pro,toplane radiant
2111666,117,109,dire,FATA%2D,1,1337133,1338,0.000506792650218758,Pro,base2 dire
2111666,117,109,dire,FATA%2D,1,1337133,1339,0.000507171419015633,Pro,base2 dire
2111666,117,109,dire,FATA%2D,1,1337133,1340,0.000507550187812508,Pro,base2 dire
2115466,58,106,dire,FATA%2D,1,1340933,1341,0.000507928956609383,Pro,toplane dire
2116466,48,105,dire,FATA%2D,1,1341933,1342,0.000508307725406258,Pro,toplane dire
2117533,45,105,dire,FATA%2D,1,1343000,1343,0.000508686494203133,Pro,toplane dire
2118266,43,105,dire,FATA%2D,1,1343733,1344,0.000509065263000008,Pro,toplane dire
2119400,40,105,dire,FATA%2D,1,1344867,1345,0.000509444031796883,Pro,toplane dire
2120533,37,105,dire,FATA%2D,1,1346000,1346,0.000509822800593758,Pro,toplane dire
2121266,35,106,dire,FATA%2D,1,1346733,1347,0.000510201569390633,Pro,toplane dire
2122333,32,106,dire,FATA%2D,1,1347800,1348,0.000510580338187508,Pro,toplane dire
2123533,29,105,dire,FATA%2D,1,1349000,1349,0.000510959106984383,Pro,toplane dire
2123933,28,104,dire,FATA%2D,1,1349400,1350,0.000511337875781258,Pro,toplane dire
2123933,28,104,dire,FATA%2D,1,1349400,1351,0.000511716644578133,Pro,toplane dire
2123933,28,104,dire,FATA%2D,1,1349400,1352,0.000512095413375008,Pro,toplane dire
2123933,28,104,dire,FATA%2D,1,1349400,1353,0.000512474182171883,Pro,toplane dire
2123933,28,104,dire,FATA%2D,1,1349400,1354,0.000512852950968758,Pro,toplane dire
2129000,28,103,dire,FATA%2D,1,1354467,1355,0.000513231719765633,Pro,toplane dire
2129000,28,103,dire,FATA%2D,1,1354467,1356,0.000513610488562508,Pro,toplane dire
2131466,27,103,dire,FATA%2D,1,1356933,1357,0.000513989257359383,Pro,toplane dire
2132466,26,102,dire,FATA%2D,1,1357933,1358,0.000514368026156258,Pro,toplane dire
2132866,25,102,dire,FATA%2D,1,1358333,1359,0.000514746794953133,Pro,toplane dire
2134266,24,102,dire,FATA%2D,1,1359733,1360,0.000515125563750008,Pro,toplane dire
2134266,24,102,dire,FATA%2D,1,1359733,1361,0.000515504332546883,Pro,toplane dire
2135866,24,103,dire,FATA%2D,1,1361333,1362,0.000515883101343758,Pro,toplane dire
2136866,24,103,dire,FATA%2D,1,1362333,1363,0.000516261870140633,Pro,toplane dire
2136866,24,103,dire,FATA%2D,1,1362333,1364,0.000516640638937508,Pro,toplane dire
2136866,24,103,dire,FATA%2D,1,1362333,1365,0.000517019407734383,Pro,toplane dire
2136866,24,103,dire,FATA%2D,1,1362333,1366,0.000517398176531258,Pro,toplane dire
2136866,24,103,dire,FATA%2D,1,1362333,1367,0.000517776945328133,Pro,toplane dire
2136866,24,103,dire,FATA%2D,1,1362333,1368,0.000518155714125008,Pro,toplane dire
2143533,23,103,dire,FATA%2D,1,1369000,1369,0.000518534482921883,Pro,toplane dire
2144400,21,104,dire,FATA%2D,1,1369867,1370,0.000518913251718758,Pro,toplane dire
2144800,20,103,dire,FATA%2D,1,1370267,1371,0.000519292020515633,Pro,toplane dire
2144800,20,103,dire,FATA%2D,1,1370267,1372,0.000519670789312508,Pro,toplane dire
2147333,19,102,dire,FATA%2D,1,1372800,1373,0.000520049558109383,Pro,toplane dire
2148266,18,102,dire,FATA%2D,1,1373733,1374,0.000520428326906258,Pro,toplane dire
2149400,24,95,dire,FATA%2D,1,1374867,1375,0.000520807095703133,Pro,jungle dire
2150533,27,94,dire,FATA%2D,1,1376000,1376,0.000521185864500008,Pro,jungle dire
2151333,29,93,dire,FATA%2D,1,1376800,1377,0.000521564633296883,Pro,jungle dire
2152466,32,92,dire,FATA%2D,1,1377933,1378,0.000521943402093758,Pro,jungle dire
2153266,34,91,dire,FATA%2D,1,1378733,1379,0.000522322170890633,Pro,jungle dire
2154466,37,90,dire,FATA%2D,1,1379933,1380,0.000522700939687508,Pro,jungle dire
2155533,40,90,dire,FATA%2D,1,1381000,1381,0.000523079708484383,Pro,jungle dire
2156266,42,89,dire,FATA%2D,1,1381733,1382,0.000523458477281258,Pro,jungle dire
2157400,45,88,dire,FATA%2D,1,1382867,1383,0.000523837246078133,Pro,jungle dire
2158533,43,89,dire,FATA%2D,1,1384000,1384,0.000524216014875008,Pro,jungle dire
2159266,41,89,dire,FATA%2D,1,1384733,1385,0.000524594783671883,Pro,jungle dire
2160400,42,89,dire,FATA%2D,1,1385867,1386,0.000524973552468758,Pro,jungle dire
2161333,44,88,dire,FATA%2D,1,1386800,1387,0.000525352321265633,Pro,jungle dire
2162466,44,85,dire,FATA%2D,1,1387933,1388,0.000525731090062508,Pro,jungle dire
2163533,44,82,dire,FATA%2D,1,1389000,1389,0.000526109858859383,Pro,jungle dire
2164266,44,80,dire,FATA%2D,1,1389733,1390,0.000526488627656258,Pro,void dire
2165466,43,77,dire,FATA%2D,1,1390933,1391,0.000526867396453133,Pro,river
2166466,44,76,dire,FATA%2D,1,1391933,1392,0.000527246165250008,Pro,river
2167533,46,74,dire,FATA%2D,1,1393000,1393,0.000527624934046883,Pro,river
2168400,48,73,dire,FATA%2D,1,1393867,1394,0.000528003702843758,Pro,river
2169466,58,71,dire,FATA%2D,1,1394933,1395,0.000528382471640633,Pro,jungle dire
2170266,60,70,dire,FATA%2D,1,1395733,1396,0.000528761240437508,Pro,jungle dire
2171533,62,68,dire,FATA%2D,1,1397000,1397,0.000529140009234383,Pro,midlane dire
2172533,64,66,dire,FATA%2D,1,1398000,1398,0.000529518778031258,Pro,midlane dire
2173400,66,64,dire,FATA%2D,1,1398867,1399,0.000529897546828133,Pro,midlane dire
2174466,68,62,dire,FATA%2D,1,1399933,1400,0.000530276315625008,Pro,midlane dire
2175466,70,60,dire,FATA%2D,1,1400933,1401,0.000530655084421883,Pro,jungle dire
2176533,72,58,dire,FATA%2D,1,1402000,1402,0.000531033853218758,Pro,jungle dire
2177400,74,57,dire,FATA%2D,1,1402867,1403,0.000531412622015633,Pro,jungle dire
2178333,76,55,dire,FATA%2D,1,1403800,1404,0.000531791390812508,Pro,jungle dire
2179133,78,54,dire,FATA%2D,1,1404600,1405,0.000532170159609383,Pro,jungle dire
2180133,80,52,dire,FATA%2D,1,1405600,1406,0.000532548928406258,Pro,jungle dire
2181533,82,49,dire,FATA%2D,1,1407000,1407,0.000532927697203133,Pro,jungle dire
2182400,83,47,dire,FATA%2D,1,1407867,1408,0.000533306466000008,Pro,void dire
2183400,85,45,dire,FATA%2D,1,1408867,1409,0.000533685234796883,Pro,void dire
2184466,86,42,dire,FATA%2D,1,1409933,1410,0.000534064003593758,Pro,river
2184800,86,41,dire,FATA%2D,1,1410267,1411,0.000534442772390633,Pro,river
2184800,86,41,dire,FATA%2D,1,1410267,1412,0.000534821541187508,Pro,river
2184800,86,41,dire,FATA%2D,1,1410267,1413,0.000535200309984383,Pro,river
2188400,83,41,dire,FATA%2D,1,1413867,1414,0.000535579078781258,Pro,river
2189200,82,40,dire,FATA%2D,1,1414667,1415,0.000535957847578133,Pro,river
2190466,76,31,dire,FATA%2D,1,1415933,1416,0.000536336616375008,Pro,jungle radiant
2190466,76,31,dire,FATA%2D,1,1415933,1417,0.000536715385171883,Pro,jungle radiant
2190466,76,31,dire,FATA%2D,1,1415933,1418,0.000537094153968758,Pro,jungle radiant
2190466,76,31,dire,FATA%2D,1,1415933,1419,0.000537472922765633,Pro,jungle radiant
2190466,76,31,dire,FATA%2D,1,1415933,1420,0.000537851691562508,Pro,jungle radiant
2190466,76,31,dire,FATA%2D,1,1415933,1421,0.000538230460359383,Pro,jungle radiant
2196133,77,31,dire,FATA%2D,1,1421600,1422,0.000538609229156258,Pro,jungle radiant
2196800,76,31,dire,FATA%2D,1,1422267,1423,0.000538987997953133,Pro,jungle radiant
2198400,76,30,dire,FATA%2D,1,1423867,1424,0.000539366766750008,Pro,jungle radiant
2199400,76,31,dire,FATA%2D,1,1424867,1425,0.000539745535546883,Pro,jungle radiant
2200133,77,30,dire,FATA%2D,1,1425600,1426,0.000540124304343758,Pro,jungle radiant
2201333,78,27,dire,FATA%2D,1,1426800,1427,0.000540503073140633,Pro,jungle radiant
2202466,79,24,dire,FATA%2D,1,1427933,1428,0.000540881841937508,Pro,jungle radiant
2203266,80,22,dire,FATA%2D,1,1428733,1429,0.000541260610734383,Pro,jungle radiant
2204333,79,20,dire,FATA%2D,1,1429800,1430,0.000541639379531258,Pro,void radiant
2205466,78,17,dire,FATA%2D,1,1430933,1431,0.000542018148328133,Pro,bottomlane radiant
2206400,72,9,dire,FATA%2D,1,1431867,1432,0.000542396917125008,Pro,bottomlane radiant
2207466,73,9,dire,FATA%2D,1,1432933,1433,0.000542775685921884,Pro,bottomlane radiant
2208466,74,10,dire,FATA%2D,1,1433933,1434,0.000543154454718759,Pro,bottomlane radiant
2209266,76,11,dire,FATA%2D,1,1434733,1435,0.000543533223515634,Pro,bottomlane radiant
2210333,79,10,dire,FATA%2D,1,1435800,1436,0.000543911992312509,Pro,bottomlane radiant
2211066,81,10,dire,FATA%2D,1,1436533,1437,0.000544290761109384,Pro,bottomlane radiant
2212466,82,10,dire,FATA%2D,1,1437933,1438,0.000544669529906259,Pro,bottomlane radiant
2213200,84,9,dire,FATA%2D,1,1438667,1439,0.000545048298703134,Pro,bottomlane radiant
2213200,84,9,dire,FATA%2D,1,1438667,1440,0.000545427067500009,Pro,bottomlane radiant
2215066,84,8,dire,FATA%2D,1,1440533,1441,0.000545805836296884,Pro,void radiant
2216533,82,9,dire,FATA%2D,1,1442000,1442,0.000546184605093759,Pro,bottomlane radiant
2217266,80,8,dire,FATA%2D,1,1442733,1443,0.000546563373890634,Pro,void radiant
2218466,77,7,dire,FATA%2D,1,1443933,1444,0.000546942142687509,Pro,void radiant
2219333,75,9,dire,FATA%2D,1,1444800,1445,0.000547320911484384,Pro,bottomlane radiant
2220133,74,9,dire,FATA%2D,1,1445600,1446,0.000547699680281259,Pro,bottomlane radiant
2220133,74,9,dire,FATA%2D,1,1445600,1447,0.000548078449078134,Pro,bottomlane radiant
2220133,74,9,dire,FATA%2D,1,1445600,1448,0.000548457217875009,Pro,bottomlane radiant
2220133,74,9,dire,FATA%2D,1,1445600,1449,0.000548835986671884,Pro,bottomlane radiant
2220133,74,9,dire,FATA%2D,1,1445600,1450,0.000549214755468759,Pro,bottomlane radiant
2225066,73,9,dire,FATA%2D,1,1450533,1451,0.000549593524265634,Pro,bottomlane radiant
2226200,72,9,dire,FATA%2D,1,1451667,1452,0.000549972293062509,Pro,bottomlane radiant
2226200,72,9,dire,FATA%2D,1,1451667,1453,0.000550351061859384,Pro,bottomlane radiant
2228400,73,9,dire,FATA%2D,1,1453867,1454,0.000550729830656259,Pro,bottomlane radiant
2229333,75,11,dire,FATA%2D,1,1454800,1455,0.000551108599453134,Pro,bottomlane radiant
2230533,77,14,dire,FATA%2D,1,1456000,1456,0.000551487368250009,Pro,bottomlane radiant
2231400,78,16,dire,FATA%2D,1,1456867,1457,0.000551866137046884,Pro,bottomlane radiant
2232400,79,19,dire,FATA%2D,1,1457867,1458,0.000552244905843759,Pro,void radiant
2232733,78,20,dire,FATA%2D,1,1458200,1459,0.000552623674640634,Pro,jungle radiant
2234333,76,30,dire,FATA%2D,1,1459800,1460,0.000553002443437509,Pro,jungle radiant
2234733,76,31,dire,FATA%2D,1,1460200,1461,0.000553381212234384,Pro,jungle radiant
2234733,76,31,dire,FATA%2D,1,1460200,1462,0.000553759981031259,Pro,jungle radiant
2234733,76,31,dire,FATA%2D,1,1460200,1463,0.000554138749828134,Pro,jungle radiant
2234733,76,31,dire,FATA%2D,1,1460200,1464,0.000554517518625009,Pro,jungle radiant
2239466,76,30,dire,FATA%2D,1,1464933,1465,0.000554896287421884,Pro,jungle radiant
2240400,76,31,dire,FATA%2D,1,1465867,1466,0.000555275056218759,Pro,jungle radiant
2241533,75,29,dire,FATA%2D,1,1467000,1467,0.000555653825015634,Pro,jungle radiant
2242333,74,27,dire,FATA%2D,1,1467800,1468,0.000556032593812509,Pro,jungle radiant
2243200,73,25,dire,FATA%2D,1,1468667,1469,0.000556411362609384,Pro,jungle radiant
2244133,71,23,dire,FATA%2D,1,1469600,1470,0.000556790131406259,Pro,jungle radiant
2245533,69,20,dire,FATA%2D,1,1471000,1471,0.000557168900203134,Pro,jungle radiant
2246400,67,19,dire,FATA%2D,1,1471867,1472,0.000557547669000009,Pro,jungle radiant
2247533,67,17,dire,FATA%2D,1,1473000,1473,0.000557926437796884,Pro,bottomlane radiant
2247533,67,17,dire,FATA%2D,1,1473000,1474,0.000558305206593759,Pro,bottomlane radiant
2249533,67,18,dire,FATA%2D,1,1475000,1475,0.000558683975390634,Pro,jungle radiant
2250133,65,19,dire,FATA%2D,1,1475600,1476,0.000559062744187509,Pro,jungle radiant
2250133,65,19,dire,FATA%2D,1,1475600,1477,0.000559441512984384,Pro,jungle radiant
2252266,67,20,dire,FATA%2D,1,1477733,1478,0.000559820281781259,Pro,jungle radiant
2253333,69,22,dire,FATA%2D,1,1478800,1479,0.000560199050578134,Pro,void radiant
2254466,71,24,dire,FATA%2D,1,1479933,1480,0.000560577819375009,Pro,jungle radiant
2255533,73,26,dire,FATA%2D,1,1481000,1481,0.000560956588171884,Pro,jungle radiant
2256266,72,28,dire,FATA%2D,1,1481733,1482,0.000561335356968759,Pro,jungle radiant
2257533,71,31,dire,FATA%2D,1,1483000,1483,0.000561714125765634,Pro,jungle radiant
2258333,70,33,dire,FATA%2D,1,1483800,1484,0.000562092894562509,Pro,jungle radiant
2259533,68,36,dire,FATA%2D,1,1485000,1485,0.000562471663359384,Pro,jungle radiant
2259933,68,37,dire,FATA%2D,1,1485400,1486,0.000562850432156259,Pro,jungle radiant
2261133,66,38,dire,FATA%2D,1,1486600,1487,0.000563229200953134,Pro,jungle radiant
2262533,63,40,dire,FATA%2D,1,1488000,1488,0.000563607969750009,Pro,jungle radiant
2262533,63,40,dire,FATA%2D,1,1488000,1489,0.000563986738546884,Pro,jungle radiant
2264333,63,38,dire,FATA%2D,1,1489800,1490,0.000564365507343759,Pro,jungle radiant
2264333,63,38,dire,FATA%2D,1,1489800,1491,0.000564744276140634,Pro,jungle radiant
2264333,63,38,dire,FATA%2D,1,1489800,1492,0.000565123044937509,Pro,jungle radiant
2266600,62,38,dire,FATA%2D,1,1492067,1493,0.000565501813734384,Pro,jungle radiant
2268266,61,40,dire,FATA%2D,1,1493733,1494,0.000565880582531259,Pro,jungle radiant
2268933,60,41,dire,FATA%2D,1,1494400,1495,0.000566259351328134,Pro,jungle radiant
2268933,60,41,dire,FATA%2D,1,1494400,1496,0.000566638120125009,Pro,jungle radiant
2268933,60,41,dire,FATA%2D,1,1494400,1497,0.000567016888921884,Pro,jungle radiant
2268933,60,41,dire,FATA%2D,1,1494400,1498,0.000567395657718759,Pro,jungle radiant
2268933,60,41,dire,FATA%2D,1,1494400,1499,0.000567774426515634,Pro,jungle radiant
2268933,60,41,dire,FATA%2D,1,1494400,1500,0.000568153195312509,Pro,jungle radiant
2268933,60,41,dire,FATA%2D,1,1494400,1501,0.000568531964109384,Pro,jungle radiant
2268933,60,41,dire,FATA%2D,1,1494400,1502,0.000568910732906259,Pro,jungle radiant
2277400,58,41,dire,FATA%2D,1,1502867,1503,0.000569289501703134,Pro,jungle radiant
2278533,55,42,dire,FATA%2D,1,1504000,1504,0.000569668270500009,Pro,jungle radiant
2279533,54,41,dire,FATA%2D,1,1505000,1505,0.000570047039296884,Pro,jungle radiant
2280133,54,41,dire,FATA%2D,1,1505600,1506,0.000570425808093759,Pro,jungle radiant
2280133,54,41,dire,FATA%2D,1,1505600,1507,0.000570804576890634,Pro,jungle radiant
2280133,54,41,dire,FATA%2D,1,1505600,1508,0.000571183345687509,Pro,jungle radiant
2283266,54,41,dire,FATA%2D,1,1508733,1509,0.000571562114484384,Pro,jungle radiant
2284200,53,39,dire,FATA%2D,1,1509667,1510,0.000571940883281259,Pro,jungle radiant
2285133,51,37,dire,FATA%2D,1,1510600,1511,0.000572319652078134,Pro,jungle radiant
2286333,42,32,dire,FATA%2D,1,1511800,1512,0.000572698420875009,Pro,midlane radiant
2287466,39,31,dire,FATA%2D,1,1512933,1513,0.000573077189671884,Pro,midlane radiant
2288533,36,31,dire,FATA%2D,1,1514000,1514,0.000573455958468759,Pro,midlane radiant
2289466,35,31,dire,FATA%2D,1,1514933,1515,0.000573834727265634,Pro,midlane radiant
2290533,34,31,dire,FATA%2D,1,1516000,1516,0.000574213496062509,Pro,midlane radiant
2291333,33,32,dire,FATA%2D,1,1516800,1517,0.000574592264859384,Pro,midlane radiant
2292466,30,31,dire,FATA%2D,1,1517933,1518,0.000574971033656259,Pro,midlane radiant
2292466,30,31,dire,FATA%2D,1,1517933,1519,0.000575349802453134,Pro,midlane radiant
2293933,29,31,dire,FATA%2D,1,1519400,1520,0.000575728571250009,Pro,midlane radiant
2295333,28,31,dire,FATA%2D,1,1520800,1521,0.000576107340046884,Pro,base1 radiant
2296466,30,32,dire,FATA%2D,1,1521933,1522,0.000576486108843759,Pro,midlane radiant
2297200,32,33,dire,FATA%2D,1,1522667,1523,0.000576864877640634,Pro,midlane radiant
2298533,35,31,dire,FATA%2D,1,1524000,1524,0.000577243646437509,Pro,midlane radiant
2299400,37,30,dire,FATA%2D,1,1524867,1525,0.000577622415234384,Pro,midlane radiant
2300466,40,29,dire,FATA%2D,1,1525933,1526,0.000578001184031259,Pro,midlane radiant
2301533,43,28,dire,FATA%2D,1,1527000,1527,0.000578379952828134,Pro,jungle radiant
2302533,53,29,dire,FATA%2D,1,1528000,1528,0.000578758721625009,Pro,jungle radiant
2303533,55,28,dire,FATA%2D,1,1529000,1529,0.000579137490421884,Pro,jungle radiant
2303533,55,28,dire,FATA%2D,1,1529000,1530,0.000579516259218759,Pro,jungle radiant
2303533,55,28,dire,FATA%2D,1,1529000,1531,0.000579895028015634,Pro,jungle radiant
2303533,55,28,dire,FATA%2D,1,1529000,1532,0.000580273796812509,Pro,jungle radiant
2303533,55,28,dire,FATA%2D,1,1529000,1533,0.000580652565609384,Pro,jungle radiant
2303533,55,28,dire,FATA%2D,1,1529000,1534,0.000581031334406259,Pro,jungle radiant
2303533,55,28,dire,FATA%2D,1,1529000,1535,0.000581410103203134,Pro,jungle radiant
2303533,55,28,dire,FATA%2D,1,1529000,1536,0.000581788872000009,Pro,jungle radiant
2311200,55,29,dire,FATA%2D,1,1536667,1537,0.000582167640796884,Pro,jungle radiant
2311200,55,29,dire,FATA%2D,1,1536667,1538,0.000582546409593759,Pro,jungle radiant
2312800,55,28,dire,FATA%2D,1,1538267,1539,0.000582925178390634,Pro,jungle radiant
2313600,54,28,dire,FATA%2D,1,1539067,1540,0.000583303947187509,Pro,jungle radiant
2315266,54,29,dire,FATA%2D,1,1540733,1541,0.000583682715984384,Pro,jungle radiant
2315266,54,29,dire,FATA%2D,1,1540733,1542,0.000584061484781259,Pro,jungle radiant
2317466,54,29,dire,FATA%2D,1,1542933,1543,0.000584440253578134,Pro,jungle radiant
2318200,52,29,dire,FATA%2D,1,1543667,1544,0.000584819022375009,Pro,jungle radiant
2319333,49,29,dire,FATA%2D,1,1544800,1545,0.000585197791171884,Pro,jungle radiant
2320466,46,30,dire,FATA%2D,1,1545933,1546,0.000585576559968759,Pro,jungle radiant
2321266,44,31,dire,FATA%2D,1,1546733,1547,0.000585955328765634,Pro,jungle radiant
2322400,41,31,dire,FATA%2D,1,1547867,1548,0.000586334097562509,Pro,midlane radiant
2323200,39,31,dire,FATA%2D,1,1548667,1549,0.000586712866359384,Pro,midlane radiant
2324400,36,30,dire,FATA%2D,1,1549867,1550,0.000587091635156259,Pro,midlane radiant
2325533,33,29,dire,FATA%2D,1,1551000,1551,0.000587470403953134,Pro,midlane radiant
2326466,31,27,dire,FATA%2D,1,1551933,1552,0.000587849172750009,Pro,base1 radiant
2326600,30,27,dire,FATA%2D,1,1552067,1553,0.000588227941546884,Pro,base1 radiant
2326600,30,27,dire,FATA%2D,1,1552067,1554,0.000588606710343759,Pro,base1 radiant
2326600,30,27,dire,FATA%2D,1,1552067,1555,0.000588985479140634,Pro,base1 radiant
2326600,30,27,dire,FATA%2D,1,1552067,1556,0.000589364247937509,Pro,base1 radiant
2326600,30,27,dire,FATA%2D,1,1552067,1557,0.000589743016734384,Pro,base1 radiant
2332533,30,27,dire,FATA%2D,1,1558000,1558,0.000590121785531259,Pro,base1 radiant
2333533,31,28,dire,FATA%2D,1,1559000,1559,0.000590500554328134,Pro,base1 radiant
2334466,34,28,dire,FATA%2D,1,1559933,1560,0.000590879323125009,Pro,midlane radiant
2335466,37,28,dire,FATA%2D,1,1560933,1561,0.000591258091921884,Pro,midlane radiant
2335866,37,29,dire,FATA%2D,1,1561333,1562,0.000591636860718759,Pro,midlane radiant
2337266,39,29,dire,FATA%2D,1,1562733,1563,0.000592015629515634,Pro,midlane radiant
2338333,41,29,dire,FATA%2D,1,1563800,1564,0.000592394398312509,Pro,midlane radiant
2339533,41,29,dire,FATA%2D,1,1565000,1565,0.000592773167109384,Pro,midlane radiant
2340266,41,28,dire,FATA%2D,1,1565733,1566,0.000593151935906259,Pro,jungle radiant
2341200,41,28,dire,FATA%2D,1,1566667,1567,0.000593530704703134,Pro,jungle radiant
2342000,43,28,dire,FATA%2D,1,1567467,1568,0.000593909473500009,Pro,jungle radiant
2343400,42,30,dire,FATA%2D,1,1568867,1569,0.000594288242296884,Pro,midlane radiant
2344533,39,30,dire,FATA%2D,1,1570000,1570,0.000594667011093759,Pro,midlane radiant
2345533,37,31,dire,FATA%2D,1,1571000,1571,0.000595045779890634,Pro,midlane radiant
2346133,37,32,dire,FATA%2D,1,1571600,1572,0.000595424548687509,Pro,midlane radiant
2347466,40,34,dire,FATA%2D,1,1572933,1573,0.000595803317484384,Pro,midlane radiant
2348333,42,34,dire,FATA%2D,1,1573800,1574,0.000596182086281259,Pro,midlane radiant
2349533,45,33,dire,FATA%2D,1,1575000,1575,0.000596560855078134,Pro,midlane radiant
2350333,47,32,dire,FATA%2D,1,1575800,1576,0.000596939623875009,Pro,jungle radiant
2351400,49,33,dire,FATA%2D,1,1576867,1577,0.000597318392671884,Pro,jungle radiant
2352533,50,36,dire,FATA%2D,1,1578000,1578,0.000597697161468759,Pro,void radiant
2353466,53,36,dire,FATA%2D,1,1578933,1579,0.000598075930265634,Pro,jungle radiant
2354266,55,37,dire,FATA%2D,1,1579733,1580,0.000598454699062509,Pro,jungle radiant
2355200,57,37,dire,FATA%2D,1,1580667,1581,0.000598833467859384,Pro,jungle radiant
2356333,60,38,dire,FATA%2D,1,1581800,1582,0.000599212236656259,Pro,jungle radiant
2357333,69,34,dire,FATA%2D,1,1582800,1583,0.000599591005453134,Pro,jungle radiant
2358200,70,32,dire,FATA%2D,1,1583667,1584,0.000599969774250009,Pro,jungle radiant
2359466,72,29,dire,FATA%2D,1,1584933,1585,0.000600348543046884,Pro,jungle radiant
2360200,74,29,dire,FATA%2D,1,1585667,1586,0.000600727311843759,Pro,jungle radiant
2360866,75,30,dire,FATA%2D,1,1586333,1587,0.000601106080640634,Pro,jungle radiant
2360866,75,30,dire,FATA%2D,1,1586333,1588,0.000601484849437509,Pro,jungle radiant
2360866,75,30,dire,FATA%2D,1,1586333,1589,0.000601863618234384,Pro,jungle radiant
2360866,75,30,dire,FATA%2D,1,1586333,1590,0.000602242387031259,Pro,jungle radiant
2360866,75,30,dire,FATA%2D,1,1586333,1591,0.000602621155828134,Pro,jungle radiant
2360866,75,30,dire,FATA%2D,1,1586333,1592,0.000602999924625009,Pro,jungle radiant
2360866,75,30,dire,FATA%2D,1,1586333,1593,0.000603378693421884,Pro,jungle radiant
2360866,75,30,dire,FATA%2D,1,1586333,1594,0.000603757462218759,Pro,jungle radiant
2360866,75,30,dire,FATA%2D,1,1586333,1595,0.000604136231015634,Pro,jungle radiant
2360866,75,30,dire,FATA%2D,1,1586333,1596,0.000604514999812509,Pro,jungle radiant
2360866,75,30,dire,FATA%2D,1,1586333,1597,0.000604893768609384,Pro,jungle radiant
2372333,77,29,dire,FATA%2D,1,1597800,1598,0.000605272537406259,Pro,jungle radiant
2373533,80,28,dire,FATA%2D,1,1599000,1599,0.000605651306203134,Pro,jungle radiant
2374266,82,29,dire,FATA%2D,1,1599733,1600,0.000606030075000009,Pro,jungle radiant
2375333,85,29,dire,FATA%2D,1,1600800,1601,0.000606408843796884,Pro,jungle radiant
2376466,88,29,dire,FATA%2D,1,1601933,1602,0.000606787612593759,Pro,jungle radiant
2377533,91,29,dire,FATA%2D,1,1603000,1603,0.000607166381390634,Pro,jungle radiant
2378333,93,30,dire,FATA%2D,1,1603800,1604,0.000607545150187509,Pro,jungle radiant
2379400,95,32,dire,FATA%2D,1,1604867,1605,0.000607923918984384,Pro,jungle radiant
2380333,98,42,dire,FATA%2D,1,1605800,1606,0.000608302687781259,Pro,jungle dire
2380333,98,42,dire,FATA%2D,1,1605800,1607,0.000608681456578134,Pro,jungle dire
2380333,98,42,dire,FATA%2D,1,1605800,1608,0.000609060225375009,Pro,jungle dire
2380333,98,42,dire,FATA%2D,1,1605800,1609,0.000609438994171884,Pro,jungle dire
2380333,98,42,dire,FATA%2D,1,1605800,1610,0.000609817762968759,Pro,jungle dire
2380333,98,42,dire,FATA%2D,1,1605800,1611,0.000610196531765635,Pro,jungle dire
2380333,98,42,dire,FATA%2D,1,1605800,1612,0.00061057530056251,Pro,jungle dire
2380333,98,42,dire,FATA%2D,1,1605800,1613,0.000610954069359385,Pro,jungle dire
2388533,98,43,dire,FATA%2D,1,1614000,1614,0.00061133283815626,Pro,jungle dire
2388533,98,43,dire,FATA%2D,1,1614000,1615,0.000611711606953135,Pro,jungle dire
2388533,98,43,dire,FATA%2D,1,1614000,1616,0.00061209037575001,Pro,jungle dire
2388533,98,43,dire,FATA%2D,1,1614000,1617,0.000612469144546885,Pro,jungle dire
2392333,97,44,dire,FATA%2D,1,1617800,1618,0.00061284791334376,Pro,jungle dire
2393466,97,45,dire,FATA%2D,1,1618933,1619,0.000613226682140635,Pro,jungle dire
2394466,96,54,dire,FATA%2D,1,1619933,1620,0.00061360545093751,Pro,jungle dire
2395533,95,57,dire,FATA%2D,1,1621000,1621,0.000613984219734385,Pro,jungle dire
2396400,94,59,dire,FATA%2D,1,1621867,1622,0.00061436298853126,Pro,jungle dire
2397333,92,61,dire,FATA%2D,1,1622800,1623,0.000614741757328135,Pro,jungle dire
2398533,91,64,dire,FATA%2D,1,1624000,1624,0.00061512052612501,Pro,secretshop dire
2399266,92,66,dire,FATA%2D,1,1624733,1625,0.000615499294921885,Pro,jungle dire
2400400,92,69,dire,FATA%2D,1,1625867,1626,0.00061587806371876,Pro,jungle dire
2401466,91,70,dire,FATA%2D,1,1626933,1627,0.000616256832515635,Pro,jungle dire
2402200,89,71,dire,FATA%2D,1,1627667,1628,0.00061663560131251,Pro,jungle dire
2403400,86,71,dire,FATA%2D,1,1628867,1629,0.000617014370109385,Pro,midlane dire
2404533,83,71,dire,FATA%2D,1,1630000,1630,0.00061739313890626,Pro,midlane dire
2405400,81,69,dire,FATA%2D,1,1630867,1631,0.000617771907703135,Pro,midlane dire
2406200,79,68,dire,FATA%2D,1,1631667,1632,0.00061815067650001,Pro,midlane dire
2407400,76,67,dire,FATA%2D,1,1632867,1633,0.000618529445296885,Pro,midlane dire
2408533,73,66,dire,FATA%2D,1,1634000,1634,0.00061890821409376,Pro,midlane dire
2409266,71,66,dire,FATA%2D,1,1634733,1635,0.000619286982890635,Pro,midlane dire
2410400,68,65,dire,FATA%2D,1,1635867,1636,0.00061966575168751,Pro,midlane dire
2411533,65,65,dire,FATA%2D,1,1637000,1637,0.000620044520484385,Pro,midlane dire
2412466,63,67,dire,FATA%2D,1,1637933,1638,0.00062042328928126,Pro,midlane dire
2413533,60,68,dire,FATA%2D,1,1639000,1639,0.000620802058078135,Pro,jungle dire
2414400,58,69,dire,FATA%2D,1,1639867,1640,0.00062118082687501,Pro,jungle dire
2415200,49,72,dire,FATA%2D,1,1640667,1641,0.000621559595671885,Pro,river
2416400,46,73,dire,FATA%2D,1,1641867,1642,0.00062193836446876,Pro,river
2417333,44,75,dire,FATA%2D,1,1642800,1643,0.000622317133265635,Pro,river
2418533,41,76,dire,FATA%2D,1,1644000,1644,0.00062269590206251,Pro,river
2419400,41,74,dire,FATA%2D,1,1644867,1645,0.000623074670859385,Pro,jungle radiant
2420533,41,71,dire,FATA%2D,1,1646000,1646,0.00062345343965626,Pro,jungle radiant
2421133,42,70,dire,FATA%2D,1,1646600,1647,0.000623832208453135,Pro,jungle radiant
2422466,39,70,dire,FATA%2D,1,1647933,1648,0.00062421097725001,Pro,jungle radiant
2423266,37,70,dire,FATA%2D,1,1648733,1649,0.000624589746046885,Pro,jungle radiant
2424400,34,69,dire,FATA%2D,1,1649867,1650,0.00062496851484376,Pro,jungle radiant
2425400,32,68,dire,FATA%2D,1,1650867,1651,0.000625347283640635,Pro,jungle radiant
2426466,31,65,dire,FATA%2D,1,1651933,1652,0.00062572605243751,Pro,jungle radiant
2427533,30,63,dire,FATA%2D,1,1653000,1653,0.000626104821234385,Pro,jungle radiant
2428266,28,63,dire,FATA%2D,1,1653733,1654,0.00062648359003126,Pro,jungle radiant
2429333,25,63,dire,FATA%2D,1,1654800,1655,0.000626862358828135,Pro,jungle radiant
2430466,22,63,dire,FATA%2D,1,1655933,1656,0.00062724112762501,Pro,jungle radiant
2431333,16,56,dire,FATA%2D,1,1656800,1657,0.000627619896421885,Pro,toplane radiant
2432333,14,54,dire,FATA%2D,1,1657800,1658,0.00062799866521876,Pro,toplane radiant
2433466,12,55,dire,FATA%2D,1,1658933,1659,0.000628377434015635,Pro,toplane radiant
2434400,11,54,dire,FATA%2D,1,1659867,1660,0.00062875620281251,Pro,void radiant
2435533,10,56,dire,FATA%2D,1,1661000,1661,0.000629134971609385,Pro,toplane radiant
2436266,8,56,dire,FATA%2D,1,1661733,1662,0.00062951374040626,Pro,toplane radiant
2437200,7,54,dire,FATA%2D,1,1662667,1663,0.000629892509203135,Pro,void radiant
2438466,6,51,dire,FATA%2D,1,1663933,1664,0.00063027127800001,Pro,void radiant
2439400,6,51,dire,FATA%2D,1,1664867,1665,0.000630650046796885,Pro,void radiant
2440266,7,53,dire,FATA%2D,1,1665733,1666,0.00063102881559376,Pro,void radiant
2441000,7,55,dire,FATA%2D,1,1666467,1667,0.000631407584390635,Pro,void radiant
2442066,7,55,dire,FATA%2D,1,1667533,1668,0.00063178635318751,Pro,void radiant
2443400,10,56,dire,FATA%2D,1,1668867,1669,0.000632165121984385,Pro,toplane radiant
2444200,12,55,dire,FATA%2D,1,1669667,1670,0.00063254389078126,Pro,toplane radiant
2445066,14,54,dire,FATA%2D,1,1670533,1671,0.000632922659578135,Pro,toplane radiant
2446333,14,53,dire,FATA%2D,1,1671800,1672,0.00063330142837501,Pro,toplane radiant
2447533,16,51,dire,FATA%2D,1,1673000,1673,0.000633680197171885,Pro,toplane radiant
2448333,17,49,dire,FATA%2D,1,1673800,1674,0.00063405896596876,Pro,toplane radiant
2449533,15,47,dire,FATA%2D,1,1675000,1675,0.000634437734765635,Pro,toplane radiant
2450400,14,45,dire,FATA%2D,1,1675867,1676,0.00063481650356251,Pro,toplane radiant
2450666,13,37,dire,FATA%2D,1,1676133,1677,0.000635195272359385,Pro,base1 radiant
2450666,13,37,dire,FATA%2D,1,1676133,1678,0.00063557404115626,Pro,base1 radiant
2453333,12,37,dire,FATA%2D,1,1678800,1679,0.000635952809953135,Pro,base1 radiant
2454066,11,39,dire,FATA%2D,1,1679533,1680,0.00063633157875001,Pro,toplane radiant
2455133,11,40,dire,FATA%2D,1,1680600,1681,0.000636710347546885,Pro,toplane radiant
2455133,11,40,dire,FATA%2D,1,1680600,1682,0.00063708911634376,Pro,toplane radiant
2457400,12,42,dire,FATA%2D,1,1682867,1683,0.000637467885140635,Pro,toplane radiant
2458200,13,44,dire,FATA%2D,1,1683667,1684,0.00063784665393751,Pro,toplane radiant
2459266,15,46,dire,FATA%2D,1,1684733,1685,0.000638225422734385,Pro,toplane radiant
2460333,18,46,dire,FATA%2D,1,1685800,1686,0.00063860419153126,Pro,jungle radiant
2461400,21,46,dire,FATA%2D,1,1686867,1687,0.000638982960328135,Pro,jungle radiant
2462466,24,45,dire,FATA%2D,1,1687933,1688,0.00063936172912501,Pro,jungle radiant
2463200,26,45,dire,FATA%2D,1,1688667,1689,0.000639740497921885,Pro,jungle radiant
2464266,29,45,dire,FATA%2D,1,1689733,1690,0.00064011926671876,Pro,jungle radiant
2465333,27,45,dire,FATA%2D,1,1690800,1691,0.000640498035515635,Pro,jungle radiant
2466400,24,46,dire,FATA%2D,1,1691867,1692,0.00064087680431251,Pro,jungle radiant
2467533,21,46,dire,FATA%2D,1,1693000,1693,0.000641255573109385,Pro,jungle radiant
2468266,19,46,dire,FATA%2D,1,1693733,1694,0.00064163434190626,Pro,jungle radiant
2469333,17,46,dire,FATA%2D,1,1694800,1695,0.000642013110703135,Pro,jungle radiant
2470066,15,46,dire,FATA%2D,1,1695533,1696,0.00064239187950001,Pro,toplane radiant
2471333,15,43,dire,FATA%2D,1,1696800,1697,0.000642770648296885,Pro,toplane radiant
2472466,16,41,dire,FATA%2D,1,1697933,1698,0.00064314941709376,Pro,jungle radiant
2473266,16,40,dire,FATA%2D,1,1698733,1699,0.000643528185890635,Pro,jungle radiant
2474466,15,37,dire,FATA%2D,1,1699933,1700,0.00064390695468751,Pro,base1 radiant
2475533,15,38,dire,FATA%2D,1,1701000,1701,0.000644285723484385,Pro,toplane radiant
2476466,16,41,dire,FATA%2D,1,1701933,1702,0.00064466449228126,Pro,jungle radiant
2477066,15,41,dire,FATA%2D,1,1702533,1703,0.000645043261078135,Pro,toplane radiant
2477800,16,41,dire,FATA%2D,1,1703267,1704,0.00064542202987501,Pro,jungle radiant
2479533,15,43,dire,FATA%2D,1,1705000,1705,0.000645800798671885,Pro,toplane radiant
2479866,15,42,dire,FATA%2D,1,1705333,1706,0.00064617956746876,Pro,toplane radiant
2481466,14,42,dire,FATA%2D,1,1706933,1707,0.000646558336265635,Pro,toplane radiant
2482333,12,40,dire,FATA%2D,1,1707800,1708,0.00064693710506251,Pro,toplane radiant
2482733,4,35,dire,FATA%2D,1,1708200,1709,0.000647315873859385,Pro,void radiant
2482733,4,35,dire,FATA%2D,1,1708200,1710,0.00064769464265626,Pro,void radiant
2485066,3,35,dire,FATA%2D,1,1710533,1711,0.000648073411453135,Pro,void radiant
2486266,4,35,dire,FATA%2D,1,1711733,1712,0.00064845218025001,Pro,void radiant
2486266,4,35,dire,FATA%2D,1,1711733,1713,0.000648830949046885,Pro,void radiant
2488466,3,35,dire,FATA%2D,1,1713933,1714,0.00064920971784376,Pro,void radiant
2488466,3,35,dire,FATA%2D,1,1713933,1715,0.000649588486640635,Pro,void radiant
2488466,3,35,dire,FATA%2D,1,1713933,1716,0.00064996725543751,Pro,void radiant
2490600,4,35,dire,FATA%2D,1,1716067,1717,0.000650346024234385,Pro,void radiant
2490600,4,35,dire,FATA%2D,1,1716067,1718,0.00065072479303126,Pro,void radiant
2490600,4,35,dire,FATA%2D,1,1716067,1719,0.000651103561828135,Pro,void radiant
2490600,4,35,dire,FATA%2D,1,1716067,1720,0.00065148233062501,Pro,void radiant
2490600,4,35,dire,FATA%2D,1,1716067,1721,0.000651861099421885,Pro,void radiant
2490600,4,35,dire,FATA%2D,1,1716067,1722,0.00065223986821876,Pro,void radiant
2490600,4,35,dire,FATA%2D,1,1716067,1723,0.000652618637015635,Pro,void radiant
2498200,3,35,dire,FATA%2D,1,1723667,1724,0.00065299740581251,Pro,void radiant
2498200,3,35,dire,FATA%2D,1,1723667,1725,0.000653376174609385,Pro,void radiant
2498200,3,35,dire,FATA%2D,1,1723667,1726,0.00065375494340626,Pro,void radiant
2498200,3,35,dire,FATA%2D,1,1723667,1727,0.000654133712203135,Pro,void radiant
2502000,67,61,dire,FATA%2D,1,1727467,1728,0.00065451248100001,Pro,midlane dire
2503533,70,59,dire,FATA%2D,1,1729000,1729,0.000654891249796885,Pro,jungle dire
2504400,72,58,dire,FATA%2D,1,1729867,1730,0.00065527001859376,Pro,jungle dire
2505000,82,57,dire,FATA%2D,1,1730467,1731,0.000655648787390635,Pro,pit dire
2505000,82,57,dire,FATA%2D,1,1730467,1732,0.00065602755618751,Pro,pit dire
2505000,82,57,dire,FATA%2D,1,1730467,1733,0.000656406324984385,Pro,pit dire
2505000,82,57,dire,FATA%2D,1,1730467,1734,0.00065678509378126,Pro,pit dire
2505000,82,57,dire,FATA%2D,1,1730467,1735,0.000657163862578135,Pro,pit dire
2505000,82,57,dire,FATA%2D,1,1730467,1736,0.00065754263137501,Pro,pit dire
2505000,82,57,dire,FATA%2D,1,1730467,1737,0.000657921400171885,Pro,pit dire
2505000,82,57,dire,FATA%2D,1,1730467,1738,0.00065830016896876,Pro,pit dire
2505000,82,57,dire,FATA%2D,1,1730467,1739,0.000658678937765635,Pro,pit dire
2505000,82,57,dire,FATA%2D,1,1730467,1740,0.00065905770656251,Pro,pit dire
2505000,82,57,dire,FATA%2D,1,1730467,1741,0.000659436475359385,Pro,pit dire
2505000,82,57,dire,FATA%2D,1,1730467,1742,0.00065981524415626,Pro,pit dire
2505000,82,57,dire,FATA%2D,1,1730467,1743,0.000660194012953135,Pro,pit dire
2505000,82,57,dire,FATA%2D,1,1730467,1744,0.00066057278175001,Pro,pit dire
2505000,82,57,dire,FATA%2D,1,1730467,1745,0.000660951550546885,Pro,pit dire
2520133,82,57,dire,FATA%2D,1,1745600,1746,0.00066133031934376,Pro,pit dire
2520133,82,57,dire,FATA%2D,1,1745600,1747,0.000661709088140635,Pro,pit dire
2520133,82,57,dire,FATA%2D,1,1745600,1748,0.00066208785693751,Pro,pit dire
2520133,82,57,dire,FATA%2D,1,1745600,1749,0.000662466625734385,Pro,pit dire
2520133,82,57,dire,FATA%2D,1,1745600,1750,0.00066284539453126,Pro,pit dire
2520133,82,57,dire,FATA%2D,1,1745600,1751,0.000663224163328135,Pro,pit dire
2520133,82,57,dire,FATA%2D,1,1745600,1752,0.00066360293212501,Pro,pit dire
2520133,82,57,dire,FATA%2D,1,1745600,1753,0.000663981700921885,Pro,pit dire
2520133,82,57,dire,FATA%2D,1,1745600,1754,0.00066436046971876,Pro,pit dire
2529533,83,56,dire,FATA%2D,1,1755000,1755,0.000664739238515635,Pro,pit dire
2530400,83,57,dire,FATA%2D,1,1755867,1756,0.00066511800731251,Pro,pit dire
2531200,82,58,dire,FATA%2D,1,1756667,1757,0.000665496776109385,Pro,pit dire
2531200,82,58,dire,FATA%2D,1,1756667,1758,0.00066587554490626,Pro,pit dire
2531200,82,58,dire,FATA%2D,1,1756667,1759,0.000666254313703135,Pro,pit dire
2534333,83,56,dire,FATA%2D,1,1759800,1760,0.00066663308250001,Pro,pit dire
2535533,84,53,dire,FATA%2D,1,1761000,1761,0.000667011851296885,Pro,pit dire
2536266,83,44,dire,FATA%2D,1,1761733,1762,0.00066739062009376,Pro,river
2537466,82,41,dire,FATA%2D,1,1762933,1763,0.000667769388890635,Pro,river
2538266,82,39,dire,FATA%2D,1,1763733,1764,0.00066814815768751,Pro,river
2539333,82,36,dire,FATA%2D,1,1764800,1765,0.000668526926484385,Pro,jungle radiant
2540400,81,33,dire,FATA%2D,1,1765867,1766,0.00066890569528126,Pro,jungle radiant
2541533,81,30,dire,FATA%2D,1,1767000,1767,0.000669284464078135,Pro,jungle radiant
2542466,80,28,dire,FATA%2D,1,1767933,1768,0.00066966323287501,Pro,jungle radiant
2543533,77,29,dire,FATA%2D,1,1769000,1769,0.000670042001671885,Pro,jungle radiant
2543933,77,30,dire,FATA%2D,1,1769400,1770,0.00067042077046876,Pro,jungle radiant
2543933,77,30,dire,FATA%2D,1,1769400,1771,0.000670799539265635,Pro,jungle radiant
2546400,78,28,dire,FATA%2D,1,1771867,1772,0.000671178308062511,Pro,jungle radiant
2547200,80,28,dire,FATA%2D,1,1772667,1773,0.000671557076859386,Pro,jungle radiant
2548400,83,29,dire,FATA%2D,1,1773867,1774,0.000671935845656261,Pro,jungle radiant
2549466,86,29,dire,FATA%2D,1,1774933,1775,0.000672314614453136,Pro,jungle radiant
2550533,92,22,dire,FATA%2D,1,1776000,1776,0.000672693383250011,Pro,jungle radiant
2551400,94,20,dire,FATA%2D,1,1776867,1777,0.000673072152046886,Pro,jungle radiant
2552466,96,18,dire,FATA%2D,1,1777933,1778,0.000673450920843761,Pro,jungle radiant
2553266,96,16,dire,FATA%2D,1,1778733,1779,0.000673829689640636,Pro,jungle radiant
2554200,97,14,dire,FATA%2D,1,1779667,1780,0.000674208458437511,Pro,bottomlane radiant
2555333,100,14,dire,FATA%2D,1,1780800,1781,0.000674587227234386,Pro,bottomlane radiant
2556333,99,13,dire,FATA%2D,1,1781800,1782,0.000674965996031261,Pro,bottomlane radiant
2557533,99,12,dire,FATA%2D,1,1783000,1783,0.000675344764828136,Pro,bottomlane radiant
2557600,98,12,dire,FATA%2D,1,1783067,1784,0.000675723533625011,Pro,bottomlane radiant
2557600,98,12,dire,FATA%2D,1,1783067,1785,0.000676102302421886,Pro,bottomlane radiant
2560400,95,12,dire,FATA%2D,1,1785867,1786,0.000676481071218761,Pro,bottomlane radiant
2560733,94,12,dire,FATA%2D,1,1786200,1787,0.000676859840015636,Pro,bottomlane radiant
2560733,94,12,dire,FATA%2D,1,1786200,1788,0.000677238608812511,Pro,bottomlane radiant
2563266,93,13,dire,FATA%2D,1,1788733,1789,0.000677617377609386,Pro,bottomlane radiant
2564400,92,14,dire,FATA%2D,1,1789867,1790,0.000677996146406261,Pro,bottomlane radiant
2565533,89,14,dire,FATA%2D,1,1791000,1791,0.000678374915203136,Pro,bottomlane radiant
2566266,87,13,dire,FATA%2D,1,1791733,1792,0.000678753684000011,Pro,bottomlane radiant
2567533,77,11,dire,FATA%2D,1,1793000,1793,0.000679132452796886,Pro,bottomlane radiant
2568466,74,10,dire,FATA%2D,1,1793933,1794,0.000679511221593761,Pro,bottomlane radiant
2569200,72,10,dire,FATA%2D,1,1794667,1795,0.000679889990390636,Pro,bottomlane radiant
2570333,69,10,dire,FATA%2D,1,1795800,1796,0.000680268759187511,Pro,bottomlane radiant
2571400,66,10,dire,FATA%2D,1,1796867,1797,0.000680647527984386,Pro,bottomlane radiant
2572533,63,10,dire,FATA%2D,1,1798000,1798,0.000681026296781261,Pro,bottomlane radiant
2572866,62,10,dire,FATA%2D,1,1798333,1799,0.000681405065578136,Pro,bottomlane radiant
2572866,62,10,dire,FATA%2D,1,1798333,1800,0.000681783834375011,Pro,bottomlane radiant
2572866,62,10,dire,FATA%2D,1,1798333,1801,0.000682162603171886,Pro,bottomlane radiant
2572866,62,10,dire,FATA%2D,1,1798333,1802,0.000682541371968761,Pro,bottomlane radiant
2572866,62,10,dire,FATA%2D,1,1798333,1803,0.000682920140765636,Pro,bottomlane radiant
2578533,60,10,dire,FATA%2D,1,1804000,1804,0.000683298909562511,Pro,bottomlane radiant
2579533,58,9,dire,FATA%2D,1,1805000,1805,0.000683677678359386,Pro,bottomlane radiant
2580466,55,10,dire,FATA%2D,1,1805933,1806,0.000684056447156261,Pro,bottomlane radiant
2581266,53,11,dire,FATA%2D,1,1806733,1807,0.000684435215953136,Pro,bottomlane radiant
2581666,52,11,dire,FATA%2D,1,1807133,1808,0.000684813984750011,Pro,bottomlane radiant
2583200,51,12,dire,FATA%2D,1,1808667,1809,0.000685192753546886,Pro,bottomlane radiant
2584400,48,13,dire,FATA%2D,1,1809867,1810,0.000685571522343761,Pro,bottomlane radiant
2585333,46,15,dire,FATA%2D,1,1810800,1811,0.000685950291140636,Pro,void radiant
2586333,44,17,dire,FATA%2D,1,1811800,1812,0.000686329059937511,Pro,bottomlane radiant
2587533,42,19,dire,FATA%2D,1,1813000,1813,0.000686707828734386,Pro,jungle radiant
2588266,41,21,dire,FATA%2D,1,1813733,1814,0.000687086597531261,Pro,jungle radiant
2589266,39,23,dire,FATA%2D,1,1814733,1815,0.000687465366328136,Pro,jungle radiant
2590066,39,25,dire,FATA%2D,1,1815533,1816,0.000687844135125011,Pro,jungle radiant
2591333,39,22,dire,FATA%2D,1,1816800,1817,0.000688222903921886,Pro,jungle radiant
2592466,39,19,dire,FATA%2D,1,1817933,1818,0.000688601672718761,Pro,jungle radiant
2593533,32,15,dire,FATA%2D,1,1819000,1819,0.000688980441515636,Pro,base1 radiant
2594200,34,13,dire,FATA%2D,1,1819667,1820,0.000689359210312511,Pro,base1 radiant
2595466,33,16,dire,FATA%2D,1,1820933,1821,0.000689737979109386,Pro,base1 radiant
2596333,34,16,dire,FATA%2D,1,1821800,1822,0.000690116747906261,Pro,base1 radiant
2597200,33,15,dire,FATA%2D,1,1822667,1823,0.000690495516703136,Pro,base1 radiant
2598000,33,14,dire,FATA%2D,1,1823467,1824,0.000690874285500011,Pro,base1 radiant
2598000,33,14,dire,FATA%2D,1,1823467,1825,0.000691253054296886,Pro,base1 radiant
2598000,33,14,dire,FATA%2D,1,1823467,1826,0.000691631823093761,Pro,base1 radiant
2601466,33,14,dire,FATA%2D,1,1826933,1827,0.000692010591890636,Pro,base1 radiant
2602466,33,15,dire,FATA%2D,1,1827933,1828,0.000692389360687511,Pro,base1 radiant
2602466,33,15,dire,FATA%2D,1,1827933,1829,0.000692768129484386,Pro,base1 radiant
2604333,34,15,dire,FATA%2D,1,1829800,1830,0.000693146898281261,Pro,base1 radiant
2605333,35,15,dire,FATA%2D,1,1830800,1831,0.000693525667078136,Pro,base1 radiant
2605333,35,15,dire,FATA%2D,1,1830800,1832,0.000693904435875011,Pro,base1 radiant
2605333,35,15,dire,FATA%2D,1,1830800,1833,0.000694283204671886,Pro,base1 radiant
2605333,35,15,dire,FATA%2D,1,1830800,1834,0.000694661973468761,Pro,base1 radiant
2605333,35,15,dire,FATA%2D,1,1830800,1835,0.000695040742265636,Pro,base1 radiant
2610533,33,14,dire,FATA%2D,1,1836000,1836,0.000695419511062511,Pro,base1 radiant
2611400,31,12,dire,FATA%2D,1,1836867,1837,0.000695798279859386,Pro,base1 radiant
2612400,28,12,dire,FATA%2D,1,1837867,1838,0.000696177048656261,Pro,base1 radiant
2613533,25,13,dire,FATA%2D,1,1839000,1839,0.000696555817453136,Pro,base1 radiant
2614066,18,13,dire,FATA%2D,1,1839533,1840,0.000696934586250011,Pro,base1 radiant
2615400,17,13,dire,FATA%2D,1,1840867,1841,0.000697313355046886,Pro,base1 radiant
2615800,16,13,dire,FATA%2D,1,1841267,1842,0.000697692123843761,Pro,base1 radiant
2617533,13,11,dire,FATA%2D,1,1843000,1843,0.000698070892640636,Pro,base1 radiant
2618000,13,10,dire,FATA%2D,1,1843467,1844,0.000698449661437511,Pro,base1 radiant
2618000,13,10,dire,FATA%2D,1,1843467,1845,0.000698828430234386,Pro,base1 radiant
2620266,11,9,dire,FATA%2D,1,1845733,1846,0.000699207199031261,Pro,base1 radiant
2620666,10,9,dire,FATA%2D,1,1846133,1847,0.000699585967828136,Pro,base1 radiant
2620666,10,9,dire,FATA%2D,1,1846133,1848,0.000699964736625011,Pro,base1 radiant
2620666,10,9,dire,FATA%2D,1,1846133,1849,0.000700343505421886,Pro,base1 radiant
2620666,10,9,dire,FATA%2D,1,1846133,1850,0.000700722274218761,Pro,base1 radiant
2625533,10,8,dire,FATA%2D,1,1851000,1851,0.000701101043015636,Pro,base1 radiant
2626000,9,7,dire,FATA%2D,1,1851467,1852,0.000701479811812511,Pro,base1 radiant
2626000,9,7,dire,FATA%2D,1,1851467,1853,0.000701858580609386,Pro,base1 radiant
2626000,9,7,dire,FATA%2D,1,1851467,1854,0.000702237349406261,Pro,base1 radiant
2626000,9,7,dire,FATA%2D,1,1851467,1855,0.000702616118203136,Pro,base1 radiant
2626000,9,7,dire,FATA%2D,1,1851467,1856,0.000702994887000011,Pro,base1 radiant
2626000,9,7,dire,FATA%2D,1,1851467,1857,0.000703373655796886,Pro,base1 radiant
2626000,9,7,dire,FATA%2D,1,1851467,1858,0.000703752424593761,Pro,base1 radiant
2626000,9,7,dire,FATA%2D,1,1851467,1859,0.000704131193390636,Pro,base1 radiant
2626000,9,7,dire,FATA%2D,1,1851467,1860,0.000704509962187511,Pro,base1 radiant
2626000,9,7,dire,FATA%2D,1,1851467,1861,0.000704888730984386,Pro,base1 radiant
2626000,9,7,dire,FATA%2D,1,1851467,1862,0.000705267499781261,Pro,base1 radiant
2626000,9,7,dire,FATA%2D,1,1851467,1863,0.000705646268578136,Pro,base1 radiant
2626000,9,7,dire,FATA%2D,1,1851467,1864,0.000706025037375011,Pro,base1 radiant
2626000,9,7,dire,FATA%2D,1,1851467,1865,0.000706403806171886,Pro,base1 radiant
2640133,9,7,dire,FATA%2D,1,1865600,1866,0.000706782574968761,Pro,base1 radiant
777200,115,106,dire,paS%2D%2D,1,2667,0,0,Pro,base2 dire
777200,115,106,dire,paS%2D%2D,1,2667,1,3.78768796875006e-07,Pro,base2 dire
777200,115,106,dire,paS%2D%2D,1,2667,2,7.57537593750012e-07,Pro,base2 dire
777200,115,106,dire,paS%2D%2D,1,2667,3,1.13630639062502e-06,Pro,base2 dire
778466,115,103,dire,paS%2D%2D,1,3933,4,1.51507518750002e-06,Pro,base2 dire
779333,115,101,dire,paS%2D%2D,1,4800,5,1.89384398437503e-06,Pro,base2 dire
780133,115,100,dire,paS%2D%2D,1,5600,6,2.27261278125004e-06,Pro,base2 dire
781466,115,97,dire,paS%2D%2D,1,6933,7,2.65138157812504e-06,Pro,base2 dire
782333,114,95,dire,paS%2D%2D,1,7800,8,3.03015037500005e-06,Pro,base2 dire
783200,114,93,dire,paS%2D%2D,1,8667,9,3.40891917187505e-06,Pro,base2 dire
784533,113,90,dire,paS%2D%2D,1,10000,10,3.78768796875006e-06,Pro,base2 dire
785466,113,88,dire,paS%2D%2D,1,10933,11,4.16645676562507e-06,Pro,base2 dire
786333,112,86,dire,paS%2D%2D,1,11800,12,4.54522556250007e-06,Pro,base2 dire
787466,111,84,dire,paS%2D%2D,1,12933,13,4.92399435937508e-06,Pro,base2 dire
788200,111,82,dire,paS%2D%2D,1,13667,14,5.30276315625008e-06,Pro,base2 dire
789466,111,79,dire,paS%2D%2D,1,14933,15,5.68153195312509e-06,Pro,base2 dire
790333,111,77,dire,paS%2D%2D,1,15800,16,6.06030075000009e-06,Pro,bottomlane dire
791200,111,75,dire,paS%2D%2D,1,16667,17,6.4390695468751e-06,Pro,bottomlane dire
792533,111,72,dire,paS%2D%2D,1,18000,18,6.81783834375011e-06,Pro,bottomlane dire
793533,110,70,dire,paS%2D%2D,1,19000,19,7.19660714062511e-06,Pro,bottomlane dire
794266,110,68,dire,paS%2D%2D,1,19733,20,7.57537593750012e-06,Pro,bottomlane dire
795133,110,66,dire,paS%2D%2D,1,20600,21,7.95414473437513e-06,Pro,bottomlane dire
796133,109,64,dire,paS%2D%2D,1,21600,22,8.33291353125013e-06,Pro,bottomlane dire
797400,107,62,dire,paS%2D%2D,1,22867,23,8.71168232812514e-06,Pro,jungle dire
798533,105,61,dire,paS%2D%2D,1,24000,24,9.09045112500014e-06,Pro,jungle dire
799333,104,59,dire,paS%2D%2D,1,24800,25,9.46921992187515e-06,Pro,jungle dire
800200,102,58,dire,paS%2D%2D,1,25667,26,9.84798871875015e-06,Pro,jungle dire
801400,100,56,dire,paS%2D%2D,1,26867,27,1.02267575156252e-05,Pro,jungle dire
802400,98,55,dire,paS%2D%2D,1,27867,28,1.06055263125002e-05,Pro,jungle dire
803533,99,55,dire,paS%2D%2D,1,29000,29,1.09842951093752e-05,Pro,jungle dire
803533,99,55,dire,paS%2D%2D,1,29000,30,1.13630639062502e-05,Pro,jungle dire
803533,99,55,dire,paS%2D%2D,1,29000,31,1.17418327031252e-05,Pro,jungle dire
803533,99,55,dire,paS%2D%2D,1,29000,32,1.21206015000002e-05,Pro,jungle dire
803533,99,55,dire,paS%2D%2D,1,29000,33,1.24993702968752e-05,Pro,jungle dire
803533,99,55,dire,paS%2D%2D,1,29000,34,1.28781390937502e-05,Pro,jungle dire
803533,99,55,dire,paS%2D%2D,1,29000,35,1.32569078906252e-05,Pro,jungle dire
803533,99,55,dire,paS%2D%2D,1,29000,36,1.36356766875002e-05,Pro,jungle dire
803533,99,55,dire,paS%2D%2D,1,29000,37,1.40144454843752e-05,Pro,jungle dire
803533,99,55,dire,paS%2D%2D,1,29000,38,1.43932142812502e-05,Pro,jungle dire
803533,99,55,dire,paS%2D%2D,1,29000,39,1.47719830781252e-05,Pro,jungle dire
803533,99,55,dire,paS%2D%2D,1,29000,40,1.51507518750002e-05,Pro,jungle dire
803533,99,55,dire,paS%2D%2D,1,29000,41,1.55295206718752e-05,Pro,jungle dire
803533,99,55,dire,paS%2D%2D,1,29000,42,1.59082894687503e-05,Pro,jungle dire
803533,99,55,dire,paS%2D%2D,1,29000,43,1.62870582656253e-05,Pro,jungle dire
803533,99,55,dire,paS%2D%2D,1,29000,44,1.66658270625003e-05,Pro,jungle dire
803533,99,55,dire,paS%2D%2D,1,29000,45,1.70445958593753e-05,Pro,jungle dire
803533,99,55,dire,paS%2D%2D,1,29000,46,1.74233646562503e-05,Pro,jungle dire
803533,99,55,dire,paS%2D%2D,1,29000,47,1.78021334531253e-05,Pro,jungle dire
803533,99,55,dire,paS%2D%2D,1,29000,48,1.81809022500003e-05,Pro,jungle dire
803533,99,55,dire,paS%2D%2D,1,29000,49,1.85596710468753e-05,Pro,jungle dire
824333,98,55,dire,paS%2D%2D,1,49800,50,1.89384398437503e-05,Pro,jungle dire
825466,96,56,dire,paS%2D%2D,1,50933,51,1.93172086406253e-05,Pro,jungle dire
825466,96,56,dire,paS%2D%2D,1,50933,52,1.96959774375003e-05,Pro,jungle dire
825466,96,56,dire,paS%2D%2D,1,50933,53,2.00747462343753e-05,Pro,jungle dire
825466,96,56,dire,paS%2D%2D,1,50933,54,2.04535150312503e-05,Pro,jungle dire
825466,96,56,dire,paS%2D%2D,1,50933,55,2.08322838281253e-05,Pro,jungle dire
825466,96,56,dire,paS%2D%2D,1,50933,56,2.12110526250003e-05,Pro,jungle dire
825466,96,56,dire,paS%2D%2D,1,50933,57,2.15898214218753e-05,Pro,jungle dire
832533,96,54,dire,paS%2D%2D,1,58000,58,2.19685902187503e-05,Pro,jungle dire
833400,96,52,dire,paS%2D%2D,1,58867,59,2.23473590156253e-05,Pro,jungle dire
833800,96,51,dire,paS%2D%2D,1,59267,60,2.27261278125004e-05,Pro,jungle dire
833800,96,51,dire,paS%2D%2D,1,59267,61,2.31048966093754e-05,Pro,jungle dire
833800,96,51,dire,paS%2D%2D,1,59267,62,2.34836654062504e-05,Pro,jungle dire
837266,95,52,dire,paS%2D%2D,1,62733,63,2.38624342031254e-05,Pro,jungle dire
837266,95,52,dire,paS%2D%2D,1,62733,64,2.42412030000004e-05,Pro,jungle dire
839133,94,52,dire,paS%2D%2D,1,64600,65,2.46199717968754e-05,Pro,jungle dire
840466,94,51,dire,paS%2D%2D,1,65933,66,2.49987405937504e-05,Pro,jungle dire
841333,94,51,dire,paS%2D%2D,1,66800,67,2.53775093906254e-05,Pro,jungle dire
842533,95,51,dire,paS%2D%2D,1,68000,68,2.57562781875004e-05,Pro,jungle dire
842533,95,51,dire,paS%2D%2D,1,68000,69,2.61350469843754e-05,Pro,jungle dire
843733,94,51,dire,paS%2D%2D,1,69200,70,2.65138157812504e-05,Pro,jungle dire
843733,94,51,dire,paS%2D%2D,1,69200,71,2.68925845781254e-05,Pro,jungle dire
843733,94,51,dire,paS%2D%2D,1,69200,72,2.72713533750004e-05,Pro,jungle dire
843733,94,51,dire,paS%2D%2D,1,69200,73,2.76501221718754e-05,Pro,jungle dire
843733,94,51,dire,paS%2D%2D,1,69200,74,2.80288909687504e-05,Pro,jungle dire
843733,94,51,dire,paS%2D%2D,1,69200,75,2.84076597656254e-05,Pro,jungle dire
843733,94,51,dire,paS%2D%2D,1,69200,76,2.87864285625005e-05,Pro,jungle dire
843733,94,51,dire,paS%2D%2D,1,69200,77,2.91651973593755e-05,Pro,jungle dire
843733,94,51,dire,paS%2D%2D,1,69200,78,2.95439661562505e-05,Pro,jungle dire
843733,94,51,dire,paS%2D%2D,1,69200,79,2.99227349531255e-05,Pro,jungle dire
843733,94,51,dire,paS%2D%2D,1,69200,80,3.03015037500005e-05,Pro,jungle dire
843733,94,51,dire,paS%2D%2D,1,69200,81,3.06802725468755e-05,Pro,jungle dire
843733,94,51,dire,paS%2D%2D,1,69200,82,3.10590413437505e-05,Pro,jungle dire
857200,96,50,dire,paS%2D%2D,1,82667,83,3.14378101406255e-05,Pro,jungle dire
858533,99,51,dire,paS%2D%2D,1,84000,84,3.18165789375005e-05,Pro,jungle dire
859533,101,52,dire,paS%2D%2D,1,85000,85,3.21953477343755e-05,Pro,jungle dire
860466,103,53,dire,paS%2D%2D,1,85933,86,3.25741165312505e-05,Pro,jungle dire
861466,105,54,dire,paS%2D%2D,1,86933,87,3.29528853281255e-05,Pro,jungle dire
862400,107,54,dire,paS%2D%2D,1,87867,88,3.33316541250005e-05,Pro,jungle dire
863333,109,55,dire,paS%2D%2D,1,88800,89,3.37104229218755e-05,Pro,bottomlane dire
864333,111,56,dire,paS%2D%2D,1,89800,90,3.40891917187505e-05,Pro,bottomlane dire
865533,113,58,dire,paS%2D%2D,1,91000,91,3.44679605156255e-05,Pro,bottomlane dire
865533,113,58,dire,paS%2D%2D,1,91000,92,3.48467293125005e-05,Pro,bottomlane dire
867466,113,56,dire,paS%2D%2D,1,92933,93,3.52254981093756e-05,Pro,bottomlane dire
868400,113,55,dire,paS%2D%2D,1,93867,94,3.56042669062506e-05,Pro,bottomlane dire
869466,113,53,dire,paS%2D%2D,1,94933,95,3.59830357031256e-05,Pro,bottomlane dire
870533,114,52,dire,paS%2D%2D,1,96000,96,3.63618045000006e-05,Pro,bottomlane dire
871333,113,50,dire,paS%2D%2D,1,96800,97,3.67405732968756e-05,Pro,bottomlane dire
872466,114,48,dire,paS%2D%2D,1,97933,98,3.71193420937506e-05,Pro,bottomlane dire
873533,114,49,dire,paS%2D%2D,1,99000,99,3.74981108906256e-05,Pro,bottomlane dire
874066,113,48,dire,paS%2D%2D,1,99533,100,3.78768796875006e-05,Pro,bottomlane dire
875466,113,46,dire,paS%2D%2D,1,100933,101,3.82556484843756e-05,Pro,bottomlane dire
876466,113,44,dire,paS%2D%2D,1,101933,102,3.86344172812506e-05,Pro,bottomlane dire
877400,113,42,dire,paS%2D%2D,1,102867,103,3.90131860781256e-05,Pro,bottomlane dire
878333,113,41,dire,paS%2D%2D,1,103800,104,3.93919548750006e-05,Pro,bottomlane dire
879466,112,39,dire,paS%2D%2D,1,104933,105,3.97707236718756e-05,Pro,bottomlane dire
880000,111,38,dire,paS%2D%2D,1,105467,106,4.01494924687506e-05,Pro,bottomlane dire
881266,110,36,dire,paS%2D%2D,1,106733,107,4.05282612656256e-05,Pro,bottomlane radiant
882400,108,35,dire,paS%2D%2D,1,107867,108,4.09070300625006e-05,Pro,bottomlane radiant
883366,106,34,dire,paS%2D%2D,1,108833,109,4.12857988593756e-05,Pro,river
884166,105,33,dire,paS%2D%2D,1,109633,110,4.16645676562507e-05,Pro,river
884900,104,33,dire,paS%2D%2D,1,110367,111,4.20433364531257e-05,Pro,river
886500,104,32,dire,paS%2D%2D,1,111967,112,4.24221052500007e-05,Pro,river
887500,103,30,dire,paS%2D%2D,1,112967,113,4.28008740468757e-05,Pro,jungle radiant
887900,103,29,dire,paS%2D%2D,1,113367,114,4.31796428437507e-05,Pro,jungle radiant
887900,103,29,dire,paS%2D%2D,1,113367,115,4.35584116406257e-05,Pro,jungle radiant
887900,103,29,dire,paS%2D%2D,1,113367,116,4.39371804375007e-05,Pro,jungle radiant
887900,103,29,dire,paS%2D%2D,1,113367,117,4.43159492343757e-05,Pro,jungle radiant
887900,103,29,dire,paS%2D%2D,1,113367,118,4.46947180312507e-05,Pro,jungle radiant
887900,103,29,dire,paS%2D%2D,1,113367,119,4.50734868281257e-05,Pro,jungle radiant
887900,103,29,dire,paS%2D%2D,1,113367,120,4.54522556250007e-05,Pro,jungle radiant
887900,103,29,dire,paS%2D%2D,1,113367,121,4.58310244218757e-05,Pro,jungle radiant
887900,103,29,dire,paS%2D%2D,1,113367,122,4.62097932187507e-05,Pro,jungle radiant
887900,103,29,dire,paS%2D%2D,1,113367,123,4.65885620156257e-05,Pro,jungle radiant
887900,103,29,dire,paS%2D%2D,1,113367,124,4.69673308125007e-05,Pro,jungle radiant
887900,103,29,dire,paS%2D%2D,1,113367,125,4.73460996093757e-05,Pro,jungle radiant
900100,103,29,dire,paS%2D%2D,1,125567,126,4.77248684062507e-05,Pro,jungle radiant
900100,103,29,dire,paS%2D%2D,1,125567,127,4.81036372031258e-05,Pro,jungle radiant
900100,103,29,dire,paS%2D%2D,1,125567,128,4.84824060000008e-05,Pro,jungle radiant
900100,103,29,dire,paS%2D%2D,1,125567,129,4.88611747968758e-05,Pro,jungle radiant
900100,103,29,dire,paS%2D%2D,1,125567,130,4.92399435937508e-05,Pro,jungle radiant
900100,103,29,dire,paS%2D%2D,1,125567,131,4.96187123906258e-05,Pro,jungle radiant
900100,103,29,dire,paS%2D%2D,1,125567,132,4.99974811875008e-05,Pro,jungle radiant
900100,103,29,dire,paS%2D%2D,1,125567,133,5.03762499843758e-05,Pro,jungle radiant
900100,103,29,dire,paS%2D%2D,1,125567,134,5.07550187812508e-05,Pro,jungle radiant
900100,103,29,dire,paS%2D%2D,1,125567,135,5.11337875781258e-05,Pro,jungle radiant
900100,103,29,dire,paS%2D%2D,1,125567,136,5.15125563750008e-05,Pro,jungle radiant
900100,103,29,dire,paS%2D%2D,1,125567,137,5.18913251718758e-05,Pro,jungle radiant
900100,103,29,dire,paS%2D%2D,1,125567,138,5.22700939687508e-05,Pro,jungle radiant
913166,102,28,dire,paS%2D%2D,1,138633,139,5.26488627656258e-05,Pro,jungle radiant
914233,102,27,dire,paS%2D%2D,1,139700,140,5.30276315625008e-05,Pro,jungle radiant
915100,102,29,dire,paS%2D%2D,1,140567,141,5.34064003593758e-05,Pro,jungle radiant
915966,102,29,dire,paS%2D%2D,1,141433,142,5.37851691562508e-05,Pro,jungle radiant
917233,102,28,dire,paS%2D%2D,1,142700,143,5.41639379531258e-05,Pro,jungle radiant
917233,102,28,dire,paS%2D%2D,1,142700,144,5.45427067500008e-05,Pro,jungle radiant
918700,101,27,dire,paS%2D%2D,1,144167,145,5.49214755468759e-05,Pro,jungle radiant
920100,101,26,dire,paS%2D%2D,1,145567,146,5.53002443437509e-05,Pro,jungle radiant
921100,100,24,dire,paS%2D%2D,1,146567,147,5.56790131406259e-05,Pro,jungle radiant
921100,100,24,dire,paS%2D%2D,1,146567,148,5.60577819375009e-05,Pro,jungle radiant
921100,100,24,dire,paS%2D%2D,1,146567,149,5.64365507343759e-05,Pro,jungle radiant
924433,101,26,dire,paS%2D%2D,1,149900,150,5.68153195312509e-05,Pro,jungle radiant
925433,102,28,dire,paS%2D%2D,1,150900,151,5.71940883281259e-05,Pro,jungle radiant
926500,100,28,dire,paS%2D%2D,1,151967,152,5.75728571250009e-05,Pro,jungle radiant
927300,101,27,dire,paS%2D%2D,1,152767,153,5.79516259218759e-05,Pro,jungle radiant
928433,101,28,dire,paS%2D%2D,1,153900,154,5.83303947187509e-05,Pro,jungle radiant
929300,99,28,dire,paS%2D%2D,1,154767,155,5.87091635156259e-05,Pro,jungle radiant
930233,100,27,dire,paS%2D%2D,1,155700,156,5.90879323125009e-05,Pro,jungle radiant
931500,102,26,dire,paS%2D%2D,1,156967,157,5.94667011093759e-05,Pro,jungle radiant
932366,104,25,dire,paS%2D%2D,1,157833,158,5.98454699062509e-05,Pro,jungle radiant
933233,104,26,dire,paS%2D%2D,1,158700,159,6.02242387031259e-05,Pro,jungle radiant
934100,105,27,dire,paS%2D%2D,1,159567,160,6.06030075000009e-05,Pro,jungle radiant
934100,105,27,dire,paS%2D%2D,1,159567,161,6.0981776296876e-05,Pro,jungle radiant
934100,105,27,dire,paS%2D%2D,1,159567,162,6.1360545093751e-05,Pro,jungle radiant
937300,106,27,dire,paS%2D%2D,1,162767,163,6.1739313890626e-05,Pro,void radiant
937300,106,27,dire,paS%2D%2D,1,162767,164,6.2118082687501e-05,Pro,void radiant
937300,106,27,dire,paS%2D%2D,1,162767,165,6.2496851484376e-05,Pro,void radiant
937300,106,27,dire,paS%2D%2D,1,162767,166,6.2875620281251e-05,Pro,void radiant
937300,106,27,dire,paS%2D%2D,1,162767,167,6.3254389078126e-05,Pro,void radiant
937300,106,27,dire,paS%2D%2D,1,162767,168,6.3633157875001e-05,Pro,void radiant
937300,106,27,dire,paS%2D%2D,1,162767,169,6.4011926671876e-05,Pro,void radiant
937300,106,27,dire,paS%2D%2D,1,162767,170,6.4390695468751e-05,Pro,void radiant
945166,105,27,dire,paS%2D%2D,1,170633,171,6.4769464265626e-05,Pro,jungle radiant
946233,105,26,dire,paS%2D%2D,1,171700,172,6.5148233062501e-05,Pro,jungle radiant
947100,104,25,dire,paS%2D%2D,1,172567,173,6.5527001859376e-05,Pro,jungle radiant
948166,106,23,dire,paS%2D%2D,1,173633,174,6.5905770656251e-05,Pro,void radiant
949300,107,22,dire,paS%2D%2D,1,174767,175,6.6284539453126e-05,Pro,bottomlane radiant
949966,108,21,dire,paS%2D%2D,1,175433,176,6.6663308250001e-05,Pro,bottomlane radiant
949966,108,21,dire,paS%2D%2D,1,175433,177,6.70420770468761e-05,Pro,bottomlane radiant
951700,107,22,dire,paS%2D%2D,1,177167,178,6.74208458437511e-05,Pro,bottomlane radiant
953433,107,21,dire,paS%2D%2D,1,178900,179,6.77996146406261e-05,Pro,bottomlane radiant
954366,107,20,dire,paS%2D%2D,1,179833,180,6.81783834375011e-05,Pro,bottomlane radiant
955500,107,18,dire,paS%2D%2D,1,180967,181,6.85571522343761e-05,Pro,bottomlane radiant
955500,107,18,dire,paS%2D%2D,1,180967,182,6.89359210312511e-05,Pro,bottomlane radiant
957300,108,19,dire,paS%2D%2D,1,182767,183,6.93146898281261e-05,Pro,bottomlane radiant
958500,108,20,dire,paS%2D%2D,1,183967,184,6.96934586250011e-05,Pro,bottomlane radiant
959233,108,22,dire,paS%2D%2D,1,184700,185,7.00722274218761e-05,Pro,bottomlane radiant
960100,106,23,dire,paS%2D%2D,1,185567,186,7.04509962187511e-05,Pro,void radiant
961500,107,22,dire,paS%2D%2D,1,186967,187,7.08297650156261e-05,Pro,bottomlane radiant
962300,105,23,dire,paS%2D%2D,1,187767,188,7.12085338125011e-05,Pro,jungle radiant
963233,103,23,dire,paS%2D%2D,1,188700,189,7.15873026093761e-05,Pro,jungle radiant
964100,101,23,dire,paS%2D%2D,1,189567,190,7.19660714062511e-05,Pro,jungle radiant
965500,99,21,dire,paS%2D%2D,1,190967,191,7.23448402031261e-05,Pro,jungle radiant
966300,101,21,dire,paS%2D%2D,1,191767,192,7.27236090000011e-05,Pro,jungle radiant
967433,102,21,dire,paS%2D%2D,1,192900,193,7.31023777968761e-05,Pro,jungle radiant
968300,100,20,dire,paS%2D%2D,1,193767,194,7.34811465937511e-05,Pro,jungle radiant
969166,98,20,dire,paS%2D%2D,1,194633,195,7.38599153906262e-05,Pro,jungle radiant
970433,96,19,dire,paS%2D%2D,1,195900,196,7.42386841875012e-05,Pro,jungle radiant
971100,94,20,dire,paS%2D%2D,1,196567,197,7.46174529843762e-05,Pro,jungle radiant
972433,91,20,dire,paS%2D%2D,1,197900,198,7.49962217812512e-05,Pro,jungle radiant
973300,91,21,dire,paS%2D%2D,1,198767,199,7.53749905781262e-05,Pro,jungle radiant
974166,93,21,dire,paS%2D%2D,1,199633,200,7.57537593750012e-05,Pro,jungle radiant
975433,96,21,dire,paS%2D%2D,1,200900,201,7.61325281718762e-05,Pro,jungle radiant
976300,98,21,dire,paS%2D%2D,1,201767,202,7.65112969687512e-05,Pro,jungle radiant
977166,100,21,dire,paS%2D%2D,1,202633,203,7.68900657656262e-05,Pro,jungle radiant
977633,99,21,dire,paS%2D%2D,1,203100,204,7.72688345625012e-05,Pro,jungle radiant
978966,101,21,dire,paS%2D%2D,1,204433,205,7.76476033593762e-05,Pro,jungle radiant
980366,99,21,dire,paS%2D%2D,1,205833,206,7.80263721562512e-05,Pro,jungle radiant
981366,99,19,dire,paS%2D%2D,1,206833,207,7.84051409531262e-05,Pro,jungle radiant
981766,99,18,dire,paS%2D%2D,1,207233,208,7.87839097500012e-05,Pro,jungle radiant
981766,99,18,dire,paS%2D%2D,1,207233,209,7.91626785468762e-05,Pro,jungle radiant
981766,99,18,dire,paS%2D%2D,1,207233,210,7.95414473437512e-05,Pro,jungle radiant
985433,100,20,dire,paS%2D%2D,1,210900,211,7.99202161406263e-05,Pro,jungle radiant
986366,102,21,dire,paS%2D%2D,1,211833,212,8.02989849375013e-05,Pro,jungle radiant
986833,103,21,dire,paS%2D%2D,1,212300,213,8.06777537343763e-05,Pro,jungle radiant
988433,103,21,dire,paS%2D%2D,1,213900,214,8.10565225312513e-05,Pro,jungle radiant
989366,105,21,dire,paS%2D%2D,1,214833,215,8.14352913281263e-05,Pro,void radiant
990033,106,22,dire,paS%2D%2D,1,215500,216,8.18140601250013e-05,Pro,void radiant
991500,109,21,dire,paS%2D%2D,1,216967,217,8.21928289218763e-05,Pro,bottomlane radiant
992366,109,22,dire,paS%2D%2D,1,217833,218,8.25715977187513e-05,Pro,bottomlane radiant
993033,109,21,dire,paS%2D%2D,1,218500,219,8.29503665156263e-05,Pro,bottomlane radiant
994366,110,21,dire,paS%2D%2D,1,219833,220,8.33291353125013e-05,Pro,bottomlane radiant
994633,110,22,dire,paS%2D%2D,1,220100,221,8.37079041093763e-05,Pro,bottomlane radiant
996433,110,24,dire,paS%2D%2D,1,221900,222,8.40866729062513e-05,Pro,bottomlane radiant
997300,110,26,dire,paS%2D%2D,1,222767,223,8.44654417031263e-05,Pro,bottomlane radiant
998233,111,28,dire,paS%2D%2D,1,223700,224,8.48442105000013e-05,Pro,bottomlane radiant
999500,110,31,dire,paS%2D%2D,1,224967,225,8.52229792968763e-05,Pro,bottomlane radiant
1000533,109,32,dire,paS%2D%2D,1,226000,226,8.56017480937513e-05,Pro,bottomlane radiant
1001266,108,33,dire,paS%2D%2D,1,226733,227,8.59805168906263e-05,Pro,bottomlane radiant
1002133,106,34,dire,paS%2D%2D,1,227600,228,8.63592856875013e-05,Pro,river
1003066,104,33,dire,paS%2D%2D,1,228533,229,8.67380544843764e-05,Pro,river
1004533,103,30,dire,paS%2D%2D,1,230000,230,8.71168232812514e-05,Pro,jungle radiant
1005466,103,28,dire,paS%2D%2D,1,230933,231,8.74955920781264e-05,Pro,jungle radiant
1006333,102,27,dire,paS%2D%2D,1,231800,232,8.78743608750014e-05,Pro,jungle radiant
1006600,102,26,dire,paS%2D%2D,1,232067,233,8.82531296718764e-05,Pro,jungle radiant
1007866,101,25,dire,paS%2D%2D,1,233333,234,8.86318984687514e-05,Pro,jungle radiant
1009266,100,24,dire,paS%2D%2D,1,234733,235,8.90106672656264e-05,Pro,jungle radiant
1009866,99,23,dire,paS%2D%2D,1,235333,236,8.93894360625014e-05,Pro,jungle radiant
1011266,101,24,dire,paS%2D%2D,1,236733,237,8.97682048593764e-05,Pro,jungle radiant
1012133,103,23,dire,paS%2D%2D,1,237600,238,9.01469736562514e-05,Pro,jungle radiant
1013333,105,22,dire,paS%2D%2D,1,238800,239,9.05257424531264e-05,Pro,void radiant
1013333,105,22,dire,paS%2D%2D,1,238800,240,9.09045112500014e-05,Pro,void radiant
1015333,107,21,dire,paS%2D%2D,1,240800,241,9.12832800468764e-05,Pro,bottomlane radiant
1016466,107,22,dire,paS%2D%2D,1,241933,242,9.16620488437514e-05,Pro,bottomlane radiant
1017466,107,20,dire,paS%2D%2D,1,242933,243,9.20408176406264e-05,Pro,bottomlane radiant
1017466,107,20,dire,paS%2D%2D,1,242933,244,9.24195864375014e-05,Pro,bottomlane radiant
1019400,109,21,dire,paS%2D%2D,1,244867,245,9.27983552343764e-05,Pro,bottomlane radiant
1020266,111,22,dire,paS%2D%2D,1,245733,246,9.31771240312515e-05,Pro,bottomlane radiant
1021333,113,23,dire,paS%2D%2D,1,246800,247,9.35558928281265e-05,Pro,bottomlane radiant
1022533,115,25,dire,paS%2D%2D,1,248000,248,9.39346616250015e-05,Pro,bottomlane radiant
1023533,115,27,dire,paS%2D%2D,1,249000,249,9.43134304218765e-05,Pro,bottomlane radiant
1024400,115,29,dire,paS%2D%2D,1,249867,250,9.46921992187515e-05,Pro,bottomlane radiant
1025266,115,31,dire,paS%2D%2D,1,250733,251,9.50709680156265e-05,Pro,bottomlane radiant
1026533,115,34,dire,paS%2D%2D,1,252000,252,9.54497368125015e-05,Pro,bottomlane radiant
1027400,115,36,dire,paS%2D%2D,1,252867,253,9.58285056093765e-05,Pro,bottomlane radiant
1028333,115,38,dire,paS%2D%2D,1,253800,254,9.62072744062515e-05,Pro,bottomlane dire
1029333,113,39,dire,paS%2D%2D,1,254800,255,9.65860432031265e-05,Pro,bottomlane dire
1030266,111,40,dire,paS%2D%2D,1,255733,256,9.69648120000015e-05,Pro,bottomlane dire
1031333,109,41,dire,paS%2D%2D,1,256800,257,9.73435807968765e-05,Pro,bottomlane dire
1032333,109,40,dire,paS%2D%2D,1,257800,258,9.77223495937515e-05,Pro,bottomlane dire
1033200,110,39,dire,paS%2D%2D,1,258667,259,9.81011183906265e-05,Pro,bottomlane dire
1034266,110,39,dire,paS%2D%2D,1,259733,260,9.84798871875015e-05,Pro,bottomlane dire
1034266,110,39,dire,paS%2D%2D,1,259733,261,9.88586559843765e-05,Pro,bottomlane dire
1034266,110,39,dire,paS%2D%2D,1,259733,262,9.92374247812516e-05,Pro,bottomlane dire
1037533,109,38,dire,paS%2D%2D,1,263000,263,9.96161935781266e-05,Pro,bottomlane dire
1037533,109,38,dire,paS%2D%2D,1,263000,264,9.99949623750016e-05,Pro,bottomlane dire
1039200,109,39,dire,paS%2D%2D,1,264667,265,0.000100373731171877,Pro,bottomlane dire
1040466,110,39,dire,paS%2D%2D,1,265933,266,0.000100752499968752,Pro,bottomlane dire
1041533,109,39,dire,paS%2D%2D,1,267000,267,0.000101131268765627,Pro,bottomlane dire
1042066,109,40,dire,paS%2D%2D,1,267533,268,0.000101510037562502,Pro,bottomlane dire
1043400,109,41,dire,paS%2D%2D,1,268867,269,0.000101888806359377,Pro,bottomlane dire
1044466,107,42,dire,paS%2D%2D,1,269933,270,0.000102267575156252,Pro,void dire
1045266,108,41,dire,paS%2D%2D,1,270733,271,0.000102646343953127,Pro,bottomlane dire
1046400,109,41,dire,paS%2D%2D,1,271867,272,0.000103025112750002,Pro,bottomlane dire
1047266,109,43,dire,paS%2D%2D,1,272733,273,0.000103403881546877,Pro,bottomlane dire
1047733,109,44,dire,paS%2D%2D,1,273200,274,0.000103782650343752,Pro,bottomlane dire
1047733,109,44,dire,paS%2D%2D,1,273200,275,0.000104161419140627,Pro,bottomlane dire
1050066,109,42,dire,paS%2D%2D,1,275533,276,0.000104540187937502,Pro,bottomlane dire
1051533,108,40,dire,paS%2D%2D,1,277000,277,0.000104918956734377,Pro,bottomlane dire
1052333,108,39,dire,paS%2D%2D,1,277800,278,0.000105297725531252,Pro,bottomlane dire
1053200,109,37,dire,paS%2D%2D,1,278667,279,0.000105676494328127,Pro,bottomlane radiant
1054066,108,35,dire,paS%2D%2D,1,279533,280,0.000106055263125002,Pro,bottomlane radiant
1055200,106,34,dire,paS%2D%2D,1,280667,281,0.000106434031921877,Pro,river
1056133,104,33,dire,paS%2D%2D,1,281600,282,0.000106812800718752,Pro,river
1057466,102,31,dire,paS%2D%2D,1,282933,283,0.000107191569515627,Pro,void radiant
1058466,100,30,dire,paS%2D%2D,1,283933,284,0.000107570338312502,Pro,jungle radiant
1059400,98,30,dire,paS%2D%2D,1,284867,285,0.000107949107109377,Pro,jungle radiant
1060266,96,29,dire,paS%2D%2D,1,285733,286,0.000108327875906252,Pro,jungle radiant
1061200,94,29,dire,paS%2D%2D,1,286667,287,0.000108706644703127,Pro,jungle radiant
1062466,91,29,dire,paS%2D%2D,1,287933,288,0.000109085413500002,Pro,jungle radiant
1063333,89,29,dire,paS%2D%2D,1,288800,289,0.000109464182296877,Pro,jungle radiant
1064466,88,28,dire,paS%2D%2D,1,289933,290,0.000109842951093752,Pro,jungle radiant
1064933,89,27,dire,paS%2D%2D,1,290400,291,0.000110221719890627,Pro,jungle radiant
1066133,88,28,dire,paS%2D%2D,1,291600,292,0.000110600488687502,Pro,jungle radiant
1066133,88,28,dire,paS%2D%2D,1,291600,293,0.000110979257484377,Pro,jungle radiant
1068400,90,28,dire,paS%2D%2D,1,293867,294,0.000111358026281252,Pro,jungle radiant
1069266,92,28,dire,paS%2D%2D,1,294733,295,0.000111736795078127,Pro,jungle radiant
1070266,94,29,dire,paS%2D%2D,1,295733,296,0.000112115563875002,Pro,jungle radiant
1071333,96,28,dire,paS%2D%2D,1,296800,297,0.000112494332671877,Pro,jungle radiant
1072200,98,27,dire,paS%2D%2D,1,297667,298,0.000112873101468752,Pro,jungle radiant
1073466,101,27,dire,paS%2D%2D,1,298933,299,0.000113251870265627,Pro,jungle radiant
1074466,103,28,dire,paS%2D%2D,1,299933,300,0.000113630639062502,Pro,jungle radiant
1074866,103,29,dire,paS%2D%2D,1,300333,301,0.000114009407859377,Pro,jungle radiant
1074866,103,29,dire,paS%2D%2D,1,300333,302,0.000114388176656252,Pro,jungle radiant
1077533,103,27,dire,paS%2D%2D,1,303000,303,0.000114766945453127,Pro,jungle radiant
1078333,104,26,dire,paS%2D%2D,1,303800,304,0.000115145714250002,Pro,jungle radiant
1079133,104,26,dire,paS%2D%2D,1,304600,305,0.000115524483046877,Pro,jungle radiant
1080200,105,24,dire,paS%2D%2D,1,305667,306,0.000115903251843752,Pro,jungle radiant
1081533,106,23,dire,paS%2D%2D,1,307000,307,0.000116282020640627,Pro,void radiant
1082533,107,22,dire,paS%2D%2D,1,308000,308,0.000116660789437502,Pro,bottomlane radiant
1082866,106,22,dire,paS%2D%2D,1,308333,309,0.000117039558234377,Pro,void radiant
1082866,106,22,dire,paS%2D%2D,1,308333,310,0.000117418327031252,Pro,void radiant
1085200,107,22,dire,paS%2D%2D,1,310667,311,0.000117797095828127,Pro,bottomlane radiant
1085200,107,22,dire,paS%2D%2D,1,310667,312,0.000118175864625002,Pro,bottomlane radiant
1087533,109,24,dire,paS%2D%2D,1,313000,313,0.000118554633421877,Pro,bottomlane radiant
1088333,108,25,dire,paS%2D%2D,1,313800,314,0.000118933402218752,Pro,bottomlane radiant
1089266,109,26,dire,paS%2D%2D,1,314733,315,0.000119312171015627,Pro,bottomlane radiant
1089266,109,26,dire,paS%2D%2D,1,314733,316,0.000119690939812502,Pro,bottomlane radiant
1091200,110,27,dire,paS%2D%2D,1,316667,317,0.000120069708609377,Pro,bottomlane radiant
1092066,109,29,dire,paS%2D%2D,1,317533,318,0.000120448477406252,Pro,bottomlane radiant
1093266,109,28,dire,paS%2D%2D,1,318733,319,0.000120827246203127,Pro,bottomlane radiant
1094533,110,26,dire,paS%2D%2D,1,320000,320,0.000121206015000002,Pro,bottomlane radiant
1095400,110,28,dire,paS%2D%2D,1,320867,321,0.000121584783796877,Pro,bottomlane radiant
1096466,109,28,dire,paS%2D%2D,1,321933,322,0.000121963552593752,Pro,bottomlane radiant
1097466,108,26,dire,paS%2D%2D,1,322933,323,0.000122342321390627,Pro,bottomlane radiant
1098133,109,25,dire,paS%2D%2D,1,323600,324,0.000122721090187502,Pro,bottomlane radiant
1098133,109,25,dire,paS%2D%2D,1,323600,325,0.000123099858984377,Pro,bottomlane radiant
1100200,109,27,dire,paS%2D%2D,1,325667,326,0.000123478627781252,Pro,bottomlane radiant
1101200,110,29,dire,paS%2D%2D,1,326667,327,0.000123857396578127,Pro,bottomlane radiant
1102266,110,29,dire,paS%2D%2D,1,327733,328,0.000124236165375002,Pro,bottomlane radiant
1103200,108,28,dire,paS%2D%2D,1,328667,329,0.000124614934171877,Pro,bottomlane radiant
1104333,109,28,dire,paS%2D%2D,1,329800,330,0.000124993702968752,Pro,bottomlane radiant
1104333,109,28,dire,paS%2D%2D,1,329800,331,0.000125372471765627,Pro,bottomlane radiant
1104333,109,28,dire,paS%2D%2D,1,329800,332,0.000125751240562502,Pro,bottomlane radiant
1107400,109,28,dire,paS%2D%2D,1,332867,333,0.000126130009359377,Pro,bottomlane radiant
1108466,109,28,dire,paS%2D%2D,1,333933,334,0.000126508778156252,Pro,bottomlane radiant
1108466,109,28,dire,paS%2D%2D,1,333933,335,0.000126887546953127,Pro,bottomlane radiant
1110466,109,30,dire,paS%2D%2D,1,335933,336,0.000127266315750002,Pro,bottomlane radiant
1111333,109,32,dire,paS%2D%2D,1,336800,337,0.000127645084546877,Pro,bottomlane radiant
1111333,109,32,dire,paS%2D%2D,1,336800,338,0.000128023853343752,Pro,bottomlane radiant
1113333,109,33,dire,paS%2D%2D,1,338800,339,0.000128402622140627,Pro,bottomlane radiant
1114266,110,35,dire,paS%2D%2D,1,339733,340,0.000128781390937502,Pro,bottomlane radiant
1115333,110,37,dire,paS%2D%2D,1,340800,341,0.000129160159734377,Pro,bottomlane radiant
1116200,110,39,dire,paS%2D%2D,1,341667,342,0.000129538928531252,Pro,bottomlane dire
1117400,109,40,dire,paS%2D%2D,1,342867,343,0.000129917697328127,Pro,bottomlane dire
1118066,108,39,dire,paS%2D%2D,1,343533,344,0.000130296466125002,Pro,bottomlane dire
1119000,109,39,dire,paS%2D%2D,1,344467,345,0.000130675234921877,Pro,bottomlane dire
1119000,109,39,dire,paS%2D%2D,1,344467,346,0.000131054003718752,Pro,bottomlane dire
1119000,109,39,dire,paS%2D%2D,1,344467,347,0.000131432772515627,Pro,bottomlane dire
1122266,108,38,dire,paS%2D%2D,1,347733,348,0.000131811541312502,Pro,bottomlane dire
1123200,108,37,dire,paS%2D%2D,1,348667,349,0.000132190310109377,Pro,bottomlane radiant
1124133,108,35,dire,paS%2D%2D,1,349600,350,0.000132569078906252,Pro,bottomlane radiant
1125266,108,37,dire,paS%2D%2D,1,350733,351,0.000132947847703127,Pro,bottomlane radiant
1125266,108,37,dire,paS%2D%2D,1,350733,352,0.000133326616500002,Pro,bottomlane radiant
1125266,108,37,dire,paS%2D%2D,1,350733,353,0.000133705385296877,Pro,bottomlane radiant
1128266,110,38,dire,paS%2D%2D,1,353733,354,0.000134084154093752,Pro,bottomlane dire
1128266,110,38,dire,paS%2D%2D,1,353733,355,0.000134462922890627,Pro,bottomlane dire
1128266,110,38,dire,paS%2D%2D,1,353733,356,0.000134841691687502,Pro,bottomlane dire
1131466,111,38,dire,paS%2D%2D,1,356933,357,0.000135220460484377,Pro,bottomlane dire
1132466,111,37,dire,paS%2D%2D,1,357933,358,0.000135599229281252,Pro,bottomlane radiant
1133333,109,37,dire,paS%2D%2D,1,358800,359,0.000135977998078127,Pro,bottomlane radiant
1133333,109,37,dire,paS%2D%2D,1,358800,360,0.000136356766875002,Pro,bottomlane radiant
1135200,110,36,dire,paS%2D%2D,1,360667,361,0.000136735535671877,Pro,bottomlane radiant
1135600,110,37,dire,paS%2D%2D,1,361067,362,0.000137114304468752,Pro,bottomlane radiant
1135600,110,37,dire,paS%2D%2D,1,361067,363,0.000137493073265627,Pro,bottomlane radiant
1135600,110,37,dire,paS%2D%2D,1,361067,364,0.000137871842062502,Pro,bottomlane radiant
1135600,110,37,dire,paS%2D%2D,1,361067,365,0.000138250610859377,Pro,bottomlane radiant
1140133,110,37,dire,paS%2D%2D,1,365600,366,0.000138629379656252,Pro,bottomlane radiant
1140133,110,37,dire,paS%2D%2D,1,365600,367,0.000139008148453127,Pro,bottomlane radiant
1140133,110,37,dire,paS%2D%2D,1,365600,368,0.000139386917250002,Pro,bottomlane radiant
1140133,110,37,dire,paS%2D%2D,1,365600,369,0.000139765686046877,Pro,bottomlane radiant
1140133,110,37,dire,paS%2D%2D,1,365600,370,0.000140144454843752,Pro,bottomlane radiant
1140133,110,37,dire,paS%2D%2D,1,365600,371,0.000140523223640627,Pro,bottomlane radiant
1140133,110,37,dire,paS%2D%2D,1,365600,372,0.000140901992437502,Pro,bottomlane radiant
1140133,110,37,dire,paS%2D%2D,1,365600,373,0.000141280761234377,Pro,bottomlane radiant
1140133,110,37,dire,paS%2D%2D,1,365600,374,0.000141659530031252,Pro,bottomlane radiant
1140133,110,37,dire,paS%2D%2D,1,365600,375,0.000142038298828127,Pro,bottomlane radiant
1140133,110,37,dire,paS%2D%2D,1,365600,376,0.000142417067625002,Pro,bottomlane radiant
1151400,116,110,dire,paS%2D%2D,1,376867,377,0.000142795836421877,Pro,base2 dire
1152333,115,108,dire,paS%2D%2D,1,377800,378,0.000143174605218752,Pro,base2 dire
1153266,114,106,dire,paS%2D%2D,1,378733,379,0.000143553374015627,Pro,base2 dire
1154533,114,103,dire,paS%2D%2D,1,380000,380,0.000143932142812502,Pro,base2 dire
1155400,114,101,dire,paS%2D%2D,1,380867,381,0.000144310911609377,Pro,base2 dire
1156266,114,99,dire,paS%2D%2D,1,381733,382,0.000144689680406252,Pro,base2 dire
1157133,113,97,dire,paS%2D%2D,1,382600,383,0.000145068449203127,Pro,base2 dire
1158466,113,94,dire,paS%2D%2D,1,383933,384,0.000145447218000002,Pro,base2 dire
1159333,113,92,dire,paS%2D%2D,1,384800,385,0.000145825986796877,Pro,base2 dire
1160533,112,90,dire,paS%2D%2D,1,386000,386,0.000146204755593752,Pro,base2 dire
1161533,112,87,dire,paS%2D%2D,1,387000,387,0.000146583524390627,Pro,base2 dire
1162400,112,85,dire,paS%2D%2D,1,387867,388,0.000146962293187502,Pro,base2 dire
1163333,111,83,dire,paS%2D%2D,1,388800,389,0.000147341061984377,Pro,base2 dire
1164200,111,81,dire,paS%2D%2D,1,389667,390,0.000147719830781252,Pro,base2 dire
1165533,111,78,dire,paS%2D%2D,1,391000,391,0.000148098599578127,Pro,base2 dire
1166400,111,76,dire,paS%2D%2D,1,391867,392,0.000148477368375002,Pro,bottomlane dire
1167266,111,74,dire,paS%2D%2D,1,392733,393,0.000148856137171877,Pro,bottomlane dire
1168533,111,71,dire,paS%2D%2D,1,394000,394,0.000149234905968752,Pro,bottomlane dire
1169400,111,69,dire,paS%2D%2D,1,394867,395,0.000149613674765627,Pro,bottomlane dire
1170333,111,67,dire,paS%2D%2D,1,395800,396,0.000149992443562502,Pro,bottomlane dire
1171200,110,65,dire,paS%2D%2D,1,396667,397,0.000150371212359377,Pro,bottomlane dire
1172466,110,62,dire,paS%2D%2D,1,397933,398,0.000150749981156252,Pro,bottomlane dire
1173333,110,60,dire,paS%2D%2D,1,398800,399,0.000151128749953127,Pro,bottomlane dire
1174200,110,58,dire,paS%2D%2D,1,399667,400,0.000151507518750002,Pro,bottomlane dire
1175533,110,55,dire,paS%2D%2D,1,401000,401,0.000151886287546877,Pro,bottomlane dire
1176400,110,53,dire,paS%2D%2D,1,401867,402,0.000152265056343752,Pro,bottomlane dire
1177266,110,51,dire,paS%2D%2D,1,402733,403,0.000152643825140627,Pro,bottomlane dire
1178533,110,48,dire,paS%2D%2D,1,404000,404,0.000153022593937502,Pro,bottomlane dire
1179533,109,46,dire,paS%2D%2D,1,405000,405,0.000153401362734377,Pro,bottomlane dire
1180333,109,44,dire,paS%2D%2D,1,405800,406,0.000153780131531252,Pro,bottomlane dire
1181266,111,44,dire,paS%2D%2D,1,406733,407,0.000154158900328127,Pro,bottomlane dire
1181266,111,44,dire,paS%2D%2D,1,406733,408,0.000154537669125002,Pro,bottomlane dire
1183533,113,44,dire,paS%2D%2D,1,409000,409,0.000154916437921877,Pro,bottomlane dire
1183533,113,44,dire,paS%2D%2D,1,409000,410,0.000155295206718752,Pro,bottomlane dire
1185533,110,44,dire,paS%2D%2D,1,411000,411,0.000155673975515627,Pro,bottomlane dire
1185866,110,44,dire,paS%2D%2D,1,411333,412,0.000156052744312502,Pro,bottomlane dire
1187400,110,44,dire,paS%2D%2D,1,412867,413,0.000156431513109377,Pro,bottomlane dire
1187866,109,44,dire,paS%2D%2D,1,413333,414,0.000156810281906252,Pro,bottomlane dire
1189466,111,44,dire,paS%2D%2D,1,414933,415,0.000157189050703127,Pro,bottomlane dire
1189600,110,44,dire,paS%2D%2D,1,415067,416,0.000157567819500002,Pro,bottomlane dire
1191200,112,43,dire,paS%2D%2D,1,416667,417,0.000157946588296877,Pro,bottomlane dire
1192466,115,43,dire,paS%2D%2D,1,417933,418,0.000158325357093752,Pro,bottomlane dire
1193466,117,42,dire,paS%2D%2D,1,418933,419,0.000158704125890627,Pro,bottomlane dire
1194266,115,43,dire,paS%2D%2D,1,419733,420,0.000159082894687502,Pro,bottomlane dire
1195133,113,43,dire,paS%2D%2D,1,420600,421,0.000159461663484378,Pro,bottomlane dire
1196333,111,41,dire,paS%2D%2D,1,421800,422,0.000159840432281253,Pro,bottomlane dire
1197400,109,40,dire,paS%2D%2D,1,422867,423,0.000160219201078128,Pro,bottomlane dire
1198466,107,39,dire,paS%2D%2D,1,423933,424,0.000160597969875003,Pro,river
1199333,105,39,dire,paS%2D%2D,1,424800,425,0.000160976738671878,Pro,river
1200333,103,38,dire,paS%2D%2D,1,425800,426,0.000161355507468753,Pro,river
1201533,100,38,dire,paS%2D%2D,1,427000,427,0.000161734276265628,Pro,river
1202400,98,38,dire,paS%2D%2D,1,427867,428,0.000162113045062503,Pro,river
1203266,96,38,dire,paS%2D%2D,1,428733,429,0.000162491813859378,Pro,river
1204133,94,39,dire,paS%2D%2D,1,429600,430,0.000162870582656253,Pro,river
1205466,91,39,dire,paS%2D%2D,1,430933,431,0.000163249351453128,Pro,river
1206400,89,40,dire,paS%2D%2D,1,431867,432,0.000163628120250003,Pro,river
1207200,88,41,dire,paS%2D%2D,1,432667,433,0.000164006889046878,Pro,river
1208533,88,44,dire,paS%2D%2D,1,434000,434,0.000164385657843753,Pro,void dire
1209466,88,43,dire,paS%2D%2D,1,434933,435,0.000164764426640628,Pro,void dire
1210400,87,44,dire,paS%2D%2D,1,435867,436,0.000165143195437503,Pro,void dire
1211333,87,44,dire,paS%2D%2D,1,436800,437,0.000165521964234378,Pro,void dire
1212000,87,43,dire,paS%2D%2D,1,437467,438,0.000165900733031253,Pro,river
1213466,87,42,dire,paS%2D%2D,1,438933,439,0.000166279501828128,Pro,river
1213933,88,41,dire,paS%2D%2D,1,439400,440,0.000166658270625003,Pro,river
1215133,87,42,dire,paS%2D%2D,1,440600,441,0.000167037039421878,Pro,river
1216400,85,44,dire,paS%2D%2D,1,441867,442,0.000167415808218753,Pro,river
1217466,84,44,dire,paS%2D%2D,1,442933,443,0.000167794577015628,Pro,river
1218266,84,44,dire,paS%2D%2D,1,443733,444,0.000168173345812503,Pro,river
1219533,84,45,dire,paS%2D%2D,1,445000,445,0.000168552114609378,Pro,river
1220333,86,45,dire,paS%2D%2D,1,445800,446,0.000168930883406253,Pro,void dire
1220333,86,45,dire,paS%2D%2D,1,445800,447,0.000169309652203128,Pro,void dire
1222466,87,46,dire,paS%2D%2D,1,447933,448,0.000169688421000003,Pro,jungle dire
1223333,88,47,dire,paS%2D%2D,1,448800,449,0.000170067189796878,Pro,jungle dire
1224266,90,48,dire,paS%2D%2D,1,449733,450,0.000170445958593753,Pro,jungle dire
1225400,92,49,dire,paS%2D%2D,1,450867,451,0.000170824727390628,Pro,jungle dire
1226333,94,50,dire,paS%2D%2D,1,451800,452,0.000171203496187503,Pro,jungle dire
1227266,96,51,dire,paS%2D%2D,1,452733,453,0.000171582264984378,Pro,jungle dire
1227733,97,51,dire,paS%2D%2D,1,453200,454,0.000171961033781253,Pro,jungle dire
1229066,96,51,dire,paS%2D%2D,1,454533,455,0.000172339802578128,Pro,jungle dire
1229066,96,51,dire,paS%2D%2D,1,454533,456,0.000172718571375003,Pro,jungle dire
1229066,96,51,dire,paS%2D%2D,1,454533,457,0.000173097340171878,Pro,jungle dire
1229066,96,51,dire,paS%2D%2D,1,454533,458,0.000173476108968753,Pro,jungle dire
1233466,23,107,dire,paS%2D%2D,1,458933,459,0.000173854877765628,Pro,toplane dire
1233733,24,107,dire,paS%2D%2D,1,459200,460,0.000174233646562503,Pro,toplane dire
1233733,24,107,dire,paS%2D%2D,1,459200,461,0.000174612415359378,Pro,toplane dire
1236133,26,108,dire,paS%2D%2D,1,461600,462,0.000174991184156253,Pro,toplane dire
1237200,28,108,dire,paS%2D%2D,1,462667,463,0.000175369952953128,Pro,toplane dire
1238133,30,107,dire,paS%2D%2D,1,463600,464,0.000175748721750003,Pro,toplane dire
1239133,32,106,dire,paS%2D%2D,1,464600,465,0.000176127490546878,Pro,toplane dire
1240466,33,106,dire,paS%2D%2D,1,465933,466,0.000176506259343753,Pro,toplane dire
1241466,33,103,dire,paS%2D%2D,1,466933,467,0.000176885028140628,Pro,toplane dire
1242333,33,101,dire,paS%2D%2D,1,467800,468,0.000177263796937503,Pro,void dire
1243400,32,100,dire,paS%2D%2D,1,468867,469,0.000177642565734378,Pro,void dire
1244400,31,102,dire,paS%2D%2D,1,469867,470,0.000178021334531253,Pro,toplane dire
1245333,29,103,dire,paS%2D%2D,1,470800,471,0.000178400103328128,Pro,toplane dire
1246200,27,102,dire,paS%2D%2D,1,471667,472,0.000178778872125003,Pro,toplane dire
1247533,24,102,dire,paS%2D%2D,1,473000,473,0.000179157640921878,Pro,toplane dire
1248400,22,102,dire,paS%2D%2D,1,473867,474,0.000179536409718753,Pro,toplane dire
1248400,22,102,dire,paS%2D%2D,1,473867,475,0.000179915178515628,Pro,toplane dire
1250400,24,104,dire,paS%2D%2D,1,475867,476,0.000180293947312503,Pro,toplane dire
1250400,24,104,dire,paS%2D%2D,1,475867,477,0.000180672716109378,Pro,toplane dire
1250400,24,104,dire,paS%2D%2D,1,475867,478,0.000181051484906253,Pro,toplane dire
1253266,26,103,dire,paS%2D%2D,1,478733,479,0.000181430253703128,Pro,toplane dire
1254466,24,102,dire,paS%2D%2D,1,479933,480,0.000181809022500003,Pro,toplane dire
1255533,23,102,dire,paS%2D%2D,1,481000,481,0.000182187791296878,Pro,toplane dire
1256200,23,102,dire,paS%2D%2D,1,481667,482,0.000182566560093753,Pro,toplane dire
1257466,23,103,dire,paS%2D%2D,1,482933,483,0.000182945328890628,Pro,toplane dire
1258000,22,104,dire,paS%2D%2D,1,483467,484,0.000183324097687503,Pro,toplane dire
1259466,19,104,dire,paS%2D%2D,1,484933,485,0.000183702866484378,Pro,toplane dire
1260200,19,104,dire,paS%2D%2D,1,485667,486,0.000184081635281253,Pro,toplane dire
1261533,21,103,dire,paS%2D%2D,1,487000,487,0.000184460404078128,Pro,toplane dire
1262200,21,103,dire,paS%2D%2D,1,487667,488,0.000184839172875003,Pro,toplane dire
1263533,20,104,dire,paS%2D%2D,1,489000,489,0.000185217941671878,Pro,toplane dire
1263533,20,104,dire,paS%2D%2D,1,489000,490,0.000185596710468753,Pro,toplane dire
1265466,22,104,dire,paS%2D%2D,1,490933,491,0.000185975479265628,Pro,toplane dire
1266333,22,105,dire,paS%2D%2D,1,491800,492,0.000186354248062503,Pro,toplane dire
1267400,22,105,dire,paS%2D%2D,1,492867,493,0.000186733016859378,Pro,toplane dire
1268466,24,104,dire,paS%2D%2D,1,493933,494,0.000187111785656253,Pro,toplane dire
1269400,22,103,dire,paS%2D%2D,1,494867,495,0.000187490554453128,Pro,toplane dire
1270333,20,103,dire,paS%2D%2D,1,495800,496,0.000187869323250003,Pro,toplane dire
1271466,21,103,dire,paS%2D%2D,1,496933,497,0.000188248092046878,Pro,toplane dire
1272466,20,104,dire,paS%2D%2D,1,497933,498,0.000188626860843753,Pro,toplane dire
1273466,20,103,dire,paS%2D%2D,1,498933,499,0.000189005629640628,Pro,toplane dire
1274400,22,102,dire,paS%2D%2D,1,499867,500,0.000189384398437503,Pro,toplane dire
1274866,23,102,dire,paS%2D%2D,1,500333,501,0.000189763167234378,Pro,toplane dire
1274866,23,102,dire,paS%2D%2D,1,500333,502,0.000190141936031253,Pro,toplane dire
1274866,23,102,dire,paS%2D%2D,1,500333,503,0.000190520704828128,Pro,toplane dire
1278400,24,103,dire,paS%2D%2D,1,503867,504,0.000190899473625003,Pro,toplane dire
1278400,24,103,dire,paS%2D%2D,1,503867,505,0.000191278242421878,Pro,toplane dire
1280533,27,104,dire,paS%2D%2D,1,506000,506,0.000191657011218753,Pro,toplane dire
1280933,28,104,dire,paS%2D%2D,1,506400,507,0.000192035780015628,Pro,toplane dire
1280933,28,104,dire,paS%2D%2D,1,506400,508,0.000192414548812503,Pro,toplane dire
1283400,29,103,dire,paS%2D%2D,1,508867,509,0.000192793317609378,Pro,toplane dire
1283400,29,103,dire,paS%2D%2D,1,508867,510,0.000193172086406253,Pro,toplane dire
1284600,29,104,dire,paS%2D%2D,1,510067,511,0.000193550855203128,Pro,toplane dire
1286200,28,104,dire,paS%2D%2D,1,511667,512,0.000193929624000003,Pro,toplane dire
1287066,26,104,dire,paS%2D%2D,1,512533,513,0.000194308392796878,Pro,toplane dire
1288333,24,102,dire,paS%2D%2D,1,513800,514,0.000194687161593753,Pro,toplane dire
1289066,25,102,dire,paS%2D%2D,1,514533,515,0.000195065930390628,Pro,toplane dire
1290133,26,102,dire,paS%2D%2D,1,515600,516,0.000195444699187503,Pro,toplane dire
1291266,26,102,dire,paS%2D%2D,1,516733,517,0.000195823467984378,Pro,toplane dire
1292333,25,101,dire,paS%2D%2D,1,517800,518,0.000196202236781253,Pro,toplane dire
1292333,25,101,dire,paS%2D%2D,1,517800,519,0.000196581005578128,Pro,toplane dire
1294200,23,101,dire,paS%2D%2D,1,519667,520,0.000196959774375003,Pro,toplane dire
1295200,24,101,dire,paS%2D%2D,1,520667,521,0.000197338543171878,Pro,toplane dire
1296400,25,101,dire,paS%2D%2D,1,521867,522,0.000197717311968753,Pro,toplane dire
1297400,25,101,dire,paS%2D%2D,1,522867,523,0.000198096080765628,Pro,toplane dire
1298400,23,100,dire,paS%2D%2D,1,523867,524,0.000198474849562503,Pro,toplane dire
1298400,23,100,dire,paS%2D%2D,1,523867,525,0.000198853618359378,Pro,toplane dire
1300533,24,101,dire,paS%2D%2D,1,526000,526,0.000199232387156253,Pro,toplane dire
1301533,24,101,dire,paS%2D%2D,1,527000,527,0.000199611155953128,Pro,toplane dire
1301533,24,101,dire,paS%2D%2D,1,527000,528,0.000199989924750003,Pro,toplane dire
1302933,23,101,dire,paS%2D%2D,1,528400,529,0.000200368693546878,Pro,toplane dire
1304200,22,100,dire,paS%2D%2D,1,529667,530,0.000200747462343753,Pro,void dire
1305400,22,100,dire,paS%2D%2D,1,530867,531,0.000201126231140628,Pro,void dire
1305400,22,100,dire,paS%2D%2D,1,530867,532,0.000201504999937503,Pro,void dire
1305400,22,100,dire,paS%2D%2D,1,530867,533,0.000201883768734378,Pro,void dire
1305400,22,100,dire,paS%2D%2D,1,530867,534,0.000202262537531253,Pro,void dire
1305400,22,100,dire,paS%2D%2D,1,530867,535,0.000202641306328128,Pro,void dire
1310400,23,100,dire,paS%2D%2D,1,535867,536,0.000203020075125003,Pro,toplane dire
1311466,21,100,dire,paS%2D%2D,1,536933,537,0.000203398843921878,Pro,toplane dire
1312266,20,100,dire,paS%2D%2D,1,537733,538,0.000203777612718753,Pro,toplane dire
1312266,20,100,dire,paS%2D%2D,1,537733,539,0.000204156381515628,Pro,toplane dire
1314533,18,100,dire,paS%2D%2D,1,540000,540,0.000204535150312503,Pro,toplane dire
1315466,16,101,dire,paS%2D%2D,1,540933,541,0.000204913919109378,Pro,toplane dire
1315933,15,100,dire,paS%2D%2D,1,541400,542,0.000205292687906253,Pro,toplane dire
1317533,18,101,dire,paS%2D%2D,1,543000,543,0.000205671456703128,Pro,toplane dire
1318400,20,101,dire,paS%2D%2D,1,543867,544,0.000206050225500003,Pro,toplane dire
1319333,18,100,dire,paS%2D%2D,1,544800,545,0.000206428994296878,Pro,toplane dire
1320133,18,100,dire,paS%2D%2D,1,545600,546,0.000206807763093753,Pro,toplane dire
1321200,18,98,dire,paS%2D%2D,1,546667,547,0.000207186531890628,Pro,toplane dire
1322066,18,99,dire,paS%2D%2D,1,547533,548,0.000207565300687503,Pro,toplane dire
1323533,19,98,dire,paS%2D%2D,1,549000,549,0.000207944069484378,Pro,toplane dire
1324466,19,97,dire,paS%2D%2D,1,549933,550,0.000208322838281253,Pro,toplane dire
1325333,17,97,dire,paS%2D%2D,1,550800,551,0.000208701607078128,Pro,toplane dire
1326200,15,97,dire,paS%2D%2D,1,551667,552,0.000209080375875003,Pro,toplane dire
1327533,12,96,dire,paS%2D%2D,1,553000,553,0.000209459144671878,Pro,toplane dire
1328400,10,96,dire,paS%2D%2D,1,553867,554,0.000209837913468753,Pro,toplane dire
1329266,10,96,dire,paS%2D%2D,1,554733,555,0.000210216682265628,Pro,toplane dire
1330466,13,97,dire,paS%2D%2D,1,555933,556,0.000210595451062503,Pro,toplane dire
1331200,15,97,dire,paS%2D%2D,1,556667,557,0.000210974219859378,Pro,toplane dire
1332400,18,96,dire,paS%2D%2D,1,557867,558,0.000211352988656253,Pro,toplane dire
1333533,21,96,dire,paS%2D%2D,1,559000,559,0.000211731757453128,Pro,toplane dire
1334000,20,95,dire,paS%2D%2D,1,559467,560,0.000212110526250003,Pro,toplane dire
1334000,20,95,dire,paS%2D%2D,1,559467,561,0.000212489295046878,Pro,toplane dire
1334000,20,95,dire,paS%2D%2D,1,559467,562,0.000212868063843753,Pro,toplane dire
1334000,20,95,dire,paS%2D%2D,1,559467,563,0.000213246832640628,Pro,toplane dire
1334000,20,95,dire,paS%2D%2D,1,559467,564,0.000213625601437503,Pro,toplane dire
1334000,20,95,dire,paS%2D%2D,1,559467,565,0.000214004370234378,Pro,toplane dire
1334000,20,95,dire,paS%2D%2D,1,559467,566,0.000214383139031253,Pro,toplane dire
1334000,20,95,dire,paS%2D%2D,1,559467,567,0.000214761907828128,Pro,toplane dire
1334000,20,95,dire,paS%2D%2D,1,559467,568,0.000215140676625003,Pro,toplane dire
1334000,20,95,dire,paS%2D%2D,1,559467,569,0.000215519445421878,Pro,toplane dire
1334000,20,95,dire,paS%2D%2D,1,559467,570,0.000215898214218753,Pro,toplane dire
1334000,20,95,dire,paS%2D%2D,1,559467,571,0.000216276983015628,Pro,toplane dire
1334000,20,95,dire,paS%2D%2D,1,559467,572,0.000216655751812503,Pro,toplane dire
1334000,20,95,dire,paS%2D%2D,1,559467,573,0.000217034520609378,Pro,toplane dire
1334000,20,95,dire,paS%2D%2D,1,559467,574,0.000217413289406253,Pro,toplane dire
1348866,21,94,dire,paS%2D%2D,1,574333,575,0.000217792058203128,Pro,toplane dire
1349666,20,93,dire,paS%2D%2D,1,575133,576,0.000218170827000003,Pro,toplane dire
1349666,20,93,dire,paS%2D%2D,1,575133,577,0.000218549595796878,Pro,toplane dire
1349666,20,93,dire,paS%2D%2D,1,575133,578,0.000218928364593753,Pro,toplane dire
1349666,20,93,dire,paS%2D%2D,1,575133,579,0.000219307133390628,Pro,toplane dire
1349666,20,93,dire,paS%2D%2D,1,575133,580,0.000219685902187503,Pro,toplane dire
1355200,21,94,dire,paS%2D%2D,1,580667,581,0.000220064670984378,Pro,toplane dire
1356333,24,95,dire,paS%2D%2D,1,581800,582,0.000220443439781253,Pro,jungle dire
1357533,25,95,dire,paS%2D%2D,1,583000,583,0.000220822208578128,Pro,jungle dire
1358266,23,94,dire,paS%2D%2D,1,583733,584,0.000221200977375003,Pro,jungle dire
1359466,20,93,dire,paS%2D%2D,1,584933,585,0.000221579746171878,Pro,toplane dire
1359466,20,93,dire,paS%2D%2D,1,584933,586,0.000221958514968753,Pro,toplane dire
1361133,21,93,dire,paS%2D%2D,1,586600,587,0.000222337283765628,Pro,toplane dire
1362400,23,91,dire,paS%2D%2D,1,587867,588,0.000222716052562503,Pro,jungle dire
1362400,23,91,dire,paS%2D%2D,1,587867,589,0.000223094821359378,Pro,jungle dire
1364466,21,92,dire,paS%2D%2D,1,589933,590,0.000223473590156254,Pro,toplane dire
1365200,20,93,dire,paS%2D%2D,1,590667,591,0.000223852358953129,Pro,toplane dire
1365200,20,93,dire,paS%2D%2D,1,590667,592,0.000224231127750004,Pro,toplane dire
1365200,20,93,dire,paS%2D%2D,1,590667,593,0.000224609896546879,Pro,toplane dire
1365200,20,93,dire,paS%2D%2D,1,590667,594,0.000224988665343754,Pro,toplane dire
1365200,20,93,dire,paS%2D%2D,1,590667,595,0.000225367434140629,Pro,toplane dire
1365200,20,93,dire,paS%2D%2D,1,590667,596,0.000225746202937504,Pro,toplane dire
1365200,20,93,dire,paS%2D%2D,1,590667,597,0.000226124971734379,Pro,toplane dire
1365200,20,93,dire,paS%2D%2D,1,590667,598,0.000226503740531254,Pro,toplane dire
1365200,20,93,dire,paS%2D%2D,1,590667,599,0.000226882509328129,Pro,toplane dire
1365200,20,93,dire,paS%2D%2D,1,590667,600,0.000227261278125004,Pro,toplane dire
1365200,20,93,dire,paS%2D%2D,1,590667,601,0.000227640046921879,Pro,toplane dire
1376200,22,93,dire,paS%2D%2D,1,601667,602,0.000228018815718754,Pro,toplane dire
1377333,25,92,dire,paS%2D%2D,1,602800,603,0.000228397584515629,Pro,jungle dire
1378466,23,90,dire,paS%2D%2D,1,603933,604,0.000228776353312504,Pro,jungle dire
1378733,22,90,dire,paS%2D%2D,1,604200,605,0.000229155122109379,Pro,jungle dire
1380533,24,91,dire,paS%2D%2D,1,606000,606,0.000229533890906254,Pro,jungle dire
1381133,25,90,dire,paS%2D%2D,1,606600,607,0.000229912659703129,Pro,jungle dire
1381133,25,90,dire,paS%2D%2D,1,606600,608,0.000230291428500004,Pro,jungle dire
1381133,25,90,dire,paS%2D%2D,1,606600,609,0.000230670197296879,Pro,jungle dire
1384400,25,89,dire,paS%2D%2D,1,609867,610,0.000231048966093754,Pro,jungle dire
1384600,26,89,dire,paS%2D%2D,1,610067,611,0.000231427734890629,Pro,jungle dire
1386533,24,90,dire,paS%2D%2D,1,612000,612,0.000231806503687504,Pro,jungle dire
1387200,23,92,dire,paS%2D%2D,1,612667,613,0.000232185272484379,Pro,jungle dire
1388533,21,95,dire,paS%2D%2D,1,614000,614,0.000232564041281254,Pro,toplane dire
1389466,20,97,dire,paS%2D%2D,1,614933,615,0.000232942810078129,Pro,toplane dire
1390266,19,99,dire,paS%2D%2D,1,615733,616,0.000233321578875004,Pro,toplane dire
1391400,19,102,dire,paS%2D%2D,1,616867,617,0.000233700347671879,Pro,toplane dire
1392266,21,102,dire,paS%2D%2D,1,617733,618,0.000234079116468754,Pro,toplane dire
1393333,24,102,dire,paS%2D%2D,1,618800,619,0.000234457885265629,Pro,toplane dire
1394466,27,103,dire,paS%2D%2D,1,619933,620,0.000234836654062504,Pro,toplane dire
1395200,29,103,dire,paS%2D%2D,1,620667,621,0.000235215422859379,Pro,toplane dire
1396333,32,103,dire,paS%2D%2D,1,621800,622,0.000235594191656254,Pro,toplane dire
1397200,31,103,dire,paS%2D%2D,1,622667,623,0.000235972960453129,Pro,toplane dire
1398533,29,101,dire,paS%2D%2D,1,624000,624,0.000236351729250004,Pro,void dire
1398533,29,101,dire,paS%2D%2D,1,624000,625,0.000236730498046879,Pro,void dire
1398533,29,101,dire,paS%2D%2D,1,624000,626,0.000237109266843754,Pro,void dire
1401266,30,100,dire,paS%2D%2D,1,626733,627,0.000237488035640629,Pro,void dire
1402533,30,99,dire,paS%2D%2D,1,628000,628,0.000237866804437504,Pro,void dire
1403066,30,99,dire,paS%2D%2D,1,628533,629,0.000238245573234379,Pro,void dire
1403066,30,99,dire,paS%2D%2D,1,628533,630,0.000238624342031254,Pro,void dire
1403066,30,99,dire,paS%2D%2D,1,628533,631,0.000239003110828129,Pro,void dire
1403066,30,99,dire,paS%2D%2D,1,628533,632,0.000239381879625004,Pro,void dire
1403066,30,99,dire,paS%2D%2D,1,628533,633,0.000239760648421879,Pro,void dire
1403066,30,99,dire,paS%2D%2D,1,628533,634,0.000240139417218754,Pro,void dire
1409533,29,99,dire,paS%2D%2D,1,635000,635,0.000240518186015629,Pro,void dire
1409533,29,99,dire,paS%2D%2D,1,635000,636,0.000240896954812504,Pro,void dire
1409533,29,99,dire,paS%2D%2D,1,635000,637,0.000241275723609379,Pro,void dire
1409533,29,99,dire,paS%2D%2D,1,635000,638,0.000241654492406254,Pro,void dire
1409533,29,99,dire,paS%2D%2D,1,635000,639,0.000242033261203129,Pro,void dire
1409533,29,99,dire,paS%2D%2D,1,635000,640,0.000242412030000004,Pro,void dire
1409533,29,99,dire,paS%2D%2D,1,635000,641,0.000242790798796879,Pro,void dire
1409533,29,99,dire,paS%2D%2D,1,635000,642,0.000243169567593754,Pro,void dire
1409533,29,99,dire,paS%2D%2D,1,635000,643,0.000243548336390629,Pro,void dire
1409533,29,99,dire,paS%2D%2D,1,635000,644,0.000243927105187504,Pro,void dire
1409533,29,99,dire,paS%2D%2D,1,635000,645,0.000244305873984379,Pro,void dire
1409533,29,99,dire,paS%2D%2D,1,635000,646,0.000244684642781254,Pro,void dire
1409533,29,99,dire,paS%2D%2D,1,635000,647,0.000245063411578129,Pro,void dire
1409533,29,99,dire,paS%2D%2D,1,635000,648,0.000245442180375004,Pro,void dire
1422866,29,98,dire,paS%2D%2D,1,648333,649,0.000245820949171879,Pro,void dire
1423666,28,98,dire,paS%2D%2D,1,649133,650,0.000246199717968754,Pro,void dire
1423666,28,98,dire,paS%2D%2D,1,649133,651,0.000246578486765629,Pro,void dire
1423666,28,98,dire,paS%2D%2D,1,649133,652,0.000246957255562504,Pro,void dire
1423666,28,98,dire,paS%2D%2D,1,649133,653,0.000247336024359379,Pro,void dire
1423666,28,98,dire,paS%2D%2D,1,649133,654,0.000247714793156254,Pro,void dire
1423666,28,98,dire,paS%2D%2D,1,649133,655,0.000248093561953129,Pro,void dire
1423666,28,98,dire,paS%2D%2D,1,649133,656,0.000248472330750004,Pro,void dire
1423666,28,98,dire,paS%2D%2D,1,649133,657,0.000248851099546879,Pro,void dire
1423666,28,98,dire,paS%2D%2D,1,649133,658,0.000249229868343754,Pro,void dire
1423666,28,98,dire,paS%2D%2D,1,649133,659,0.000249608637140629,Pro,void dire
1423666,28,98,dire,paS%2D%2D,1,649133,660,0.000249987405937504,Pro,void dire
1423666,28,98,dire,paS%2D%2D,1,649133,661,0.000250366174734379,Pro,void dire
1423666,28,98,dire,paS%2D%2D,1,649133,662,0.000250744943531254,Pro,void dire
1423666,28,98,dire,paS%2D%2D,1,649133,663,0.000251123712328129,Pro,void dire
1423666,28,98,dire,paS%2D%2D,1,649133,664,0.000251502481125004,Pro,void dire
1423666,28,98,dire,paS%2D%2D,1,649133,665,0.000251881249921879,Pro,void dire
1440133,28,98,dire,paS%2D%2D,1,665600,666,0.000252260018718754,Pro,void dire
1440133,28,98,dire,paS%2D%2D,1,665600,667,0.000252638787515629,Pro,void dire
1440133,28,98,dire,paS%2D%2D,1,665600,668,0.000253017556312504,Pro,void dire
1440133,28,98,dire,paS%2D%2D,1,665600,669,0.000253396325109379,Pro,void dire
1440133,28,98,dire,paS%2D%2D,1,665600,670,0.000253775093906254,Pro,void dire
1440133,28,98,dire,paS%2D%2D,1,665600,671,0.000254153862703129,Pro,void dire
1440133,28,98,dire,paS%2D%2D,1,665600,672,0.000254532631500004,Pro,void dire
1440133,28,98,dire,paS%2D%2D,1,665600,673,0.000254911400296879,Pro,void dire
1440133,28,98,dire,paS%2D%2D,1,665600,674,0.000255290169093754,Pro,void dire
1440133,28,98,dire,paS%2D%2D,1,665600,675,0.000255668937890629,Pro,void dire
1440133,28,98,dire,paS%2D%2D,1,665600,676,0.000256047706687504,Pro,void dire
1440133,28,98,dire,paS%2D%2D,1,665600,677,0.000256426475484379,Pro,void dire
1440133,28,98,dire,paS%2D%2D,1,665600,678,0.000256805244281254,Pro,void dire
1440133,28,98,dire,paS%2D%2D,1,665600,679,0.000257184013078129,Pro,void dire
1440133,28,98,dire,paS%2D%2D,1,665600,680,0.000257562781875004,Pro,void dire
1440133,28,98,dire,paS%2D%2D,1,665600,681,0.000257941550671879,Pro,void dire
1440133,28,98,dire,paS%2D%2D,1,665600,682,0.000258320319468754,Pro,void dire
1440133,28,98,dire,paS%2D%2D,1,665600,683,0.000258699088265629,Pro,void dire
1440133,28,98,dire,paS%2D%2D,1,665600,684,0.000259077857062504,Pro,void dire
1440133,28,98,dire,paS%2D%2D,1,665600,685,0.000259456625859379,Pro,void dire
1440133,28,98,dire,paS%2D%2D,1,665600,686,0.000259835394656254,Pro,void dire
1440133,28,98,dire,paS%2D%2D,1,665600,687,0.000260214163453129,Pro,void dire
1440133,28,98,dire,paS%2D%2D,1,665600,688,0.000260592932250004,Pro,void dire
1440133,28,98,dire,paS%2D%2D,1,665600,689,0.000260971701046879,Pro,void dire
1440133,28,98,dire,paS%2D%2D,1,665600,690,0.000261350469843754,Pro,void dire
1440133,28,98,dire,paS%2D%2D,1,665600,691,0.000261729238640629,Pro,void dire
1440133,28,98,dire,paS%2D%2D,1,665600,692,0.000262108007437504,Pro,void dire
1440133,28,98,dire,paS%2D%2D,1,665600,693,0.000262486776234379,Pro,void dire
1440133,28,98,dire,paS%2D%2D,1,665600,694,0.000262865545031254,Pro,void dire
1440133,28,98,dire,paS%2D%2D,1,665600,695,0.000263244313828129,Pro,void dire
1440133,28,98,dire,paS%2D%2D,1,665600,696,0.000263623082625004,Pro,void dire
1440133,28,98,dire,paS%2D%2D,1,665600,697,0.000264001851421879,Pro,void dire
1440133,28,98,dire,paS%2D%2D,1,665600,698,0.000264380620218754,Pro,void dire
1440133,28,98,dire,paS%2D%2D,1,665600,699,0.000264759389015629,Pro,void dire
1440133,28,98,dire,paS%2D%2D,1,665600,700,0.000265138157812504,Pro,void dire
1440133,28,98,dire,paS%2D%2D,1,665600,701,0.000265516926609379,Pro,void dire
1440133,28,98,dire,paS%2D%2D,1,665600,702,0.000265895695406254,Pro,void dire
1440133,28,98,dire,paS%2D%2D,1,665600,703,0.000266274464203129,Pro,void dire
1440133,28,98,dire,paS%2D%2D,1,665600,704,0.000266653233000004,Pro,void dire
1440133,28,98,dire,paS%2D%2D,1,665600,705,0.000267032001796879,Pro,void dire
1440133,28,98,dire,paS%2D%2D,1,665600,706,0.000267410770593754,Pro,void dire
1440133,28,98,dire,paS%2D%2D,1,665600,707,0.000267789539390629,Pro,void dire
1440133,28,98,dire,paS%2D%2D,1,665600,708,0.000268168308187504,Pro,void dire
1483200,74,61,dire,paS%2D%2D,1,708667,709,0.000268547076984379,Pro,jungle dire
1484533,75,62,dire,paS%2D%2D,1,710000,710,0.000268925845781254,Pro,jungle dire
1485400,76,64,dire,paS%2D%2D,1,710867,711,0.000269304614578129,Pro,midlane dire
1486400,76,65,dire,paS%2D%2D,1,711867,712,0.000269683383375004,Pro,midlane dire
1487533,75,62,dire,paS%2D%2D,1,713000,713,0.000270062152171879,Pro,jungle dire
1488133,76,61,dire,paS%2D%2D,1,713600,714,0.000270440920968754,Pro,jungle dire
1488933,74,61,dire,paS%2D%2D,1,714400,715,0.000270819689765629,Pro,jungle dire
1490400,72,60,dire,paS%2D%2D,1,715867,716,0.000271198458562504,Pro,jungle dire
1491400,70,59,dire,paS%2D%2D,1,716867,717,0.000271577227359379,Pro,jungle dire
1492266,72,59,dire,paS%2D%2D,1,717733,718,0.000271955996156254,Pro,jungle dire
1492600,72,58,dire,paS%2D%2D,1,718067,719,0.000272334764953129,Pro,jungle dire
1494200,71,58,dire,paS%2D%2D,1,719667,720,0.000272713533750004,Pro,jungle dire
1495466,70,60,dire,paS%2D%2D,1,720933,721,0.000273092302546879,Pro,jungle dire
1496533,71,60,dire,paS%2D%2D,1,722000,722,0.000273471071343754,Pro,jungle dire
1497333,71,59,dire,paS%2D%2D,1,722800,723,0.000273849840140629,Pro,jungle dire
1498533,68,60,dire,paS%2D%2D,1,724000,724,0.000274228608937504,Pro,midlane dire
1499333,66,60,dire,paS%2D%2D,1,724800,725,0.000274607377734379,Pro,midlane dire
1500133,64,61,dire,paS%2D%2D,1,725600,726,0.000274986146531254,Pro,midlane dire
1500133,64,61,dire,paS%2D%2D,1,725600,727,0.000275364915328129,Pro,midlane dire
1500133,64,61,dire,paS%2D%2D,1,725600,728,0.000275743684125004,Pro,midlane dire
1500133,64,61,dire,paS%2D%2D,1,725600,729,0.000276122452921879,Pro,midlane dire
1500133,64,61,dire,paS%2D%2D,1,725600,730,0.000276501221718754,Pro,midlane dire
1505466,62,59,dire,paS%2D%2D,1,730933,731,0.000276879990515629,Pro,midlane dire
1506133,60,58,dire,paS%2D%2D,1,731600,732,0.000277258759312504,Pro,midlane radiant
1506133,60,58,dire,paS%2D%2D,1,731600,733,0.000277637528109379,Pro,midlane radiant
1508266,61,58,dire,paS%2D%2D,1,733733,734,0.000278016296906254,Pro,midlane radiant
1509266,63,59,dire,paS%2D%2D,1,734733,735,0.000278395065703129,Pro,midlane dire
1510000,65,59,dire,paS%2D%2D,1,735467,736,0.000278773834500004,Pro,void dire
1511333,63,59,dire,paS%2D%2D,1,736800,737,0.000279152603296879,Pro,midlane dire
1511866,62,58,dire,paS%2D%2D,1,737333,738,0.000279531372093754,Pro,midlane dire
1513466,65,59,dire,paS%2D%2D,1,738933,739,0.000279910140890629,Pro,void dire
1514266,67,60,dire,paS%2D%2D,1,739733,740,0.000280288909687504,Pro,midlane dire
1515400,70,60,dire,paS%2D%2D,1,740867,741,0.000280667678484379,Pro,jungle dire
1516466,73,60,dire,paS%2D%2D,1,741933,742,0.000281046447281254,Pro,jungle dire
1517266,75,60,dire,paS%2D%2D,1,742733,743,0.000281425216078129,Pro,jungle dire
1518400,78,60,dire,paS%2D%2D,1,743867,744,0.000281803984875004,Pro,jungle dire
1518400,78,60,dire,paS%2D%2D,1,743867,745,0.000282182753671879,Pro,jungle dire
1518400,78,60,dire,paS%2D%2D,1,743867,746,0.000282561522468754,Pro,jungle dire
1518400,78,60,dire,paS%2D%2D,1,743867,747,0.000282940291265629,Pro,jungle dire
1522200,77,60,dire,paS%2D%2D,1,747667,748,0.000283319060062504,Pro,jungle dire
1522200,77,60,dire,paS%2D%2D,1,747667,749,0.000283697828859379,Pro,jungle dire
1522200,77,60,dire,paS%2D%2D,1,747667,750,0.000284076597656254,Pro,jungle dire
1522200,77,60,dire,paS%2D%2D,1,747667,751,0.000284455366453129,Pro,jungle dire
1522200,77,60,dire,paS%2D%2D,1,747667,752,0.000284834135250004,Pro,jungle dire
1522200,77,60,dire,paS%2D%2D,1,747667,753,0.000285212904046879,Pro,jungle dire
1528400,77,59,dire,paS%2D%2D,1,753867,754,0.000285591672843754,Pro,jungle dire
1528400,77,59,dire,paS%2D%2D,1,753867,755,0.000285970441640629,Pro,jungle dire
1528400,77,59,dire,paS%2D%2D,1,753867,756,0.000286349210437504,Pro,jungle dire
1528400,77,59,dire,paS%2D%2D,1,753867,757,0.000286727979234379,Pro,jungle dire
1528400,77,59,dire,paS%2D%2D,1,753867,758,0.000287106748031254,Pro,jungle dire
1528400,77,59,dire,paS%2D%2D,1,753867,759,0.000287485516828129,Pro,jungle dire
1528400,77,59,dire,paS%2D%2D,1,753867,760,0.000287864285625004,Pro,jungle dire
1528400,77,59,dire,paS%2D%2D,1,753867,761,0.00028824305442188,Pro,jungle dire
1536466,76,60,dire,paS%2D%2D,1,761933,762,0.000288621823218755,Pro,jungle dire
1537533,76,62,dire,paS%2D%2D,1,763000,763,0.00028900059201563,Pro,jungle dire
1538533,77,63,dire,paS%2D%2D,1,764000,764,0.000289379360812505,Pro,void dire
1539333,76,65,dire,paS%2D%2D,1,764800,765,0.00028975812960938,Pro,midlane dire
1540466,74,67,dire,paS%2D%2D,1,765933,766,0.000290136898406255,Pro,midlane dire
1541333,74,66,dire,paS%2D%2D,1,766800,767,0.00029051566720313,Pro,midlane dire
1541866,74,65,dire,paS%2D%2D,1,767333,768,0.000290894436000005,Pro,midlane dire
1543266,72,65,dire,paS%2D%2D,1,768733,769,0.00029127320479688,Pro,midlane dire
1543666,71,64,dire,paS%2D%2D,1,769133,770,0.000291651973593755,Pro,midlane dire
1545200,71,65,dire,paS%2D%2D,1,770667,771,0.00029203074239063,Pro,midlane dire
1545600,70,65,dire,paS%2D%2D,1,771067,772,0.000292409511187505,Pro,midlane dire
1547533,68,64,dire,paS%2D%2D,1,773000,773,0.00029278827998438,Pro,midlane dire
1548533,66,63,dire,paS%2D%2D,1,774000,774,0.000293167048781255,Pro,midlane dire
1549400,64,62,dire,paS%2D%2D,1,774867,775,0.00029354581757813,Pro,midlane dire
1550533,61,61,dire,paS%2D%2D,1,776000,776,0.000293924586375005,Pro,midlane dire
1551466,60,59,dire,paS%2D%2D,1,776933,777,0.00029430335517188,Pro,midlane radiant
1552533,58,57,dire,paS%2D%2D,1,778000,778,0.000294682123968755,Pro,midlane radiant
1553466,56,56,dire,paS%2D%2D,1,778933,779,0.00029506089276563,Pro,midlane radiant
1554200,55,54,dire,paS%2D%2D,1,779667,780,0.000295439661562505,Pro,midlane radiant
1554200,55,54,dire,paS%2D%2D,1,779667,781,0.00029581843035938,Pro,midlane radiant
1554200,55,54,dire,paS%2D%2D,1,779667,782,0.000296197199156255,Pro,midlane radiant
1557533,57,55,dire,paS%2D%2D,1,783000,783,0.00029657596795313,Pro,midlane radiant
1558333,59,56,dire,paS%2D%2D,1,783800,784,0.000296954736750005,Pro,midlane radiant
1559333,61,57,dire,paS%2D%2D,1,784800,785,0.00029733350554688,Pro,midlane radiant
1560533,64,59,dire,paS%2D%2D,1,786000,786,0.000297712274343755,Pro,midlane dire
1561533,65,60,dire,paS%2D%2D,1,787000,787,0.00029809104314063,Pro,midlane dire
1561666,64,59,dire,paS%2D%2D,1,787133,788,0.000298469811937505,Pro,midlane dire
1561666,64,59,dire,paS%2D%2D,1,787133,789,0.00029884858073438,Pro,midlane dire
1564333,65,60,dire,paS%2D%2D,1,789800,790,0.000299227349531255,Pro,midlane dire
1565533,68,61,dire,paS%2D%2D,1,791000,791,0.00029960611832813,Pro,midlane dire
1566266,70,61,dire,paS%2D%2D,1,791733,792,0.000299984887125005,Pro,jungle dire
1567066,72,61,dire,paS%2D%2D,1,792533,793,0.00030036365592188,Pro,jungle dire
1568266,72,61,dire,paS%2D%2D,1,793733,794,0.000300742424718755,Pro,jungle dire
1569066,70,60,dire,paS%2D%2D,1,794533,795,0.00030112119351563,Pro,jungle dire
1569066,70,60,dire,paS%2D%2D,1,794533,796,0.000301499962312505,Pro,jungle dire
1569066,70,60,dire,paS%2D%2D,1,794533,797,0.00030187873110938,Pro,jungle dire
1572466,67,60,dire,paS%2D%2D,1,797933,798,0.000302257499906255,Pro,midlane dire
1573266,65,59,dire,paS%2D%2D,1,798733,799,0.00030263626870313,Pro,void dire
1573666,64,59,dire,paS%2D%2D,1,799133,800,0.000303015037500005,Pro,midlane dire
1574933,63,58,dire,paS%2D%2D,1,800400,801,0.00030339380629688,Pro,void dire
1574933,63,58,dire,paS%2D%2D,1,800400,802,0.000303772575093755,Pro,void dire
1577400,61,59,dire,paS%2D%2D,1,802867,803,0.00030415134389063,Pro,midlane dire
1578533,61,59,dire,paS%2D%2D,1,804000,804,0.000304530112687505,Pro,midlane dire
1579200,63,59,dire,paS%2D%2D,1,804667,805,0.00030490888148438,Pro,midlane dire
1580400,66,60,dire,paS%2D%2D,1,805867,806,0.000305287650281255,Pro,midlane dire
1581400,68,62,dire,paS%2D%2D,1,806867,807,0.00030566641907813,Pro,midlane dire
1582400,70,64,dire,paS%2D%2D,1,807867,808,0.000306045187875005,Pro,midlane dire
1583333,72,65,dire,paS%2D%2D,1,808800,809,0.00030642395667188,Pro,midlane dire
1584466,75,66,dire,paS%2D%2D,1,809933,810,0.000306802725468755,Pro,midlane dire
1585333,77,67,dire,paS%2D%2D,1,810800,811,0.00030718149426563,Pro,midlane dire
1586533,80,69,dire,paS%2D%2D,1,812000,812,0.000307560263062505,Pro,midlane dire
1587400,82,70,dire,paS%2D%2D,1,812867,813,0.00030793903185938,Pro,midlane dire
1588200,84,71,dire,paS%2D%2D,1,813667,814,0.000308317800656255,Pro,midlane dire
1589400,87,71,dire,paS%2D%2D,1,814867,815,0.00030869656945313,Pro,midlane dire
1590533,90,70,dire,paS%2D%2D,1,816000,816,0.000309075338250005,Pro,jungle dire
1591533,91,68,dire,paS%2D%2D,1,817000,817,0.00030945410704688,Pro,jungle dire
1592266,91,66,dire,paS%2D%2D,1,817733,818,0.000309832875843755,Pro,jungle dire
1593000,91,64,dire,paS%2D%2D,1,818467,819,0.00031021164464063,Pro,secretshop dire
1594400,91,67,dire,paS%2D%2D,1,819867,820,0.000310590413437505,Pro,jungle dire
1595533,92,70,dire,paS%2D%2D,1,821000,821,0.00031096918223438,Pro,jungle dire
1596266,92,72,dire,paS%2D%2D,1,821733,822,0.000311347951031255,Pro,jungle dire
1597533,93,75,dire,paS%2D%2D,1,823000,823,0.00031172671982813,Pro,jungle dire
1598533,93,78,dire,paS%2D%2D,1,824000,824,0.000312105488625005,Pro,jungle dire
1599333,94,80,dire,paS%2D%2D,1,824800,825,0.00031248425742188,Pro,midlane dire
1600533,95,83,dire,paS%2D%2D,1,826000,826,0.000312863026218755,Pro,midlane dire
1601400,96,85,dire,paS%2D%2D,1,826867,827,0.00031324179501563,Pro,midlane dire
1602466,98,87,dire,paS%2D%2D,1,827933,828,0.000313620563812505,Pro,base2 dire
1603333,100,88,dire,paS%2D%2D,1,828800,829,0.00031399933260938,Pro,base2 dire
1604266,102,89,dire,paS%2D%2D,1,829733,830,0.000314378101406255,Pro,base2 dire
1605333,104,91,dire,paS%2D%2D,1,830800,831,0.00031475687020313,Pro,base2 dire
1606400,106,93,dire,paS%2D%2D,1,831867,832,0.000315135639000005,Pro,base2 dire
1607466,108,94,dire,paS%2D%2D,1,832933,833,0.00031551440779688,Pro,base2 dire
1608200,109,96,dire,paS%2D%2D,1,833667,834,0.000315893176593755,Pro,base2 dire
1609333,111,98,dire,paS%2D%2D,1,834800,835,0.00031627194539063,Pro,base2 dire
1610466,112,101,dire,paS%2D%2D,1,835933,836,0.000316650714187505,Pro,base2 dire
1611400,114,103,dire,paS%2D%2D,1,836867,837,0.00031702948298438,Pro,base2 dire
1612266,115,105,dire,paS%2D%2D,1,837733,838,0.000317408251781255,Pro,base2 dire
1613266,117,107,dire,paS%2D%2D,1,838733,839,0.00031778702057813,Pro,base2 dire
1614466,119,109,dire,paS%2D%2D,1,839933,840,0.000318165789375005,Pro,base2 dire
1615533,117,109,dire,paS%2D%2D,1,841000,841,0.00031854455817188,Pro,base2 dire
1616266,119,108,dire,paS%2D%2D,1,841733,842,0.000318923326968755,Pro,base2 dire
1616266,119,108,dire,paS%2D%2D,1,841733,843,0.00031930209576563,Pro,base2 dire
1616266,119,108,dire,paS%2D%2D,1,841733,844,0.000319680864562505,Pro,base2 dire
1616266,119,108,dire,paS%2D%2D,1,841733,845,0.00032005963335938,Pro,base2 dire
1620133,118,108,dire,paS%2D%2D,1,845600,846,0.000320438402156255,Pro,base2 dire
1620133,118,108,dire,paS%2D%2D,1,845600,847,0.00032081717095313,Pro,base2 dire
1620133,118,108,dire,paS%2D%2D,1,845600,848,0.000321195939750005,Pro,base2 dire
1623400,116,107,dire,paS%2D%2D,1,848867,849,0.00032157470854688,Pro,base2 dire
1624133,115,105,dire,paS%2D%2D,1,849600,850,0.000321953477343755,Pro,base2 dire
1625466,113,102,dire,paS%2D%2D,1,850933,851,0.00032233224614063,Pro,base2 dire
1626333,112,100,dire,paS%2D%2D,1,851800,852,0.000322711014937505,Pro,base2 dire
1627333,110,98,dire,paS%2D%2D,1,852800,853,0.00032308978373438,Pro,base2 dire
1628533,108,96,dire,paS%2D%2D,1,854000,854,0.000323468552531255,Pro,base2 dire
1629400,106,95,dire,paS%2D%2D,1,854867,855,0.00032384732132813,Pro,base2 dire
1630266,104,95,dire,paS%2D%2D,1,855733,856,0.000324226090125005,Pro,base2 dire
1631133,102,94,dire,paS%2D%2D,1,856600,857,0.00032460485892188,Pro,base2 dire
1632266,100,92,dire,paS%2D%2D,1,857733,858,0.000324983627718755,Pro,base2 dire
1633533,97,90,dire,paS%2D%2D,1,859000,859,0.00032536239651563,Pro,base2 dire
1634333,95,89,dire,paS%2D%2D,1,859800,860,0.000325741165312505,Pro,base2 dire
1635266,94,87,dire,paS%2D%2D,1,860733,861,0.00032611993410938,Pro,midlane dire
1636200,92,85,dire,paS%2D%2D,1,861667,862,0.000326498702906255,Pro,midlane dire
1637400,90,83,dire,paS%2D%2D,1,862867,863,0.00032687747170313,Pro,midlane dire
1638533,88,81,dire,paS%2D%2D,1,864000,864,0.000327256240500005,Pro,midlane dire
1639133,86,80,dire,paS%2D%2D,1,864600,865,0.00032763500929688,Pro,midlane dire
1640533,83,78,dire,paS%2D%2D,1,866000,866,0.000328013778093755,Pro,midlane dire
1641333,81,77,dire,paS%2D%2D,1,866800,867,0.00032839254689063,Pro,midlane dire
1642200,79,76,dire,paS%2D%2D,1,867667,868,0.000328771315687505,Pro,midlane dire
1643200,77,74,dire,paS%2D%2D,1,868667,869,0.00032915008448438,Pro,midlane dire
1644266,75,72,dire,paS%2D%2D,1,869733,870,0.000329528853281255,Pro,midlane dire
1645466,75,70,dire,paS%2D%2D,1,870933,871,0.00032990762207813,Pro,midlane dire
1646266,76,68,dire,paS%2D%2D,1,871733,872,0.000330286390875005,Pro,midlane dire
1647400,77,65,dire,paS%2D%2D,1,872867,873,0.00033066515967188,Pro,midlane dire
1648533,77,62,dire,paS%2D%2D,1,874000,874,0.000331043928468755,Pro,jungle dire
1649333,77,60,dire,paS%2D%2D,1,874800,875,0.00033142269726563,Pro,jungle dire
1650133,77,58,dire,paS%2D%2D,1,875600,876,0.000331801466062505,Pro,jungle dire
1651333,76,56,dire,paS%2D%2D,1,876800,877,0.00033218023485938,Pro,jungle dire
1652133,75,56,dire,paS%2D%2D,1,877600,878,0.000332559003656255,Pro,jungle dire
1653200,77,57,dire,paS%2D%2D,1,878667,879,0.00033293777245313,Pro,jungle dire
1653733,77,58,dire,paS%2D%2D,1,879200,880,0.000333316541250005,Pro,jungle dire
1654733,77,59,dire,paS%2D%2D,1,880200,881,0.00033369531004688,Pro,jungle dire
1655866,77,60,dire,paS%2D%2D,1,881333,882,0.000334074078843755,Pro,jungle dire
1657133,77,62,dire,paS%2D%2D,1,882600,883,0.00033445284764063,Pro,jungle dire
1658333,76,64,dire,paS%2D%2D,1,883800,884,0.000334831616437505,Pro,midlane dire
1659466,73,64,dire,paS%2D%2D,1,884933,885,0.00033521038523438,Pro,midlane dire
1660200,71,63,dire,paS%2D%2D,1,885667,886,0.000335589154031255,Pro,midlane dire
1660800,72,63,dire,paS%2D%2D,1,886267,887,0.00033596792282813,Pro,midlane dire
1662133,72,63,dire,paS%2D%2D,1,887600,888,0.000336346691625005,Pro,midlane dire
1663133,73,62,dire,paS%2D%2D,1,888600,889,0.00033672546042188,Pro,jungle dire
1664466,72,60,dire,paS%2D%2D,1,889933,890,0.000337104229218755,Pro,jungle dire
1664666,71,60,dire,paS%2D%2D,1,890133,891,0.00033748299801563,Pro,jungle dire
1666400,70,63,dire,paS%2D%2D,1,891867,892,0.000337861766812505,Pro,midlane dire
1667533,72,65,dire,paS%2D%2D,1,893000,893,0.00033824053560938,Pro,midlane dire
1668333,74,65,dire,paS%2D%2D,1,893800,894,0.000338619304406255,Pro,midlane dire
1669200,74,65,dire,paS%2D%2D,1,894667,895,0.00033899807320313,Pro,midlane dire
1670333,71,65,dire,paS%2D%2D,1,895800,896,0.000339376842000005,Pro,midlane dire
1671266,73,65,dire,paS%2D%2D,1,896733,897,0.00033975561079688,Pro,midlane dire
1672400,76,64,dire,paS%2D%2D,1,897867,898,0.000340134379593755,Pro,midlane dire
1672800,77,64,dire,paS%2D%2D,1,898267,899,0.00034051314839063,Pro,midlane dire
1672800,77,64,dire,paS%2D%2D,1,898267,900,0.000340891917187505,Pro,midlane dire
1675266,75,64,dire,paS%2D%2D,1,900733,901,0.00034127068598438,Pro,midlane dire
1676400,74,62,dire,paS%2D%2D,1,901867,902,0.000341649454781255,Pro,jungle dire
1677466,76,60,dire,paS%2D%2D,1,902933,903,0.00034202822357813,Pro,jungle dire
1678466,77,58,dire,paS%2D%2D,1,903933,904,0.000342406992375005,Pro,jungle dire
1679400,77,56,dire,paS%2D%2D,1,904867,905,0.00034278576117188,Pro,jungle dire
1680400,79,54,dire,paS%2D%2D,1,905867,906,0.000343164529968755,Pro,jungle dire
1681400,81,52,dire,paS%2D%2D,1,906867,907,0.00034354329876563,Pro,jungle dire
1682333,82,50,dire,paS%2D%2D,1,907800,908,0.000343922067562505,Pro,jungle dire
1683266,84,48,dire,paS%2D%2D,1,908733,909,0.00034430083635938,Pro,jungle dire
1684466,86,46,dire,paS%2D%2D,1,909933,910,0.000344679605156255,Pro,jungle dire
1685400,86,43,dire,paS%2D%2D,1,910867,911,0.00034505837395313,Pro,river
1686333,87,43,dire,paS%2D%2D,1,911800,912,0.000345437142750005,Pro,river
1687533,88,46,dire,paS%2D%2D,1,913000,913,0.00034581591154688,Pro,jungle dire
1688333,89,48,dire,paS%2D%2D,1,913800,914,0.000346194680343755,Pro,jungle dire
1689200,91,49,dire,paS%2D%2D,1,914667,915,0.00034657344914063,Pro,jungle dire
1690400,94,50,dire,paS%2D%2D,1,915867,916,0.000346952217937505,Pro,jungle dire
1691466,96,52,dire,paS%2D%2D,1,916933,917,0.00034733098673438,Pro,jungle dire
1692466,98,54,dire,paS%2D%2D,1,917933,918,0.000347709755531255,Pro,jungle dire
1693533,100,56,dire,paS%2D%2D,1,919000,919,0.00034808852432813,Pro,jungle dire
1694333,101,58,dire,paS%2D%2D,1,919800,920,0.000348467293125005,Pro,jungle dire
1695333,101,60,dire,paS%2D%2D,1,920800,921,0.00034884606192188,Pro,jungle dire
1696533,99,62,dire,paS%2D%2D,1,922000,922,0.000349224830718755,Pro,jungle dire
1697266,97,63,dire,paS%2D%2D,1,922733,923,0.00034960359951563,Pro,jungle dire
1698533,96,66,dire,paS%2D%2D,1,924000,924,0.000349982368312505,Pro,jungle dire
1699400,94,67,dire,paS%2D%2D,1,924867,925,0.00035036113710938,Pro,jungle dire
1699933,93,68,dire,paS%2D%2D,1,925400,926,0.000350739905906255,Pro,jungle dire
1701533,91,70,dire,paS%2D%2D,1,927000,927,0.00035111867470313,Pro,jungle dire
1702533,88,71,dire,paS%2D%2D,1,928000,928,0.000351497443500005,Pro,jungle dire
1703266,86,71,dire,paS%2D%2D,1,928733,929,0.00035187621229688,Pro,midlane dire
1704400,83,71,dire,paS%2D%2D,1,929867,930,0.000352254981093755,Pro,midlane dire
1705400,81,72,dire,paS%2D%2D,1,930867,931,0.000352633749890631,Pro,midlane dire
1706533,78,73,dire,paS%2D%2D,1,932000,932,0.000353012518687506,Pro,midlane dire
1707400,77,74,dire,paS%2D%2D,1,932867,933,0.000353391287484381,Pro,midlane dire
1708266,75,75,dire,paS%2D%2D,1,933733,934,0.000353770056281256,Pro,midlane dire
1709466,72,76,dire,paS%2D%2D,1,934933,935,0.000354148825078131,Pro,midlane dire
1710266,70,77,dire,paS%2D%2D,1,935733,936,0.000354527593875006,Pro,midlane dire
1711466,67,78,dire,paS%2D%2D,1,936933,937,0.000354906362671881,Pro,jungle dire
1712200,65,78,dire,paS%2D%2D,1,937667,938,0.000355285131468756,Pro,jungle dire
1713533,62,77,dire,paS%2D%2D,1,939000,939,0.000355663900265631,Pro,jungle dire
1714333,61,75,dire,paS%2D%2D,1,939800,940,0.000356042669062506,Pro,jungle dire
1715533,61,72,dire,paS%2D%2D,1,941000,941,0.000356421437859381,Pro,jungle dire
1716333,61,70,dire,paS%2D%2D,1,941800,942,0.000356800206656256,Pro,jungle dire
1717400,61,67,dire,paS%2D%2D,1,942867,943,0.000357178975453131,Pro,void dire
1718533,61,64,dire,paS%2D%2D,1,944000,944,0.000357557744250006,Pro,midlane dire
1719333,60,62,dire,paS%2D%2D,1,944800,945,0.000357936513046881,Pro,midlane dire
1720266,59,60,dire,paS%2D%2D,1,945733,946,0.000358315281843756,Pro,midlane radiant
1720266,59,60,dire,paS%2D%2D,1,945733,947,0.000358694050640631,Pro,midlane radiant
1722466,57,58,dire,paS%2D%2D,1,947933,948,0.000359072819437506,Pro,midlane radiant
1723466,58,55,dire,paS%2D%2D,1,948933,949,0.000359451588234381,Pro,midlane radiant
1723866,57,54,dire,paS%2D%2D,1,949333,950,0.000359830357031256,Pro,midlane radiant
1724800,57,53,dire,paS%2D%2D,1,950267,951,0.000360209125828131,Pro,midlane radiant
1724800,57,53,dire,paS%2D%2D,1,950267,952,0.000360587894625006,Pro,midlane radiant
1726666,57,52,dire,paS%2D%2D,1,952133,953,0.000360966663421881,Pro,midlane radiant
1726666,57,52,dire,paS%2D%2D,1,952133,954,0.000361345432218756,Pro,midlane radiant
1726666,57,52,dire,paS%2D%2D,1,952133,955,0.000361724201015631,Pro,midlane radiant
1726666,57,52,dire,paS%2D%2D,1,952133,956,0.000362102969812506,Pro,midlane radiant
1726666,57,52,dire,paS%2D%2D,1,952133,957,0.000362481738609381,Pro,midlane radiant
1726666,57,52,dire,paS%2D%2D,1,952133,958,0.000362860507406256,Pro,midlane radiant
1726666,57,52,dire,paS%2D%2D,1,952133,959,0.000363239276203131,Pro,midlane radiant
1726666,57,52,dire,paS%2D%2D,1,952133,960,0.000363618045000006,Pro,midlane radiant
1726666,57,52,dire,paS%2D%2D,1,952133,961,0.000363996813796881,Pro,midlane radiant
1726666,57,52,dire,paS%2D%2D,1,952133,962,0.000364375582593756,Pro,midlane radiant
1737466,57,53,dire,paS%2D%2D,1,962933,963,0.000364754351390631,Pro,midlane radiant
1738400,58,55,dire,paS%2D%2D,1,963867,964,0.000365133120187506,Pro,midlane radiant
1739200,59,57,dire,paS%2D%2D,1,964667,965,0.000365511888984381,Pro,midlane radiant
1740266,58,59,dire,paS%2D%2D,1,965733,966,0.000365890657781256,Pro,midlane radiant
1741333,56,61,dire,paS%2D%2D,1,966800,967,0.000366269426578131,Pro,void radiant
1742533,55,64,dire,paS%2D%2D,1,968000,968,0.000366648195375006,Pro,river
1743333,54,66,dire,paS%2D%2D,1,968800,969,0.000367026964171881,Pro,river
1744533,53,69,dire,paS%2D%2D,1,970000,970,0.000367405732968756,Pro,river
1745466,55,69,dire,paS%2D%2D,1,970933,971,0.000367784501765631,Pro,void dire
1746200,57,69,dire,paS%2D%2D,1,971667,972,0.000368163270562506,Pro,jungle dire
1747333,60,69,dire,paS%2D%2D,1,972800,973,0.000368542039359381,Pro,jungle dire
1748400,62,67,dire,paS%2D%2D,1,973867,974,0.000368920808156256,Pro,midlane dire
1749533,64,65,dire,paS%2D%2D,1,975000,975,0.000369299576953131,Pro,midlane dire
1750533,67,65,dire,paS%2D%2D,1,976000,976,0.000369678345750006,Pro,midlane dire
1751533,69,63,dire,paS%2D%2D,1,977000,977,0.000370057114546881,Pro,midlane dire
1752400,70,61,dire,paS%2D%2D,1,977867,978,0.000370435883343756,Pro,jungle dire
1753533,73,61,dire,paS%2D%2D,1,979000,979,0.000370814652140631,Pro,jungle dire
1754333,72,63,dire,paS%2D%2D,1,979800,980,0.000371193420937506,Pro,midlane dire
1755266,73,65,dire,paS%2D%2D,1,980733,981,0.000371572189734381,Pro,midlane dire
1756533,75,68,dire,paS%2D%2D,1,982000,982,0.000371950958531256,Pro,midlane dire
1756533,75,68,dire,paS%2D%2D,1,982000,983,0.000372329727328131,Pro,midlane dire
1758333,74,71,dire,paS%2D%2D,1,983800,984,0.000372708496125006,Pro,midlane dire
1759466,74,74,dire,paS%2D%2D,1,984933,985,0.000373087264921881,Pro,midlane dire
1760533,72,76,dire,paS%2D%2D,1,986000,986,0.000373466033718756,Pro,midlane dire
1761400,70,77,dire,paS%2D%2D,1,986867,987,0.000373844802515631,Pro,midlane dire
1762533,67,78,dire,paS%2D%2D,1,988000,988,0.000374223571312506,Pro,jungle dire
1763400,67,78,dire,paS%2D%2D,1,988867,989,0.000374602340109381,Pro,jungle dire
1764466,67,78,dire,paS%2D%2D,1,989933,990,0.000374981108906256,Pro,jungle dire
1765266,65,79,dire,paS%2D%2D,1,990733,991,0.000375359877703131,Pro,jungle dire
1766400,65,82,dire,paS%2D%2D,1,991867,992,0.000375738646500006,Pro,jungle dire
1767533,64,85,dire,paS%2D%2D,1,993000,993,0.000376117415296881,Pro,void dire
1768266,65,87,dire,paS%2D%2D,1,993733,994,0.000376496184093756,Pro,jungle dire
1769333,67,89,dire,paS%2D%2D,1,994800,995,0.000376874952890631,Pro,jungle dire
1770266,66,90,dire,paS%2D%2D,1,995733,996,0.000377253721687506,Pro,jungle dire
1771400,64,92,dire,paS%2D%2D,1,996867,997,0.000377632490484381,Pro,jungle dire
1772200,62,93,dire,paS%2D%2D,1,997667,998,0.000378011259281256,Pro,jungle dire
1773400,59,94,dire,paS%2D%2D,1,998867,999,0.000378390028078131,Pro,jungle dire
1774533,56,94,dire,paS%2D%2D,1,1e+06,1000,0.000378768796875006,Pro,jungle dire
1775333,54,95,dire,paS%2D%2D,1,1000800,1001,0.000379147565671881,Pro,jungle dire
1776466,51,96,dire,paS%2D%2D,1,1001933,1002,0.000379526334468756,Pro,jungle dire
1777266,49,97,dire,paS%2D%2D,1,1002733,1003,0.000379905103265631,Pro,jungle dire
1778400,46,97,dire,paS%2D%2D,1,1003867,1004,0.000380283872062506,Pro,jungle dire
1779533,43,98,dire,paS%2D%2D,1,1005000,1005,0.000380662640859381,Pro,jungle dire
1780266,41,98,dire,paS%2D%2D,1,1005733,1006,0.000381041409656256,Pro,jungle dire
1781400,38,98,dire,paS%2D%2D,1,1006867,1007,0.000381420178453131,Pro,jungle dire
1782200,36,97,dire,paS%2D%2D,1,1007667,1008,0.000381798947250006,Pro,jungle dire
1783400,33,96,dire,paS%2D%2D,1,1008867,1009,0.000382177716046881,Pro,jungle dire
1784533,30,95,dire,paS%2D%2D,1,1010000,1010,0.000382556484843756,Pro,jungle dire
1785400,28,94,dire,paS%2D%2D,1,1010867,1011,0.000382935253640631,Pro,jungle dire
1786466,26,92,dire,paS%2D%2D,1,1011933,1012,0.000383314022437506,Pro,jungle dire
1787266,24,91,dire,paS%2D%2D,1,1012733,1013,0.000383692791234381,Pro,jungle dire
1788266,22,89,dire,paS%2D%2D,1,1013733,1014,0.000384071560031256,Pro,jungle dire
1789133,20,88,dire,paS%2D%2D,1,1014600,1015,0.000384450328828131,Pro,jungle dire
1789866,19,87,dire,paS%2D%2D,1,1015333,1016,0.000384829097625006,Pro,void dire
1789866,19,87,dire,paS%2D%2D,1,1015333,1017,0.000385207866421881,Pro,void dire
1792133,18,87,dire,paS%2D%2D,1,1017600,1018,0.000385586635218756,Pro,toplane dire
1792133,18,87,dire,paS%2D%2D,1,1017600,1019,0.000385965404015631,Pro,toplane dire
1792133,18,87,dire,paS%2D%2D,1,1017600,1020,0.000386344172812506,Pro,toplane dire
1795533,16,86,dire,paS%2D%2D,1,1021000,1021,0.000386722941609381,Pro,toplane dire
1796533,13,85,dire,paS%2D%2D,1,1022000,1022,0.000387101710406256,Pro,toplane dire
1797466,12,84,dire,paS%2D%2D,1,1022933,1023,0.000387480479203131,Pro,toplane dire
1797733,12,85,dire,paS%2D%2D,1,1023200,1024,0.000387859248000006,Pro,toplane dire
1797733,12,85,dire,paS%2D%2D,1,1023200,1025,0.000388238016796881,Pro,toplane dire
1800133,12,85,dire,paS%2D%2D,1,1025600,1026,0.000388616785593756,Pro,toplane dire
1800133,12,85,dire,paS%2D%2D,1,1025600,1027,0.000388995554390631,Pro,toplane dire
1800133,12,85,dire,paS%2D%2D,1,1025600,1028,0.000389374323187506,Pro,toplane dire
1800133,12,85,dire,paS%2D%2D,1,1025600,1029,0.000389753091984381,Pro,toplane dire
1800133,12,85,dire,paS%2D%2D,1,1025600,1030,0.000390131860781256,Pro,toplane dire
1800133,12,85,dire,paS%2D%2D,1,1025600,1031,0.000390510629578131,Pro,toplane dire
1800133,12,85,dire,paS%2D%2D,1,1025600,1032,0.000390889398375006,Pro,toplane dire
1800133,12,85,dire,paS%2D%2D,1,1025600,1033,0.000391268167171881,Pro,toplane dire
1800133,12,85,dire,paS%2D%2D,1,1025600,1034,0.000391646935968756,Pro,toplane dire
1800133,12,85,dire,paS%2D%2D,1,1025600,1035,0.000392025704765631,Pro,toplane dire
1800133,12,85,dire,paS%2D%2D,1,1025600,1036,0.000392404473562506,Pro,toplane dire
1800133,12,85,dire,paS%2D%2D,1,1025600,1037,0.000392783242359381,Pro,toplane dire
1800133,12,85,dire,paS%2D%2D,1,1025600,1038,0.000393162011156256,Pro,toplane dire
1800133,12,85,dire,paS%2D%2D,1,1025600,1039,0.000393540779953131,Pro,toplane dire
1800133,12,85,dire,paS%2D%2D,1,1025600,1040,0.000393919548750006,Pro,toplane dire
1800133,12,85,dire,paS%2D%2D,1,1025600,1041,0.000394298317546881,Pro,toplane dire
1800133,12,85,dire,paS%2D%2D,1,1025600,1042,0.000394677086343756,Pro,toplane dire
1800133,12,85,dire,paS%2D%2D,1,1025600,1043,0.000395055855140631,Pro,toplane dire
1800133,12,85,dire,paS%2D%2D,1,1025600,1044,0.000395434623937506,Pro,toplane dire
1819466,13,82,dire,paS%2D%2D,1,1044933,1045,0.000395813392734381,Pro,toplane dire
1820266,14,80,dire,paS%2D%2D,1,1045733,1046,0.000396192161531256,Pro,toplane dire
1820266,14,80,dire,paS%2D%2D,1,1045733,1047,0.000396570930328131,Pro,toplane dire
1820266,14,80,dire,paS%2D%2D,1,1045733,1048,0.000396949699125006,Pro,toplane dire
1822733,15,80,dire,paS%2D%2D,1,1048200,1049,0.000397328467921881,Pro,toplane dire
1822733,15,80,dire,paS%2D%2D,1,1048200,1050,0.000397707236718756,Pro,toplane dire
1822733,15,80,dire,paS%2D%2D,1,1048200,1051,0.000398086005515631,Pro,toplane dire
1826400,13,81,dire,paS%2D%2D,1,1051867,1052,0.000398464774312506,Pro,toplane dire
1827200,14,83,dire,paS%2D%2D,1,1052667,1053,0.000398843543109381,Pro,toplane dire
1828533,16,86,dire,paS%2D%2D,1,1054000,1054,0.000399222311906256,Pro,toplane dire
1829333,18,87,dire,paS%2D%2D,1,1054800,1055,0.000399601080703131,Pro,toplane dire
1830533,21,88,dire,paS%2D%2D,1,1056000,1056,0.000399979849500006,Pro,jungle dire
1831533,23,90,dire,paS%2D%2D,1,1057000,1057,0.000400358618296881,Pro,jungle dire
1832400,25,91,dire,paS%2D%2D,1,1057867,1058,0.000400737387093756,Pro,jungle dire
1833200,27,92,dire,paS%2D%2D,1,1058667,1059,0.000401116155890631,Pro,jungle dire
1834533,30,94,dire,paS%2D%2D,1,1060000,1060,0.000401494924687506,Pro,jungle dire
1835333,31,93,dire,paS%2D%2D,1,1060800,1061,0.000401873693484381,Pro,jungle dire
1836466,33,95,dire,paS%2D%2D,1,1061933,1062,0.000402252462281256,Pro,jungle dire
1837333,34,97,dire,paS%2D%2D,1,1062800,1063,0.000402631231078131,Pro,jungle dire
1837600,35,97,dire,paS%2D%2D,1,1063067,1064,0.000403009999875006,Pro,jungle dire
1837600,35,97,dire,paS%2D%2D,1,1063067,1065,0.000403388768671881,Pro,jungle dire
1840266,37,99,dire,paS%2D%2D,1,1065733,1066,0.000403767537468756,Pro,jungle dire
1841200,39,99,dire,paS%2D%2D,1,1066667,1067,0.000404146306265631,Pro,jungle dire
1842333,42,99,dire,paS%2D%2D,1,1067800,1068,0.000404525075062506,Pro,jungle dire
1843466,45,99,dire,paS%2D%2D,1,1068933,1069,0.000404903843859381,Pro,jungle dire
1844533,47,99,dire,paS%2D%2D,1,1070000,1070,0.000405282612656256,Pro,jungle dire
1845266,49,99,dire,paS%2D%2D,1,1070733,1071,0.000405661381453131,Pro,jungle dire
1846400,52,99,dire,paS%2D%2D,1,1071867,1072,0.000406040150250006,Pro,jungle dire
1847533,55,99,dire,paS%2D%2D,1,1073000,1073,0.000406418919046881,Pro,jungle dire
1848333,57,100,dire,paS%2D%2D,1,1073800,1074,0.000406797687843756,Pro,jungle dire
1849133,59,101,dire,paS%2D%2D,1,1074600,1075,0.000407176456640631,Pro,jungle dire
1850466,62,103,dire,paS%2D%2D,1,1075933,1076,0.000407555225437506,Pro,toplane dire
1851200,64,103,dire,paS%2D%2D,1,1076667,1077,0.000407933994234381,Pro,toplane dire
1851600,65,103,dire,paS%2D%2D,1,1077067,1078,0.000408312763031256,Pro,toplane dire
1853466,67,103,dire,paS%2D%2D,1,1078933,1079,0.000408691531828131,Pro,toplane dire
1854200,69,103,dire,paS%2D%2D,1,1079667,1080,0.000409070300625006,Pro,toplane dire
1855333,70,102,dire,paS%2D%2D,1,1080800,1081,0.000409449069421881,Pro,toplane dire
1856133,69,101,dire,paS%2D%2D,1,1081600,1082,0.000409827838218756,Pro,toplane dire
1856866,68,100,dire,paS%2D%2D,1,1082333,1083,0.000410206607015631,Pro,toplane dire
1858266,68,99,dire,paS%2D%2D,1,1083733,1084,0.000410585375812506,Pro,jungle dire
1859466,68,96,dire,paS%2D%2D,1,1084933,1085,0.000410964144609381,Pro,jungle dire
1860533,70,94,dire,paS%2D%2D,1,1086000,1086,0.000411342913406256,Pro,jungle dire
1861533,71,94,dire,paS%2D%2D,1,1087000,1087,0.000411721682203131,Pro,jungle dire
1862333,73,93,dire,paS%2D%2D,1,1087800,1088,0.000412100451000006,Pro,jungle dire
1863533,76,92,dire,paS%2D%2D,1,1089000,1089,0.000412479219796881,Pro,jungle dire
1864400,78,91,dire,paS%2D%2D,1,1089867,1090,0.000412857988593756,Pro,jungle dire
1865400,80,89,dire,paS%2D%2D,1,1090867,1091,0.000413236757390631,Pro,jungle dire
1866400,80,86,dire,paS%2D%2D,1,1091867,1092,0.000413615526187506,Pro,midlane dire
1867200,79,84,dire,paS%2D%2D,1,1092667,1093,0.000413994294984381,Pro,midlane dire
1868466,78,81,dire,paS%2D%2D,1,1093933,1094,0.000414373063781256,Pro,midlane dire
1869266,77,79,dire,paS%2D%2D,1,1094733,1095,0.000414751832578131,Pro,midlane dire
1870533,78,76,dire,paS%2D%2D,1,1096000,1096,0.000415130601375006,Pro,midlane dire
1871200,80,75,dire,paS%2D%2D,1,1096667,1097,0.000415509370171881,Pro,midlane dire
1872333,80,74,dire,paS%2D%2D,1,1097800,1098,0.000415888138968756,Pro,midlane dire
1873533,81,71,dire,paS%2D%2D,1,1099000,1099,0.000416266907765631,Pro,midlane dire
1874266,79,71,dire,paS%2D%2D,1,1099733,1100,0.000416645676562507,Pro,midlane dire
1875400,76,71,dire,paS%2D%2D,1,1100867,1101,0.000417024445359382,Pro,midlane dire
1876133,74,71,dire,paS%2D%2D,1,1101600,1102,0.000417403214156257,Pro,midlane dire
1877066,74,70,dire,paS%2D%2D,1,1102533,1103,0.000417781982953132,Pro,midlane dire
1878333,76,69,dire,paS%2D%2D,1,1103800,1104,0.000418160751750007,Pro,midlane dire
1879333,78,67,dire,paS%2D%2D,1,1104800,1105,0.000418539520546882,Pro,midlane dire
1880533,79,64,dire,paS%2D%2D,1,1106000,1106,0.000418918289343757,Pro,void dire
1881266,79,62,dire,paS%2D%2D,1,1106733,1107,0.000419297058140632,Pro,jungle dire
1882400,78,60,dire,paS%2D%2D,1,1107867,1108,0.000419675826937507,Pro,jungle dire
1883200,76,60,dire,paS%2D%2D,1,1108667,1109,0.000420054595734382,Pro,jungle dire
1883200,76,60,dire,paS%2D%2D,1,1108667,1110,0.000420433364531257,Pro,jungle dire
1883200,76,60,dire,paS%2D%2D,1,1108667,1111,0.000420812133328132,Pro,jungle dire
1883200,76,60,dire,paS%2D%2D,1,1108667,1112,0.000421190902125007,Pro,jungle dire
1883200,76,60,dire,paS%2D%2D,1,1108667,1113,0.000421569670921882,Pro,jungle dire
1883200,76,60,dire,paS%2D%2D,1,1108667,1114,0.000421948439718757,Pro,jungle dire
1883200,76,60,dire,paS%2D%2D,1,1108667,1115,0.000422327208515632,Pro,jungle dire
1883200,76,60,dire,paS%2D%2D,1,1108667,1116,0.000422705977312507,Pro,jungle dire
1883200,76,60,dire,paS%2D%2D,1,1108667,1117,0.000423084746109382,Pro,jungle dire
1883200,76,60,dire,paS%2D%2D,1,1108667,1118,0.000423463514906257,Pro,jungle dire
1883200,76,60,dire,paS%2D%2D,1,1108667,1119,0.000423842283703132,Pro,jungle dire
1883200,76,60,dire,paS%2D%2D,1,1108667,1120,0.000424221052500007,Pro,jungle dire
1895533,74,62,dire,paS%2D%2D,1,1121000,1121,0.000424599821296882,Pro,jungle dire
1896266,72,63,dire,paS%2D%2D,1,1121733,1122,0.000424978590093757,Pro,midlane dire
1897133,70,64,dire,paS%2D%2D,1,1122600,1123,0.000425357358890632,Pro,midlane dire
1898400,67,64,dire,paS%2D%2D,1,1123867,1124,0.000425736127687507,Pro,midlane dire
1899533,64,64,dire,paS%2D%2D,1,1125000,1125,0.000426114896484382,Pro,midlane dire
1899866,64,63,dire,paS%2D%2D,1,1125333,1126,0.000426493665281257,Pro,midlane dire
1901400,67,63,dire,paS%2D%2D,1,1126867,1127,0.000426872434078132,Pro,midlane dire
1902133,69,62,dire,paS%2D%2D,1,1127600,1128,0.000427251202875007,Pro,midlane dire
1903266,71,60,dire,paS%2D%2D,1,1128733,1129,0.000427629971671882,Pro,jungle dire
1904133,73,60,dire,paS%2D%2D,1,1129600,1130,0.000428008740468757,Pro,jungle dire
1905533,73,60,dire,paS%2D%2D,1,1131000,1131,0.000428387509265632,Pro,jungle dire
1906466,70,61,dire,paS%2D%2D,1,1131933,1132,0.000428766278062507,Pro,jungle dire
1907533,68,63,dire,paS%2D%2D,1,1133000,1133,0.000429145046859382,Pro,midlane dire
1908466,70,62,dire,paS%2D%2D,1,1133933,1134,0.000429523815656257,Pro,midlane dire
1909533,71,63,dire,paS%2D%2D,1,1135000,1135,0.000429902584453132,Pro,midlane dire
1910466,73,63,dire,paS%2D%2D,1,1135933,1136,0.000430281353250007,Pro,midlane dire
1911466,75,61,dire,paS%2D%2D,1,1136933,1137,0.000430660122046882,Pro,jungle dire
1912200,76,60,dire,paS%2D%2D,1,1137667,1138,0.000431038890843757,Pro,jungle dire
1913533,79,61,dire,paS%2D%2D,1,1139000,1139,0.000431417659640632,Pro,jungle dire
1914000,80,62,dire,paS%2D%2D,1,1139467,1140,0.000431796428437507,Pro,jungle dire
1915133,78,61,dire,paS%2D%2D,1,1140600,1141,0.000432175197234382,Pro,jungle dire
1916533,77,58,dire,paS%2D%2D,1,1142000,1142,0.000432553966031257,Pro,jungle dire
1916733,76,58,dire,paS%2D%2D,1,1142200,1143,0.000432932734828132,Pro,void dire
1918266,77,59,dire,paS%2D%2D,1,1143733,1144,0.000433311503625007,Pro,jungle dire
1918266,77,59,dire,paS%2D%2D,1,1143733,1145,0.000433690272421882,Pro,jungle dire
1920133,77,59,dire,paS%2D%2D,1,1145600,1146,0.000434069041218757,Pro,jungle dire
1920133,77,59,dire,paS%2D%2D,1,1145600,1147,0.000434447810015632,Pro,jungle dire
1922400,76,60,dire,paS%2D%2D,1,1147867,1148,0.000434826578812507,Pro,jungle dire
1923333,77,59,dire,paS%2D%2D,1,1148800,1149,0.000435205347609382,Pro,jungle dire
1923333,77,59,dire,paS%2D%2D,1,1148800,1150,0.000435584116406257,Pro,jungle dire
1923333,77,59,dire,paS%2D%2D,1,1148800,1151,0.000435962885203132,Pro,jungle dire
1926266,77,60,dire,paS%2D%2D,1,1151733,1152,0.000436341654000007,Pro,jungle dire
1927533,76,60,dire,paS%2D%2D,1,1153000,1153,0.000436720422796882,Pro,jungle dire
1927533,76,60,dire,paS%2D%2D,1,1153000,1154,0.000437099191593757,Pro,jungle dire
1929466,77,60,dire,paS%2D%2D,1,1154933,1155,0.000437477960390632,Pro,jungle dire
1929466,77,60,dire,paS%2D%2D,1,1154933,1156,0.000437856729187507,Pro,jungle dire
1930600,77,59,dire,paS%2D%2D,1,1156067,1157,0.000438235497984382,Pro,jungle dire
1930600,77,59,dire,paS%2D%2D,1,1156067,1158,0.000438614266781257,Pro,jungle dire
1930600,77,59,dire,paS%2D%2D,1,1156067,1159,0.000438993035578132,Pro,jungle dire
1930600,77,59,dire,paS%2D%2D,1,1156067,1160,0.000439371804375007,Pro,jungle dire
1930600,77,59,dire,paS%2D%2D,1,1156067,1161,0.000439750573171882,Pro,jungle dire
1930600,77,59,dire,paS%2D%2D,1,1156067,1162,0.000440129341968757,Pro,jungle dire
1930600,77,59,dire,paS%2D%2D,1,1156067,1163,0.000440508110765632,Pro,jungle dire
1930600,77,59,dire,paS%2D%2D,1,1156067,1164,0.000440886879562507,Pro,jungle dire
1930600,77,59,dire,paS%2D%2D,1,1156067,1165,0.000441265648359382,Pro,jungle dire
1930600,77,59,dire,paS%2D%2D,1,1156067,1166,0.000441644417156257,Pro,jungle dire
1930600,77,59,dire,paS%2D%2D,1,1156067,1167,0.000442023185953132,Pro,jungle dire
1930600,77,59,dire,paS%2D%2D,1,1156067,1168,0.000442401954750007,Pro,jungle dire
1930600,77,59,dire,paS%2D%2D,1,1156067,1169,0.000442780723546882,Pro,jungle dire
1930600,77,59,dire,paS%2D%2D,1,1156067,1170,0.000443159492343757,Pro,jungle dire
1930600,77,59,dire,paS%2D%2D,1,1156067,1171,0.000443538261140632,Pro,jungle dire
1930600,77,59,dire,paS%2D%2D,1,1156067,1172,0.000443917029937507,Pro,jungle dire
1930600,77,59,dire,paS%2D%2D,1,1156067,1173,0.000444295798734382,Pro,jungle dire
1930600,77,59,dire,paS%2D%2D,1,1156067,1174,0.000444674567531257,Pro,jungle dire
1930600,77,59,dire,paS%2D%2D,1,1156067,1175,0.000445053336328132,Pro,jungle dire
1930600,77,59,dire,paS%2D%2D,1,1156067,1176,0.000445432105125007,Pro,jungle dire
1951266,76,60,dire,paS%2D%2D,1,1176733,1177,0.000445810873921882,Pro,jungle dire
1952533,76,61,dire,paS%2D%2D,1,1178000,1178,0.000446189642718757,Pro,jungle dire
1953533,74,61,dire,paS%2D%2D,1,1179000,1179,0.000446568411515632,Pro,jungle dire
1954466,73,63,dire,paS%2D%2D,1,1179933,1180,0.000446947180312507,Pro,midlane dire
1955533,70,64,dire,paS%2D%2D,1,1181000,1181,0.000447325949109382,Pro,midlane dire
1956400,68,65,dire,paS%2D%2D,1,1181867,1182,0.000447704717906257,Pro,midlane dire
1957466,66,66,dire,paS%2D%2D,1,1182933,1183,0.000448083486703132,Pro,midlane dire
1958466,64,68,dire,paS%2D%2D,1,1183933,1184,0.000448462255500007,Pro,midlane dire
1959466,63,71,dire,paS%2D%2D,1,1184933,1185,0.000448841024296882,Pro,midlane dire
1960333,62,73,dire,paS%2D%2D,1,1185800,1186,0.000449219793093757,Pro,jungle dire
1961133,61,75,dire,paS%2D%2D,1,1186600,1187,0.000449598561890632,Pro,jungle dire
1961133,61,75,dire,paS%2D%2D,1,1186600,1188,0.000449977330687507,Pro,jungle dire
1961133,61,75,dire,paS%2D%2D,1,1186600,1189,0.000450356099484382,Pro,jungle dire
1964466,22,109,dire,paS%2D%2D,1,1189933,1190,0.000450734868281257,Pro,toplane dire
1965066,21,107,dire,paS%2D%2D,1,1190533,1191,0.000451113637078132,Pro,toplane dire
1966200,20,105,dire,paS%2D%2D,1,1191667,1192,0.000451492405875007,Pro,toplane dire
1966200,20,105,dire,paS%2D%2D,1,1191667,1193,0.000451871174671882,Pro,toplane dire
1968000,20,104,dire,paS%2D%2D,1,1193467,1194,0.000452249943468757,Pro,toplane dire
1968000,20,104,dire,paS%2D%2D,1,1193467,1195,0.000452628712265632,Pro,toplane dire
1970466,20,103,dire,paS%2D%2D,1,1195933,1196,0.000453007481062507,Pro,toplane dire
1971266,19,102,dire,paS%2D%2D,1,1196733,1197,0.000453386249859382,Pro,toplane dire
1971266,19,102,dire,paS%2D%2D,1,1196733,1198,0.000453765018656257,Pro,toplane dire
1973400,20,103,dire,paS%2D%2D,1,1198867,1199,0.000454143787453132,Pro,toplane dire
1974266,22,103,dire,paS%2D%2D,1,1199733,1200,0.000454522556250007,Pro,toplane dire
1974266,22,103,dire,paS%2D%2D,1,1199733,1201,0.000454901325046882,Pro,toplane dire
1976333,23,103,dire,paS%2D%2D,1,1201800,1202,0.000455280093843757,Pro,toplane dire
1977466,22,102,dire,paS%2D%2D,1,1202933,1203,0.000455658862640632,Pro,toplane dire
1978266,24,102,dire,paS%2D%2D,1,1203733,1204,0.000456037631437507,Pro,toplane dire
1979466,27,103,dire,paS%2D%2D,1,1204933,1205,0.000456416400234382,Pro,toplane dire
1980266,29,104,dire,paS%2D%2D,1,1205733,1206,0.000456795169031257,Pro,toplane dire
1981400,32,104,dire,paS%2D%2D,1,1206867,1207,0.000457173937828132,Pro,toplane dire
1981400,32,104,dire,paS%2D%2D,1,1206867,1208,0.000457552706625007,Pro,toplane dire
1981400,32,104,dire,paS%2D%2D,1,1206867,1209,0.000457931475421882,Pro,toplane dire
1981400,32,104,dire,paS%2D%2D,1,1206867,1210,0.000458310244218757,Pro,toplane dire
1981400,32,104,dire,paS%2D%2D,1,1206867,1211,0.000458689013015632,Pro,toplane dire
1981400,32,104,dire,paS%2D%2D,1,1206867,1212,0.000459067781812507,Pro,toplane dire
1981400,32,104,dire,paS%2D%2D,1,1206867,1213,0.000459446550609382,Pro,toplane dire
1981400,32,104,dire,paS%2D%2D,1,1206867,1214,0.000459825319406257,Pro,toplane dire
1981400,32,104,dire,paS%2D%2D,1,1206867,1215,0.000460204088203132,Pro,toplane dire
1981400,32,104,dire,paS%2D%2D,1,1206867,1216,0.000460582857000007,Pro,toplane dire
1981400,32,104,dire,paS%2D%2D,1,1206867,1217,0.000460961625796882,Pro,toplane dire
1981400,32,104,dire,paS%2D%2D,1,1206867,1218,0.000461340394593757,Pro,toplane dire
1981400,32,104,dire,paS%2D%2D,1,1206867,1219,0.000461719163390632,Pro,toplane dire
1981400,32,104,dire,paS%2D%2D,1,1206867,1220,0.000462097932187507,Pro,toplane dire
1981400,32,104,dire,paS%2D%2D,1,1206867,1221,0.000462476700984382,Pro,toplane dire
1981400,32,104,dire,paS%2D%2D,1,1206867,1222,0.000462855469781257,Pro,toplane dire
1981400,32,104,dire,paS%2D%2D,1,1206867,1223,0.000463234238578132,Pro,toplane dire
1981400,32,104,dire,paS%2D%2D,1,1206867,1224,0.000463613007375007,Pro,toplane dire
1981400,32,104,dire,paS%2D%2D,1,1206867,1225,0.000463991776171882,Pro,toplane dire
1981400,32,104,dire,paS%2D%2D,1,1206867,1226,0.000464370544968757,Pro,toplane dire
1981400,32,104,dire,paS%2D%2D,1,1206867,1227,0.000464749313765632,Pro,toplane dire
1981400,32,104,dire,paS%2D%2D,1,1206867,1228,0.000465128082562507,Pro,toplane dire
1981400,32,104,dire,paS%2D%2D,1,1206867,1229,0.000465506851359382,Pro,toplane dire
1981400,32,104,dire,paS%2D%2D,1,1206867,1230,0.000465885620156257,Pro,toplane dire
1981400,32,104,dire,paS%2D%2D,1,1206867,1231,0.000466264388953132,Pro,toplane dire
1981400,32,104,dire,paS%2D%2D,1,1206867,1232,0.000466643157750007,Pro,toplane dire
1981400,32,104,dire,paS%2D%2D,1,1206867,1233,0.000467021926546882,Pro,toplane dire
1981400,32,104,dire,paS%2D%2D,1,1206867,1234,0.000467400695343757,Pro,toplane dire
1981400,32,104,dire,paS%2D%2D,1,1206867,1235,0.000467779464140632,Pro,toplane dire
1981400,32,104,dire,paS%2D%2D,1,1206867,1236,0.000468158232937507,Pro,toplane dire
1981400,32,104,dire,paS%2D%2D,1,1206867,1237,0.000468537001734382,Pro,toplane dire
1981400,32,104,dire,paS%2D%2D,1,1206867,1238,0.000468915770531257,Pro,toplane dire
1981400,32,104,dire,paS%2D%2D,1,1206867,1239,0.000469294539328132,Pro,toplane dire
1981400,32,104,dire,paS%2D%2D,1,1206867,1240,0.000469673308125007,Pro,toplane dire
1981400,32,104,dire,paS%2D%2D,1,1206867,1241,0.000470052076921882,Pro,toplane dire
1981400,32,104,dire,paS%2D%2D,1,1206867,1242,0.000470430845718757,Pro,toplane dire
1981400,32,104,dire,paS%2D%2D,1,1206867,1243,0.000470809614515632,Pro,toplane dire
1981400,32,104,dire,paS%2D%2D,1,1206867,1244,0.000471188383312507,Pro,toplane dire
1981400,32,104,dire,paS%2D%2D,1,1206867,1245,0.000471567152109382,Pro,toplane dire
1981400,32,104,dire,paS%2D%2D,1,1206867,1246,0.000471945920906257,Pro,toplane dire
2021266,115,107,dire,paS%2D%2D,1,1246733,1247,0.000472324689703132,Pro,base2 dire
2022333,112,107,dire,paS%2D%2D,1,1247800,1248,0.000472703458500007,Pro,base2 dire
2023466,109,107,dire,paS%2D%2D,1,1248933,1249,0.000473082227296882,Pro,base2 dire
2024200,107,107,dire,paS%2D%2D,1,1249667,1250,0.000473460996093757,Pro,base2 dire
2025333,104,107,dire,paS%2D%2D,1,1250800,1251,0.000473839764890632,Pro,base2 dire
2026533,106,106,dire,paS%2D%2D,1,1252000,1252,0.000474218533687507,Pro,base2 dire
2027333,104,105,dire,paS%2D%2D,1,1252800,1253,0.000474597302484382,Pro,base2 dire
2028533,103,102,dire,paS%2D%2D,1,1254000,1254,0.000474976071281257,Pro,base2 dire
2029266,102,100,dire,paS%2D%2D,1,1254733,1255,0.000475354840078132,Pro,base2 dire
2029733,102,99,dire,paS%2D%2D,1,1255200,1256,0.000475733608875007,Pro,base2 dire
2031400,100,97,dire,paS%2D%2D,1,1256867,1257,0.000476112377671882,Pro,base2 dire
2032400,98,95,dire,paS%2D%2D,1,1257867,1258,0.000476491146468757,Pro,base2 dire
2033466,96,93,dire,paS%2D%2D,1,1258933,1259,0.000476869915265632,Pro,base2 dire
2034400,95,91,dire,paS%2D%2D,1,1259867,1260,0.000477248684062507,Pro,base2 dire
2035266,93,89,dire,paS%2D%2D,1,1260733,1261,0.000477627452859382,Pro,midlane dire
2036466,91,87,dire,paS%2D%2D,1,1261933,1262,0.000478006221656257,Pro,midlane dire
2037266,89,86,dire,paS%2D%2D,1,1262733,1263,0.000478384990453132,Pro,midlane dire
2038066,87,85,dire,paS%2D%2D,1,1263533,1264,0.000478763759250007,Pro,midlane dire
2038066,87,85,dire,paS%2D%2D,1,1263533,1265,0.000479142528046882,Pro,midlane dire
2040400,84,84,dire,paS%2D%2D,1,1265867,1266,0.000479521296843757,Pro,midlane dire
2041533,81,83,dire,paS%2D%2D,1,1267000,1267,0.000479900065640632,Pro,midlane dire
2042333,79,83,dire,paS%2D%2D,1,1267800,1268,0.000480278834437507,Pro,midlane dire
2043400,77,81,dire,paS%2D%2D,1,1268867,1269,0.000480657603234383,Pro,midlane dire
2044266,76,79,dire,paS%2D%2D,1,1269733,1270,0.000481036372031258,Pro,midlane dire
2045400,75,76,dire,paS%2D%2D,1,1270867,1271,0.000481415140828133,Pro,midlane dire
2046200,75,74,dire,paS%2D%2D,1,1271667,1272,0.000481793909625008,Pro,midlane dire
2047333,74,71,dire,paS%2D%2D,1,1272800,1273,0.000482172678421883,Pro,midlane dire
2048466,73,68,dire,paS%2D%2D,1,1273933,1274,0.000482551447218758,Pro,midlane dire
2049466,72,66,dire,paS%2D%2D,1,1274933,1275,0.000482930216015633,Pro,midlane dire
2050200,70,65,dire,paS%2D%2D,1,1275667,1276,0.000483308984812508,Pro,midlane dire
2051466,67,63,dire,paS%2D%2D,1,1276933,1277,0.000483687753609383,Pro,midlane dire
2052133,66,62,dire,paS%2D%2D,1,1277600,1278,0.000484066522406258,Pro,midlane dire
2053533,63,60,dire,paS%2D%2D,1,1279000,1279,0.000484445291203133,Pro,midlane dire
2054466,61,58,dire,paS%2D%2D,1,1279933,1280,0.000484824060000008,Pro,midlane radiant
2055333,59,57,dire,paS%2D%2D,1,1280800,1281,0.000485202828796883,Pro,midlane radiant
2056466,56,56,dire,paS%2D%2D,1,1281933,1282,0.000485581597593758,Pro,midlane radiant
2056866,55,56,dire,paS%2D%2D,1,1282333,1283,0.000485960366390633,Pro,midlane radiant
2058133,57,55,dire,paS%2D%2D,1,1283600,1284,0.000486339135187508,Pro,midlane radiant
2058133,57,55,dire,paS%2D%2D,1,1283600,1285,0.000486717903984383,Pro,midlane radiant
2060266,57,54,dire,paS%2D%2D,1,1285733,1286,0.000487096672781258,Pro,midlane radiant
2060666,57,53,dire,paS%2D%2D,1,1286133,1287,0.000487475441578133,Pro,midlane radiant
2061666,57,54,dire,paS%2D%2D,1,1287133,1288,0.000487854210375008,Pro,midlane radiant
2063000,57,53,dire,paS%2D%2D,1,1288467,1289,0.000488232979171883,Pro,midlane radiant
2064466,57,55,dire,paS%2D%2D,1,1289933,1290,0.000488611747968758,Pro,midlane radiant
2065533,56,55,dire,paS%2D%2D,1,1291000,1291,0.000488990516765633,Pro,midlane radiant
2066333,56,56,dire,paS%2D%2D,1,1291800,1292,0.000489369285562508,Pro,midlane radiant
2067266,58,55,dire,paS%2D%2D,1,1292733,1293,0.000489748054359383,Pro,midlane radiant
2068466,59,55,dire,paS%2D%2D,1,1293933,1294,0.000490126823156258,Pro,midlane radiant
2069333,61,57,dire,paS%2D%2D,1,1294800,1295,0.000490505591953133,Pro,midlane radiant
2070200,63,58,dire,paS%2D%2D,1,1295667,1296,0.000490884360750008,Pro,void dire
2071533,66,60,dire,paS%2D%2D,1,1297000,1297,0.000491263129546883,Pro,midlane dire
2072466,68,61,dire,paS%2D%2D,1,1297933,1298,0.000491641898343758,Pro,midlane dire
2073133,68,63,dire,paS%2D%2D,1,1298600,1299,0.000492020667140633,Pro,midlane dire
2074400,66,62,dire,paS%2D%2D,1,1299867,1300,0.000492399435937508,Pro,midlane dire
2074400,66,62,dire,paS%2D%2D,1,1299867,1301,0.000492778204734383,Pro,midlane dire
2076466,65,61,dire,paS%2D%2D,1,1301933,1302,0.000493156973531258,Pro,midlane dire
2077000,64,60,dire,paS%2D%2D,1,1302467,1303,0.000493535742328133,Pro,midlane dire
2077000,64,60,dire,paS%2D%2D,1,1302467,1304,0.000493914511125008,Pro,midlane dire
2077000,64,60,dire,paS%2D%2D,1,1302467,1305,0.000494293279921883,Pro,midlane dire
2077000,64,60,dire,paS%2D%2D,1,1302467,1306,0.000494672048718758,Pro,midlane dire
2077000,64,60,dire,paS%2D%2D,1,1302467,1307,0.000495050817515633,Pro,midlane dire
2077000,64,60,dire,paS%2D%2D,1,1302467,1308,0.000495429586312508,Pro,midlane dire
2077000,64,60,dire,paS%2D%2D,1,1302467,1309,0.000495808355109383,Pro,midlane dire
2077000,64,60,dire,paS%2D%2D,1,1302467,1310,0.000496187123906258,Pro,midlane dire
2084600,63,60,dire,paS%2D%2D,1,1310067,1311,0.000496565892703133,Pro,midlane dire
2084600,63,60,dire,paS%2D%2D,1,1310067,1312,0.000496944661500008,Pro,midlane dire
2087200,65,60,dire,paS%2D%2D,1,1312667,1313,0.000497323430296883,Pro,midlane dire
2088333,68,61,dire,paS%2D%2D,1,1313800,1314,0.000497702199093758,Pro,midlane dire
2089400,69,62,dire,paS%2D%2D,1,1314867,1315,0.000498080967890633,Pro,midlane dire
2090200,70,64,dire,paS%2D%2D,1,1315667,1316,0.000498459736687508,Pro,midlane dire
2091000,70,66,dire,paS%2D%2D,1,1316467,1317,0.000498838505484383,Pro,midlane dire
2092333,71,66,dire,paS%2D%2D,1,1317800,1318,0.000499217274281258,Pro,midlane dire
2093533,73,67,dire,paS%2D%2D,1,1319000,1319,0.000499596043078133,Pro,midlane dire
2094400,75,67,dire,paS%2D%2D,1,1319867,1320,0.000499974811875008,Pro,midlane dire
2095266,75,65,dire,paS%2D%2D,1,1320733,1321,0.000500353580671883,Pro,midlane dire
2095666,75,64,dire,paS%2D%2D,1,1321133,1322,0.000500732349468758,Pro,midlane dire
2097466,73,64,dire,paS%2D%2D,1,1322933,1323,0.000501111118265633,Pro,midlane dire
2098466,75,65,dire,paS%2D%2D,1,1323933,1324,0.000501489887062508,Pro,midlane dire
2098466,75,65,dire,paS%2D%2D,1,1323933,1325,0.000501868655859383,Pro,midlane dire
2100133,74,65,dire,paS%2D%2D,1,1325600,1326,0.000502247424656258,Pro,midlane dire
2101400,73,64,dire,paS%2D%2D,1,1326867,1327,0.000502626193453133,Pro,midlane dire
2102533,72,64,dire,paS%2D%2D,1,1328000,1328,0.000503004962250008,Pro,midlane dire
2103266,73,62,dire,paS%2D%2D,1,1328733,1329,0.000503383731046883,Pro,jungle dire
2104533,72,61,dire,paS%2D%2D,1,1330000,1330,0.000503762499843758,Pro,jungle dire
2105400,74,61,dire,paS%2D%2D,1,1330867,1331,0.000504141268640633,Pro,jungle dire
2106200,73,61,dire,paS%2D%2D,1,1331667,1332,0.000504520037437508,Pro,jungle dire
2107400,70,60,dire,paS%2D%2D,1,1332867,1333,0.000504898806234383,Pro,jungle dire
2107733,69,60,dire,paS%2D%2D,1,1333200,1334,0.000505277575031258,Pro,jungle dire
2107733,69,60,dire,paS%2D%2D,1,1333200,1335,0.000505656343828133,Pro,jungle dire
2110333,68,60,dire,paS%2D%2D,1,1335800,1336,0.000506035112625008,Pro,midlane dire
2111000,67,59,dire,paS%2D%2D,1,1336467,1337,0.000506413881421883,Pro,jungle dire
2112000,66,59,dire,paS%2D%2D,1,1337467,1338,0.000506792650218758,Pro,jungle dire
2112000,66,59,dire,paS%2D%2D,1,1337467,1339,0.000507171419015633,Pro,jungle dire
2114466,67,60,dire,paS%2D%2D,1,1339933,1340,0.000507550187812508,Pro,midlane dire
2115333,66,60,dire,paS%2D%2D,1,1340800,1341,0.000507928956609383,Pro,midlane dire
2115333,66,60,dire,paS%2D%2D,1,1340800,1342,0.000508307725406258,Pro,midlane dire
2117266,64,59,dire,paS%2D%2D,1,1342733,1343,0.000508686494203133,Pro,midlane dire
2117733,63,59,dire,paS%2D%2D,1,1343200,1344,0.000509065263000008,Pro,midlane dire
2119400,65,59,dire,paS%2D%2D,1,1344867,1345,0.000509444031796883,Pro,void dire
2120066,63,58,dire,paS%2D%2D,1,1345533,1346,0.000509822800593758,Pro,void dire
2121200,64,59,dire,paS%2D%2D,1,1346667,1347,0.000510201569390633,Pro,midlane dire
2122333,67,59,dire,paS%2D%2D,1,1347800,1348,0.000510580338187508,Pro,jungle dire
2123533,70,60,dire,paS%2D%2D,1,1349000,1349,0.000510959106984383,Pro,jungle dire
2124266,72,61,dire,paS%2D%2D,1,1349733,1350,0.000511337875781258,Pro,jungle dire
2125466,74,63,dire,paS%2D%2D,1,1350933,1351,0.000511716644578133,Pro,midlane dire
2126400,76,64,dire,paS%2D%2D,1,1351867,1352,0.000512095413375008,Pro,midlane dire
2126933,76,65,dire,paS%2D%2D,1,1352400,1353,0.000512474182171883,Pro,midlane dire
2126933,76,65,dire,paS%2D%2D,1,1352400,1354,0.000512852950968758,Pro,midlane dire
2126933,76,65,dire,paS%2D%2D,1,1352400,1355,0.000513231719765633,Pro,midlane dire
2126933,76,65,dire,paS%2D%2D,1,1352400,1356,0.000513610488562508,Pro,midlane dire
2126933,76,65,dire,paS%2D%2D,1,1352400,1357,0.000513989257359383,Pro,midlane dire
2126933,76,65,dire,paS%2D%2D,1,1352400,1358,0.000514368026156258,Pro,midlane dire
2126933,76,65,dire,paS%2D%2D,1,1352400,1359,0.000514746794953133,Pro,midlane dire
2126933,76,65,dire,paS%2D%2D,1,1352400,1360,0.000515125563750008,Pro,midlane dire
2126933,76,65,dire,paS%2D%2D,1,1352400,1361,0.000515504332546883,Pro,midlane dire
2136400,77,65,dire,paS%2D%2D,1,1361867,1362,0.000515883101343758,Pro,midlane dire
2137333,79,64,dire,paS%2D%2D,1,1362800,1363,0.000516261870140633,Pro,void dire
2138533,80,63,dire,paS%2D%2D,1,1364000,1364,0.000516640638937508,Pro,jungle dire
2139466,78,61,dire,paS%2D%2D,1,1364933,1365,0.000517019407734383,Pro,jungle dire
2140466,78,60,dire,paS%2D%2D,1,1365933,1366,0.000517398176531258,Pro,jungle dire
2141200,78,60,dire,paS%2D%2D,1,1366667,1367,0.000517776945328133,Pro,jungle dire
2142400,80,62,dire,paS%2D%2D,1,1367867,1368,0.000518155714125008,Pro,jungle dire
2142400,80,62,dire,paS%2D%2D,1,1367867,1369,0.000518534482921883,Pro,jungle dire
2142400,80,62,dire,paS%2D%2D,1,1367867,1370,0.000518913251718758,Pro,jungle dire
2145400,79,62,dire,paS%2D%2D,1,1370867,1371,0.000519292020515633,Pro,jungle dire
2146200,78,62,dire,paS%2D%2D,1,1371667,1372,0.000519670789312508,Pro,jungle dire
2147400,77,61,dire,paS%2D%2D,1,1372867,1373,0.000520049558109383,Pro,jungle dire
2148400,80,62,dire,paS%2D%2D,1,1373867,1374,0.000520428326906258,Pro,jungle dire
2149266,80,64,dire,paS%2D%2D,1,1374733,1375,0.000520807095703133,Pro,jungle dire
2150333,80,67,dire,paS%2D%2D,1,1375800,1376,0.000521185864500008,Pro,midlane dire
2151133,79,69,dire,paS%2D%2D,1,1376600,1377,0.000521564633296883,Pro,midlane dire
2152266,77,71,dire,paS%2D%2D,1,1377733,1378,0.000521943402093758,Pro,midlane dire
2153266,75,73,dire,paS%2D%2D,1,1378733,1379,0.000522322170890633,Pro,midlane dire
2154466,74,72,dire,paS%2D%2D,1,1379933,1380,0.000522700939687508,Pro,midlane dire
2155266,74,70,dire,paS%2D%2D,1,1380733,1381,0.000523079708484383,Pro,midlane dire
2155266,74,70,dire,paS%2D%2D,1,1380733,1382,0.000523458477281258,Pro,midlane dire
2157133,74,69,dire,paS%2D%2D,1,1382600,1383,0.000523837246078133,Pro,midlane dire
2158266,76,69,dire,paS%2D%2D,1,1383733,1384,0.000524216014875008,Pro,midlane dire
2159400,75,68,dire,paS%2D%2D,1,1384867,1385,0.000524594783671883,Pro,midlane dire
2160133,74,69,dire,paS%2D%2D,1,1385600,1386,0.000524973552468758,Pro,midlane dire
2160133,74,69,dire,paS%2D%2D,1,1385600,1387,0.000525352321265633,Pro,midlane dire
2160133,74,69,dire,paS%2D%2D,1,1385600,1388,0.000525731090062508,Pro,midlane dire
2160133,74,69,dire,paS%2D%2D,1,1385600,1389,0.000526109858859383,Pro,midlane dire
2160133,74,69,dire,paS%2D%2D,1,1385600,1390,0.000526488627656258,Pro,midlane dire
2160133,74,69,dire,paS%2D%2D,1,1385600,1391,0.000526867396453133,Pro,midlane dire
2166533,74,69,dire,paS%2D%2D,1,1392000,1392,0.000527246165250008,Pro,midlane dire
2166533,74,69,dire,paS%2D%2D,1,1392000,1393,0.000527624934046883,Pro,midlane dire
2166533,74,69,dire,paS%2D%2D,1,1392000,1394,0.000528003702843758,Pro,midlane dire
2169400,74,68,dire,paS%2D%2D,1,1394867,1395,0.000528382471640633,Pro,midlane dire
2170200,73,69,dire,paS%2D%2D,1,1395667,1396,0.000528761240437508,Pro,midlane dire
2170200,73,69,dire,paS%2D%2D,1,1395667,1397,0.000529140009234383,Pro,midlane dire
2170200,73,69,dire,paS%2D%2D,1,1395667,1398,0.000529518778031258,Pro,midlane dire
2172866,73,68,dire,paS%2D%2D,1,1398333,1399,0.000529897546828133,Pro,midlane dire
2174333,72,66,dire,paS%2D%2D,1,1399800,1400,0.000530276315625008,Pro,midlane dire
2175400,70,64,dire,paS%2D%2D,1,1400867,1401,0.000530655084421883,Pro,midlane dire
2175666,70,63,dire,paS%2D%2D,1,1401133,1402,0.000531033853218758,Pro,midlane dire
2177466,71,61,dire,paS%2D%2D,1,1402933,1403,0.000531412622015633,Pro,jungle dire
2178333,70,62,dire,paS%2D%2D,1,1403800,1404,0.000531791390812508,Pro,midlane dire
2179466,69,61,dire,paS%2D%2D,1,1404933,1405,0.000532170159609383,Pro,jungle dire
2180466,71,60,dire,paS%2D%2D,1,1405933,1406,0.000532548928406258,Pro,jungle dire
2180466,71,60,dire,paS%2D%2D,1,1405933,1407,0.000532927697203133,Pro,jungle dire
2182533,69,59,dire,paS%2D%2D,1,1408000,1408,0.000533306466000008,Pro,jungle dire
2183133,67,59,dire,paS%2D%2D,1,1408600,1409,0.000533685234796883,Pro,jungle dire
2184533,68,59,dire,paS%2D%2D,1,1410000,1410,0.000534064003593758,Pro,jungle dire
2185466,69,61,dire,paS%2D%2D,1,1410933,1411,0.000534442772390633,Pro,jungle dire
2186466,68,59,dire,paS%2D%2D,1,1411933,1412,0.000534821541187508,Pro,jungle dire
2187333,67,60,dire,paS%2D%2D,1,1412800,1413,0.000535200309984383,Pro,midlane dire
2187333,67,60,dire,paS%2D%2D,1,1412800,1414,0.000535579078781258,Pro,midlane dire
2189333,70,60,dire,paS%2D%2D,1,1414800,1415,0.000535957847578133,Pro,jungle dire
2190466,73,60,dire,paS%2D%2D,1,1415933,1416,0.000536336616375008,Pro,jungle dire
2191266,73,59,dire,paS%2D%2D,1,1416733,1417,0.000536715385171883,Pro,jungle dire
2191933,72,60,dire,paS%2D%2D,1,1417400,1418,0.000537094153968758,Pro,jungle dire
2193200,70,60,dire,paS%2D%2D,1,1418667,1419,0.000537472922765633,Pro,jungle dire
2194466,68,61,dire,paS%2D%2D,1,1419933,1420,0.000537851691562508,Pro,midlane dire
2195333,66,60,dire,paS%2D%2D,1,1420800,1421,0.000538230460359383,Pro,midlane dire
2196000,65,59,dire,paS%2D%2D,1,1421467,1422,0.000538609229156258,Pro,void dire
2196000,65,59,dire,paS%2D%2D,1,1421467,1423,0.000538987997953133,Pro,void dire
2198533,68,59,dire,paS%2D%2D,1,1424000,1424,0.000539366766750008,Pro,jungle dire
2199333,69,60,dire,paS%2D%2D,1,1424800,1425,0.000539745535546883,Pro,jungle dire
2200533,72,60,dire,paS%2D%2D,1,1426000,1426,0.000540124304343758,Pro,jungle dire
2201200,72,59,dire,paS%2D%2D,1,1426667,1427,0.000540503073140633,Pro,jungle dire
2202333,74,57,dire,paS%2D%2D,1,1427800,1428,0.000540881841937508,Pro,jungle dire
2203266,76,55,dire,paS%2D%2D,1,1428733,1429,0.000541260610734383,Pro,jungle dire
2204533,78,53,dire,paS%2D%2D,1,1430000,1430,0.000541639379531258,Pro,jungle dire
2205533,81,52,dire,paS%2D%2D,1,1431000,1431,0.000542018148328133,Pro,jungle dire
2206266,82,50,dire,paS%2D%2D,1,1431733,1432,0.000542396917125008,Pro,jungle dire
2207333,83,48,dire,paS%2D%2D,1,1432800,1433,0.000542775685921884,Pro,jungle dire
2208466,83,45,dire,paS%2D%2D,1,1433933,1434,0.000543154454718759,Pro,river
2209200,82,43,dire,paS%2D%2D,1,1434667,1435,0.000543533223515634,Pro,river
2210333,82,40,dire,paS%2D%2D,1,1435800,1436,0.000543911992312509,Pro,river
2211466,82,37,dire,paS%2D%2D,1,1436933,1437,0.000544290761109384,Pro,void radiant
2212200,82,35,dire,paS%2D%2D,1,1437667,1438,0.000544669529906259,Pro,jungle radiant
2213333,83,32,dire,paS%2D%2D,1,1438800,1439,0.000545048298703134,Pro,jungle radiant
2214533,85,30,dire,paS%2D%2D,1,1440000,1440,0.000545427067500009,Pro,jungle radiant
2215266,87,30,dire,paS%2D%2D,1,1440733,1441,0.000545805836296884,Pro,jungle radiant
2216400,90,29,dire,paS%2D%2D,1,1441867,1442,0.000546184605093759,Pro,jungle radiant
2217200,90,30,dire,paS%2D%2D,1,1442667,1443,0.000546563373890634,Pro,jungle radiant
2218533,92,29,dire,paS%2D%2D,1,1444000,1444,0.000546942142687509,Pro,jungle radiant
2219200,93,28,dire,paS%2D%2D,1,1444667,1445,0.000547320911484384,Pro,jungle radiant
2220333,92,25,dire,paS%2D%2D,1,1445800,1446,0.000547699680281259,Pro,jungle radiant
2221200,91,23,dire,paS%2D%2D,1,1446667,1447,0.000548078449078134,Pro,jungle radiant
2222400,89,21,dire,paS%2D%2D,1,1447867,1448,0.000548457217875009,Pro,jungle radiant
2223266,88,20,dire,paS%2D%2D,1,1448733,1449,0.000548835986671884,Pro,jungle radiant
2224400,85,20,dire,paS%2D%2D,1,1449867,1450,0.000549214755468759,Pro,jungle radiant
2225533,82,20,dire,paS%2D%2D,1,1451000,1451,0.000549593524265634,Pro,jungle radiant
2226266,80,20,dire,paS%2D%2D,1,1451733,1452,0.000549972293062509,Pro,void radiant
2227400,77,20,dire,paS%2D%2D,1,1452867,1453,0.000550351061859384,Pro,jungle radiant
2228533,74,20,dire,paS%2D%2D,1,1454000,1454,0.000550729830656259,Pro,jungle radiant
2229400,73,18,dire,paS%2D%2D,1,1454867,1455,0.000551108599453134,Pro,jungle radiant
2230533,73,15,dire,paS%2D%2D,1,1456000,1456,0.000551487368250009,Pro,bottomlane radiant
2231533,73,12,dire,paS%2D%2D,1,1457000,1457,0.000551866137046884,Pro,bottomlane radiant
2232533,71,10,dire,paS%2D%2D,1,1458000,1458,0.000552244905843759,Pro,bottomlane radiant
2233400,69,8,dire,paS%2D%2D,1,1458867,1459,0.000552623674640634,Pro,bottomlane radiant
2234466,71,9,dire,paS%2D%2D,1,1459933,1460,0.000553002443437509,Pro,bottomlane radiant
2235466,73,11,dire,paS%2D%2D,1,1460933,1461,0.000553381212234384,Pro,bottomlane radiant
2236466,72,13,dire,paS%2D%2D,1,1461933,1462,0.000553759981031259,Pro,bottomlane radiant
2236666,72,14,dire,paS%2D%2D,1,1462133,1463,0.000554138749828134,Pro,bottomlane radiant
2236666,72,14,dire,paS%2D%2D,1,1462133,1464,0.000554517518625009,Pro,bottomlane radiant
2239400,71,13,dire,paS%2D%2D,1,1464867,1465,0.000554896287421884,Pro,bottomlane radiant
2239400,71,13,dire,paS%2D%2D,1,1464867,1466,0.000555275056218759,Pro,bottomlane radiant
2239400,71,13,dire,paS%2D%2D,1,1464867,1467,0.000555653825015634,Pro,bottomlane radiant
2239400,71,13,dire,paS%2D%2D,1,1464867,1468,0.000556032593812509,Pro,bottomlane radiant
2239400,71,13,dire,paS%2D%2D,1,1464867,1469,0.000556411362609384,Pro,bottomlane radiant
2239400,71,13,dire,paS%2D%2D,1,1464867,1470,0.000556790131406259,Pro,bottomlane radiant
2239400,71,13,dire,paS%2D%2D,1,1464867,1471,0.000557168900203134,Pro,bottomlane radiant
2239400,71,13,dire,paS%2D%2D,1,1464867,1472,0.000557547669000009,Pro,bottomlane radiant
2239400,71,13,dire,paS%2D%2D,1,1464867,1473,0.000557926437796884,Pro,bottomlane radiant
2248400,71,14,dire,paS%2D%2D,1,1473867,1474,0.000558305206593759,Pro,bottomlane radiant
2249466,71,16,dire,paS%2D%2D,1,1474933,1475,0.000558683975390634,Pro,bottomlane radiant
2249466,71,16,dire,paS%2D%2D,1,1474933,1476,0.000559062744187509,Pro,bottomlane radiant
2249466,71,16,dire,paS%2D%2D,1,1474933,1477,0.000559441512984384,Pro,bottomlane radiant
2251800,70,16,dire,paS%2D%2D,1,1477267,1478,0.000559820281781259,Pro,bottomlane radiant
2253400,69,16,dire,paS%2D%2D,1,1478867,1479,0.000560199050578134,Pro,bottomlane radiant
2254533,72,17,dire,paS%2D%2D,1,1480000,1480,0.000560577819375009,Pro,void radiant
2255533,74,18,dire,paS%2D%2D,1,1481000,1481,0.000560956588171884,Pro,jungle radiant
2256400,75,20,dire,paS%2D%2D,1,1481867,1482,0.000561335356968759,Pro,jungle radiant
2257333,75,23,dire,paS%2D%2D,1,1482800,1483,0.000561714125765634,Pro,jungle radiant
2258533,74,26,dire,paS%2D%2D,1,1484000,1484,0.000562092894562509,Pro,jungle radiant
2259333,73,28,dire,paS%2D%2D,1,1484800,1485,0.000562471663359384,Pro,jungle radiant
2260333,71,30,dire,paS%2D%2D,1,1485800,1486,0.000562850432156259,Pro,jungle radiant
2261533,70,32,dire,paS%2D%2D,1,1487000,1487,0.000563229200953134,Pro,jungle radiant
2262200,70,34,dire,paS%2D%2D,1,1487667,1488,0.000563607969750009,Pro,jungle radiant
2263466,71,37,dire,paS%2D%2D,1,1488933,1489,0.000563986738546884,Pro,void radiant
2264333,70,36,dire,paS%2D%2D,1,1489800,1490,0.000564365507343759,Pro,jungle radiant
2264866,70,35,dire,paS%2D%2D,1,1490333,1491,0.000564744276140634,Pro,jungle radiant
2266133,71,35,dire,paS%2D%2D,1,1491600,1492,0.000565123044937509,Pro,jungle radiant
2267200,69,35,dire,paS%2D%2D,1,1492667,1493,0.000565501813734384,Pro,jungle radiant
2267200,69,35,dire,paS%2D%2D,1,1492667,1494,0.000565880582531259,Pro,jungle radiant
2269533,68,37,dire,paS%2D%2D,1,1495000,1495,0.000566259351328134,Pro,jungle radiant
2269533,68,37,dire,paS%2D%2D,1,1495000,1496,0.000566638120125009,Pro,jungle radiant
2271333,67,38,dire,paS%2D%2D,1,1496800,1497,0.000567016888921884,Pro,jungle radiant
2272066,66,39,dire,paS%2D%2D,1,1497533,1498,0.000567395657718759,Pro,jungle radiant
2272066,66,39,dire,paS%2D%2D,1,1497533,1499,0.000567774426515634,Pro,jungle radiant
2274400,64,39,dire,paS%2D%2D,1,1499867,1500,0.000568153195312509,Pro,jungle radiant
2275400,61,38,dire,paS%2D%2D,1,1500867,1501,0.000568531964109384,Pro,jungle radiant
2276133,59,38,dire,paS%2D%2D,1,1501600,1502,0.000568910732906259,Pro,jungle radiant
2276133,59,38,dire,paS%2D%2D,1,1501600,1503,0.000569289501703134,Pro,jungle radiant
2276133,59,38,dire,paS%2D%2D,1,1501600,1504,0.000569668270500009,Pro,jungle radiant
2279466,57,38,dire,paS%2D%2D,1,1504933,1505,0.000570047039296884,Pro,jungle radiant
2280200,55,38,dire,paS%2D%2D,1,1505667,1506,0.000570425808093759,Pro,void radiant
2280200,55,38,dire,paS%2D%2D,1,1505667,1507,0.000570804576890634,Pro,void radiant
2280200,55,38,dire,paS%2D%2D,1,1505667,1508,0.000571183345687509,Pro,void radiant
2283533,54,39,dire,paS%2D%2D,1,1509000,1509,0.000571562114484384,Pro,jungle radiant
2283533,54,39,dire,paS%2D%2D,1,1509000,1510,0.000571940883281259,Pro,jungle radiant
2285333,54,40,dire,paS%2D%2D,1,1510800,1511,0.000572319652078134,Pro,jungle radiant
2286533,54,42,dire,paS%2D%2D,1,1512000,1512,0.000572698420875009,Pro,jungle radiant
2286866,54,43,dire,paS%2D%2D,1,1512333,1513,0.000573077189671884,Pro,midlane radiant
2288400,54,45,dire,paS%2D%2D,1,1513867,1514,0.000573455958468759,Pro,midlane radiant
2289266,54,47,dire,paS%2D%2D,1,1514733,1515,0.000573834727265634,Pro,midlane radiant
2290266,52,49,dire,paS%2D%2D,1,1515733,1516,0.000574213496062509,Pro,midlane radiant
2290266,52,49,dire,paS%2D%2D,1,1515733,1517,0.000574592264859384,Pro,midlane radiant
2290266,52,49,dire,paS%2D%2D,1,1515733,1518,0.000574971033656259,Pro,midlane radiant
2290266,52,49,dire,paS%2D%2D,1,1515733,1519,0.000575349802453134,Pro,midlane radiant
2290266,52,49,dire,paS%2D%2D,1,1515733,1520,0.000575728571250009,Pro,midlane radiant
2290266,52,49,dire,paS%2D%2D,1,1515733,1521,0.000576107340046884,Pro,midlane radiant
2290266,52,49,dire,paS%2D%2D,1,1515733,1522,0.000576486108843759,Pro,midlane radiant
2290266,52,49,dire,paS%2D%2D,1,1515733,1523,0.000576864877640634,Pro,midlane radiant
2290266,52,49,dire,paS%2D%2D,1,1515733,1524,0.000577243646437509,Pro,midlane radiant
2290266,52,49,dire,paS%2D%2D,1,1515733,1525,0.000577622415234384,Pro,midlane radiant
2300266,50,49,dire,paS%2D%2D,1,1525733,1526,0.000578001184031259,Pro,midlane radiant
2301333,48,47,dire,paS%2D%2D,1,1526800,1527,0.000578379952828134,Pro,midlane radiant
2302400,45,46,dire,paS%2D%2D,1,1527867,1528,0.000578758721625009,Pro,midlane radiant
2303200,43,46,dire,paS%2D%2D,1,1528667,1529,0.000579137490421884,Pro,midlane radiant
2304266,44,46,dire,paS%2D%2D,1,1529733,1530,0.000579516259218759,Pro,midlane radiant
2305466,43,45,dire,paS%2D%2D,1,1530933,1531,0.000579895028015634,Pro,midlane radiant
2306266,42,43,dire,paS%2D%2D,1,1531733,1532,0.000580273796812509,Pro,midlane radiant
2307133,40,42,dire,paS%2D%2D,1,1532600,1533,0.000580652565609384,Pro,midlane radiant
2307133,40,42,dire,paS%2D%2D,1,1532600,1534,0.000581031334406259,Pro,midlane radiant
2307133,40,42,dire,paS%2D%2D,1,1532600,1535,0.000581410103203134,Pro,midlane radiant
2310400,42,42,dire,paS%2D%2D,1,1535867,1536,0.000581788872000009,Pro,midlane radiant
2311533,45,43,dire,paS%2D%2D,1,1537000,1537,0.000582167640796884,Pro,midlane radiant
2312266,47,43,dire,paS%2D%2D,1,1537733,1538,0.000582546409593759,Pro,midlane radiant
2313466,50,43,dire,paS%2D%2D,1,1538933,1539,0.000582925178390634,Pro,midlane radiant
2314533,53,43,dire,paS%2D%2D,1,1540000,1540,0.000583303947187509,Pro,midlane radiant
2315533,55,42,dire,paS%2D%2D,1,1541000,1541,0.000583682715984384,Pro,jungle radiant
2316266,57,42,dire,paS%2D%2D,1,1541733,1542,0.000584061484781259,Pro,jungle radiant
2317400,60,41,dire,paS%2D%2D,1,1542867,1543,0.000584440253578134,Pro,jungle radiant
2318533,63,40,dire,paS%2D%2D,1,1544000,1544,0.000584819022375009,Pro,jungle radiant
2319266,65,40,dire,paS%2D%2D,1,1544733,1545,0.000585197791171884,Pro,jungle radiant
2320400,68,40,dire,paS%2D%2D,1,1545867,1546,0.000585576559968759,Pro,jungle radiant
2321333,68,40,dire,paS%2D%2D,1,1546800,1547,0.000585955328765634,Pro,jungle radiant
2322466,65,40,dire,paS%2D%2D,1,1547933,1548,0.000586334097562509,Pro,jungle radiant
2323333,63,39,dire,paS%2D%2D,1,1548800,1549,0.000586712866359384,Pro,jungle radiant
2324533,60,38,dire,paS%2D%2D,1,1550000,1550,0.000587091635156259,Pro,jungle radiant
2325533,57,38,dire,paS%2D%2D,1,1551000,1551,0.000587470403953134,Pro,jungle radiant
2326266,55,37,dire,paS%2D%2D,1,1551733,1552,0.000587849172750009,Pro,jungle radiant
2327400,52,37,dire,paS%2D%2D,1,1552867,1553,0.000588227941546884,Pro,jungle radiant
2328533,49,36,dire,paS%2D%2D,1,1554000,1554,0.000588606710343759,Pro,jungle radiant
2329400,48,34,dire,paS%2D%2D,1,1554867,1555,0.000588985479140634,Pro,jungle radiant
2330533,46,32,dire,paS%2D%2D,1,1556000,1556,0.000589364247937509,Pro,jungle radiant
2331266,44,32,dire,paS%2D%2D,1,1556733,1557,0.000589743016734384,Pro,midlane radiant
2332400,41,32,dire,paS%2D%2D,1,1557867,1558,0.000590121785531259,Pro,midlane radiant
2333133,39,32,dire,paS%2D%2D,1,1558600,1559,0.000590500554328134,Pro,midlane radiant
2334466,36,34,dire,paS%2D%2D,1,1559933,1560,0.000590879323125009,Pro,midlane radiant
2335266,34,35,dire,paS%2D%2D,1,1560733,1561,0.000591258091921884,Pro,midlane radiant
2336466,35,35,dire,paS%2D%2D,1,1561933,1562,0.000591636860718759,Pro,midlane radiant
2337266,37,36,dire,paS%2D%2D,1,1562733,1563,0.000592015629515634,Pro,midlane radiant
2338466,38,37,dire,paS%2D%2D,1,1563933,1564,0.000592394398312509,Pro,midlane radiant
2339533,40,39,dire,paS%2D%2D,1,1565000,1565,0.000592773167109384,Pro,midlane radiant
2340133,39,39,dire,paS%2D%2D,1,1565600,1566,0.000593151935906259,Pro,midlane radiant
2340133,39,39,dire,paS%2D%2D,1,1565600,1567,0.000593530704703134,Pro,midlane radiant
2340133,39,39,dire,paS%2D%2D,1,1565600,1568,0.000593909473500009,Pro,midlane radiant
2343466,39,38,dire,paS%2D%2D,1,1568933,1569,0.000594288242296884,Pro,midlane radiant
2344133,38,37,dire,paS%2D%2D,1,1569600,1570,0.000594667011093759,Pro,midlane radiant
2344133,38,37,dire,paS%2D%2D,1,1569600,1571,0.000595045779890634,Pro,midlane radiant
2345866,37,37,dire,paS%2D%2D,1,1571333,1572,0.000595424548687509,Pro,midlane radiant
2347200,39,36,dire,paS%2D%2D,1,1572667,1573,0.000595803317484384,Pro,midlane radiant
2348400,41,38,dire,paS%2D%2D,1,1573867,1574,0.000596182086281259,Pro,midlane radiant
2349333,43,40,dire,paS%2D%2D,1,1574800,1575,0.000596560855078134,Pro,midlane radiant
2350533,45,42,dire,paS%2D%2D,1,1576000,1576,0.000596939623875009,Pro,midlane radiant
2351533,47,44,dire,paS%2D%2D,1,1577000,1577,0.000597318392671884,Pro,midlane radiant
2352466,49,43,dire,paS%2D%2D,1,1577933,1578,0.000597697161468759,Pro,midlane radiant
2352466,49,43,dire,paS%2D%2D,1,1577933,1579,0.000598075930265634,Pro,midlane radiant
2352466,49,43,dire,paS%2D%2D,1,1577933,1580,0.000598454699062509,Pro,midlane radiant
2352466,49,43,dire,paS%2D%2D,1,1577933,1581,0.000598833467859384,Pro,midlane radiant
2355600,119,112,dire,paS%2D%2D,1,1581067,1582,0.000599212236656259,Pro,base2 dire
2355600,119,112,dire,paS%2D%2D,1,1581067,1583,0.000599591005453134,Pro,base2 dire
2358200,119,111,dire,paS%2D%2D,1,1583667,1584,0.000599969774250009,Pro,base2 dire
2358666,118,110,dire,paS%2D%2D,1,1584133,1585,0.000600348543046884,Pro,base2 dire
2358666,118,110,dire,paS%2D%2D,1,1584133,1586,0.000600727311843759,Pro,base2 dire
2358666,118,110,dire,paS%2D%2D,1,1584133,1587,0.000601106080640634,Pro,base2 dire
2358666,118,110,dire,paS%2D%2D,1,1584133,1588,0.000601484849437509,Pro,base2 dire
2358666,118,110,dire,paS%2D%2D,1,1584133,1589,0.000601863618234384,Pro,base2 dire
2364266,120,109,dire,paS%2D%2D,1,1589733,1590,0.000602242387031259,Pro,base2 dire
2365333,117,109,dire,paS%2D%2D,1,1590800,1591,0.000602621155828134,Pro,base2 dire
2365866,118,109,dire,paS%2D%2D,1,1591333,1592,0.000602999924625009,Pro,base2 dire
2365866,118,109,dire,paS%2D%2D,1,1591333,1593,0.000603378693421884,Pro,base2 dire
2368133,117,109,dire,paS%2D%2D,1,1593600,1594,0.000603757462218759,Pro,base2 dire
2369400,116,109,dire,paS%2D%2D,1,1594867,1595,0.000604136231015634,Pro,base2 dire
2370000,115,109,dire,paS%2D%2D,1,1595467,1596,0.000604514999812509,Pro,base2 dire
2371466,115,108,dire,paS%2D%2D,1,1596933,1597,0.000604893768609384,Pro,base2 dire
2372533,113,106,dire,paS%2D%2D,1,1598000,1598,0.000605272537406259,Pro,base2 dire
2373466,111,105,dire,paS%2D%2D,1,1598933,1599,0.000605651306203134,Pro,base2 dire
2374333,109,104,dire,paS%2D%2D,1,1599800,1600,0.000606030075000009,Pro,base2 dire
2375400,107,102,dire,paS%2D%2D,1,1600867,1601,0.000606408843796884,Pro,base2 dire
2376466,104,101,dire,paS%2D%2D,1,1601933,1602,0.000606787612593759,Pro,base2 dire
2377400,102,99,dire,paS%2D%2D,1,1602867,1603,0.000607166381390634,Pro,base2 dire
2378466,100,97,dire,paS%2D%2D,1,1603933,1604,0.000607545150187509,Pro,base2 dire
2379466,98,95,dire,paS%2D%2D,1,1604933,1605,0.000607923918984384,Pro,base2 dire
2380533,96,93,dire,paS%2D%2D,1,1606000,1606,0.000608302687781259,Pro,base2 dire
2381400,95,91,dire,paS%2D%2D,1,1606867,1607,0.000608681456578134,Pro,base2 dire
2382400,94,89,dire,paS%2D%2D,1,1607867,1608,0.000609060225375009,Pro,midlane dire
2383066,93,87,dire,paS%2D%2D,1,1608533,1609,0.000609438994171884,Pro,midlane dire
2384533,91,84,dire,paS%2D%2D,1,1610000,1610,0.000609817762968759,Pro,midlane dire
2385466,89,82,dire,paS%2D%2D,1,1610933,1611,0.000610196531765635,Pro,midlane dire
2385466,89,82,dire,paS%2D%2D,1,1610933,1612,0.00061057530056251,Pro,midlane dire
2385466,89,82,dire,paS%2D%2D,1,1610933,1613,0.000610954069359385,Pro,midlane dire
2385466,89,82,dire,paS%2D%2D,1,1610933,1614,0.00061133283815626,Pro,midlane dire
2385466,89,82,dire,paS%2D%2D,1,1610933,1615,0.000611711606953135,Pro,midlane dire
2385466,89,82,dire,paS%2D%2D,1,1610933,1616,0.00061209037575001,Pro,midlane dire
2391400,87,80,dire,paS%2D%2D,1,1616867,1617,0.000612469144546885,Pro,midlane dire
2391733,86,80,dire,paS%2D%2D,1,1617200,1618,0.00061284791334376,Pro,midlane dire
2391733,86,80,dire,paS%2D%2D,1,1617200,1619,0.000613226682140635,Pro,midlane dire
2393733,86,79,dire,paS%2D%2D,1,1619200,1620,0.00061360545093751,Pro,midlane dire
2393733,86,79,dire,paS%2D%2D,1,1619200,1621,0.000613984219734385,Pro,midlane dire
2396400,85,77,dire,paS%2D%2D,1,1621867,1622,0.00061436298853126,Pro,midlane dire
2397133,84,75,dire,paS%2D%2D,1,1622600,1623,0.000614741757328135,Pro,midlane dire
2398000,83,73,dire,paS%2D%2D,1,1623467,1624,0.00061512052612501,Pro,midlane dire
2398000,83,73,dire,paS%2D%2D,1,1623467,1625,0.000615499294921885,Pro,midlane dire
2400133,83,73,dire,paS%2D%2D,1,1625600,1626,0.00061587806371876,Pro,midlane dire
2400133,83,73,dire,paS%2D%2D,1,1625600,1627,0.000616256832515635,Pro,midlane dire
2400133,83,73,dire,paS%2D%2D,1,1625600,1628,0.00061663560131251,Pro,midlane dire
2400133,83,73,dire,paS%2D%2D,1,1625600,1629,0.000617014370109385,Pro,midlane dire
2404400,82,72,dire,paS%2D%2D,1,1629867,1630,0.00061739313890626,Pro,midlane dire
2405533,79,72,dire,paS%2D%2D,1,1631000,1631,0.000617771907703135,Pro,midlane dire
2406533,77,72,dire,paS%2D%2D,1,1632000,1632,0.00061815067650001,Pro,midlane dire
2407200,76,70,dire,paS%2D%2D,1,1632667,1633,0.000618529445296885,Pro,midlane dire
2408333,77,68,dire,paS%2D%2D,1,1633800,1634,0.00061890821409376,Pro,midlane dire
2408800,78,67,dire,paS%2D%2D,1,1634267,1635,0.000619286982890635,Pro,midlane dire
2408800,78,67,dire,paS%2D%2D,1,1634267,1636,0.00061966575168751,Pro,midlane dire
2408800,78,67,dire,paS%2D%2D,1,1634267,1637,0.000620044520484385,Pro,midlane dire
2408800,78,67,dire,paS%2D%2D,1,1634267,1638,0.00062042328928126,Pro,midlane dire
2408800,78,67,dire,paS%2D%2D,1,1634267,1639,0.000620802058078135,Pro,midlane dire
2408800,78,67,dire,paS%2D%2D,1,1634267,1640,0.00062118082687501,Pro,midlane dire
2408800,78,67,dire,paS%2D%2D,1,1634267,1641,0.000621559595671885,Pro,midlane dire
2408800,78,67,dire,paS%2D%2D,1,1634267,1642,0.00062193836446876,Pro,midlane dire
2408800,78,67,dire,paS%2D%2D,1,1634267,1643,0.000622317133265635,Pro,midlane dire
2408800,78,67,dire,paS%2D%2D,1,1634267,1644,0.00062269590206251,Pro,midlane dire
2408800,78,67,dire,paS%2D%2D,1,1634267,1645,0.000623074670859385,Pro,midlane dire
2408800,78,67,dire,paS%2D%2D,1,1634267,1646,0.00062345343965626,Pro,midlane dire
2421400,76,66,dire,paS%2D%2D,1,1646867,1647,0.000623832208453135,Pro,midlane dire
2422200,74,65,dire,paS%2D%2D,1,1647667,1648,0.00062421097725001,Pro,midlane dire
2423400,71,64,dire,paS%2D%2D,1,1648867,1649,0.000624589746046885,Pro,midlane dire
2424533,68,64,dire,paS%2D%2D,1,1650000,1650,0.00062496851484376,Pro,midlane dire
2425333,66,65,dire,paS%2D%2D,1,1650800,1651,0.000625347283640635,Pro,midlane dire
2426533,63,66,dire,paS%2D%2D,1,1652000,1652,0.00062572605243751,Pro,midlane dire
2427400,61,67,dire,paS%2D%2D,1,1652867,1653,0.000626104821234385,Pro,void dire
2428200,59,68,dire,paS%2D%2D,1,1653667,1654,0.00062648359003126,Pro,jungle dire
2429400,56,69,dire,paS%2D%2D,1,1654867,1655,0.000626862358828135,Pro,jungle dire
2430533,53,69,dire,paS%2D%2D,1,1656000,1656,0.00062724112762501,Pro,river
2431266,51,69,dire,paS%2D%2D,1,1656733,1657,0.000627619896421885,Pro,river
2432533,48,68,dire,paS%2D%2D,1,1658000,1658,0.00062799866521876,Pro,void radiant
2433400,46,67,dire,paS%2D%2D,1,1658867,1659,0.000628377434015635,Pro,jungle radiant
2434200,44,68,dire,paS%2D%2D,1,1659667,1660,0.00062875620281251,Pro,jungle radiant
2435533,41,70,dire,paS%2D%2D,1,1661000,1661,0.000629134971609385,Pro,jungle radiant
2436333,39,70,dire,paS%2D%2D,1,1661800,1662,0.00062951374040626,Pro,jungle radiant
2437466,36,70,dire,paS%2D%2D,1,1662933,1663,0.000629892509203135,Pro,jungle radiant
2438333,34,69,dire,paS%2D%2D,1,1663800,1664,0.00063027127800001,Pro,jungle radiant
2439533,32,67,dire,paS%2D%2D,1,1665000,1665,0.000630650046796885,Pro,jungle radiant
2440400,31,65,dire,paS%2D%2D,1,1665867,1666,0.00063102881559376,Pro,jungle radiant
2441400,29,63,dire,paS%2D%2D,1,1666867,1667,0.000631407584390635,Pro,jungle radiant
2442266,27,63,dire,paS%2D%2D,1,1667733,1668,0.00063178635318751,Pro,jungle radiant
2443333,24,63,dire,paS%2D%2D,1,1668800,1669,0.000632165121984385,Pro,jungle radiant
2444466,21,63,dire,paS%2D%2D,1,1669933,1670,0.00063254389078126,Pro,jungle radiant
2445400,19,62,dire,paS%2D%2D,1,1670867,1671,0.000632922659578135,Pro,toplane radiant
2446200,18,60,dire,paS%2D%2D,1,1671667,1672,0.00063330142837501,Pro,toplane radiant
2447000,18,58,dire,paS%2D%2D,1,1672467,1673,0.000633680197171885,Pro,toplane radiant
2448466,17,55,dire,paS%2D%2D,1,1673933,1674,0.00063405896596876,Pro,toplane radiant
2449266,17,53,dire,paS%2D%2D,1,1674733,1675,0.000634437734765635,Pro,toplane radiant
2450400,16,50,dire,paS%2D%2D,1,1675867,1676,0.00063481650356251,Pro,toplane radiant
2451333,18,49,dire,paS%2D%2D,1,1676800,1677,0.000635195272359385,Pro,jungle radiant
2452533,17,47,dire,paS%2D%2D,1,1678000,1678,0.00063557404115626,Pro,toplane radiant
2452933,16,47,dire,paS%2D%2D,1,1678400,1679,0.000635952809953135,Pro,toplane radiant
2452933,16,47,dire,paS%2D%2D,1,1678400,1680,0.00063633157875001,Pro,toplane radiant
2452933,16,47,dire,paS%2D%2D,1,1678400,1681,0.000636710347546885,Pro,toplane radiant
2452933,16,47,dire,paS%2D%2D,1,1678400,1682,0.00063708911634376,Pro,toplane radiant
2457200,18,47,dire,paS%2D%2D,1,1682667,1683,0.000637467885140635,Pro,jungle radiant
2458333,21,47,dire,paS%2D%2D,1,1683800,1684,0.00063784665393751,Pro,jungle radiant
2459533,24,46,dire,paS%2D%2D,1,1685000,1685,0.000638225422734385,Pro,jungle radiant
2460266,26,46,dire,paS%2D%2D,1,1685733,1686,0.00063860419153126,Pro,jungle radiant
2461400,29,45,dire,paS%2D%2D,1,1686867,1687,0.000638982960328135,Pro,jungle radiant
2462333,31,45,dire,paS%2D%2D,1,1687800,1688,0.00063936172912501,Pro,jungle radiant
2463066,33,45,dire,paS%2D%2D,1,1688533,1689,0.000639740497921885,Pro,jungle radiant
2463866,34,45,dire,paS%2D%2D,1,1689333,1690,0.00064011926671876,Pro,jungle radiant
2465533,36,44,dire,paS%2D%2D,1,1691000,1691,0.000640498035515635,Pro,midlane radiant
2466333,36,42,dire,paS%2D%2D,1,1691800,1692,0.00064087680431251,Pro,midlane radiant
2467533,36,42,dire,paS%2D%2D,1,1693000,1693,0.000641255573109385,Pro,midlane radiant
2468333,36,44,dire,paS%2D%2D,1,1693800,1694,0.00064163434190626,Pro,midlane radiant
2469333,34,45,dire,paS%2D%2D,1,1694800,1695,0.000642013110703135,Pro,jungle radiant
2470400,31,45,dire,paS%2D%2D,1,1695867,1696,0.00064239187950001,Pro,jungle radiant
2471533,28,45,dire,paS%2D%2D,1,1697000,1697,0.000642770648296885,Pro,jungle radiant
2472266,26,45,dire,paS%2D%2D,1,1697733,1698,0.00064314941709376,Pro,jungle radiant
2473400,23,45,dire,paS%2D%2D,1,1698867,1699,0.000643528185890635,Pro,void radiant
2474533,20,46,dire,paS%2D%2D,1,1700000,1700,0.00064390695468751,Pro,jungle radiant
2475266,18,46,dire,paS%2D%2D,1,1700733,1701,0.000644285723484385,Pro,jungle radiant
2476400,15,46,dire,paS%2D%2D,1,1701867,1702,0.00064466449228126,Pro,toplane radiant
2477266,13,45,dire,paS%2D%2D,1,1702733,1703,0.000645043261078135,Pro,toplane radiant
2478000,12,43,dire,paS%2D%2D,1,1703467,1704,0.00064542202987501,Pro,toplane radiant
2479400,11,43,dire,paS%2D%2D,1,1704867,1705,0.000645800798671885,Pro,toplane radiant
2480400,13,46,dire,paS%2D%2D,1,1705867,1706,0.00064617956746876,Pro,toplane radiant
2480666,14,46,dire,paS%2D%2D,1,1706133,1707,0.000646558336265635,Pro,toplane radiant
2480666,14,46,dire,paS%2D%2D,1,1706133,1708,0.00064693710506251,Pro,toplane radiant
2480666,14,46,dire,paS%2D%2D,1,1706133,1709,0.000647315873859385,Pro,toplane radiant
2480666,14,46,dire,paS%2D%2D,1,1706133,1710,0.00064769464265626,Pro,toplane radiant
2485400,12,44,dire,paS%2D%2D,1,1710867,1711,0.000648073411453135,Pro,toplane radiant
2486333,10,42,dire,paS%2D%2D,1,1711800,1712,0.00064845218025001,Pro,toplane radiant
2487466,9,41,dire,paS%2D%2D,1,1712933,1713,0.000648830949046885,Pro,toplane radiant
2487600,8,41,dire,paS%2D%2D,1,1713067,1714,0.00064920971784376,Pro,void radiant
2489466,9,42,dire,paS%2D%2D,1,1714933,1715,0.000649588486640635,Pro,toplane radiant
2490266,11,43,dire,paS%2D%2D,1,1715733,1716,0.00064996725543751,Pro,toplane radiant
2491533,9,43,dire,paS%2D%2D,1,1717000,1717,0.000650346024234385,Pro,toplane radiant
2491533,9,43,dire,paS%2D%2D,1,1717000,1718,0.00065072479303126,Pro,toplane radiant
2493400,9,45,dire,paS%2D%2D,1,1718867,1719,0.000651103561828135,Pro,void radiant
2493400,9,45,dire,paS%2D%2D,1,1718867,1720,0.00065148233062501,Pro,void radiant
2495400,9,44,dire,paS%2D%2D,1,1720867,1721,0.000651861099421885,Pro,toplane radiant
2495400,9,44,dire,paS%2D%2D,1,1720867,1722,0.00065223986821876,Pro,toplane radiant
2497000,7,44,dire,paS%2D%2D,1,1722467,1723,0.000652618637015635,Pro,void radiant
2498266,8,44,dire,paS%2D%2D,1,1723733,1724,0.00065299740581251,Pro,void radiant
2499133,10,45,dire,paS%2D%2D,1,1724600,1725,0.000653376174609385,Pro,toplane radiant
2500400,12,47,dire,paS%2D%2D,1,1725867,1726,0.00065375494340626,Pro,toplane radiant
2501400,15,47,dire,paS%2D%2D,1,1726867,1727,0.000654133712203135,Pro,toplane radiant
2502533,18,47,dire,paS%2D%2D,1,1728000,1728,0.00065451248100001,Pro,jungle radiant
2503266,20,47,dire,paS%2D%2D,1,1728733,1729,0.000654891249796885,Pro,jungle radiant
2504333,23,47,dire,paS%2D%2D,1,1729800,1730,0.00065527001859376,Pro,jungle radiant
2505466,26,46,dire,paS%2D%2D,1,1730933,1731,0.000655648787390635,Pro,jungle radiant
2506200,28,46,dire,paS%2D%2D,1,1731667,1732,0.00065602755618751,Pro,jungle radiant
2507333,31,45,dire,paS%2D%2D,1,1732800,1733,0.000656406324984385,Pro,jungle radiant
2508133,33,45,dire,paS%2D%2D,1,1733600,1734,0.00065678509378126,Pro,jungle radiant
2508133,33,45,dire,paS%2D%2D,1,1733600,1735,0.000657163862578135,Pro,jungle radiant
2508133,33,45,dire,paS%2D%2D,1,1733600,1736,0.00065754263137501,Pro,jungle radiant
2508133,33,45,dire,paS%2D%2D,1,1733600,1737,0.000657921400171885,Pro,jungle radiant
2508133,33,45,dire,paS%2D%2D,1,1733600,1738,0.00065830016896876,Pro,jungle radiant
2508133,33,45,dire,paS%2D%2D,1,1733600,1739,0.000658678937765635,Pro,jungle radiant
2514533,36,46,dire,paS%2D%2D,1,1740000,1740,0.00065905770656251,Pro,jungle radiant
2515466,37,48,dire,paS%2D%2D,1,1740933,1741,0.000659436475359385,Pro,jungle radiant
2516400,39,50,dire,paS%2D%2D,1,1741867,1742,0.00065981524415626,Pro,jungle radiant
2517266,40,52,dire,paS%2D%2D,1,1742733,1743,0.000660194012953135,Pro,jungle radiant
2518333,42,54,dire,paS%2D%2D,1,1743800,1744,0.00066057278175001,Pro,jungle radiant
2519466,43,57,dire,paS%2D%2D,1,1744933,1745,0.000660951550546885,Pro,jungle radiant
2520266,44,59,dire,paS%2D%2D,1,1745733,1746,0.00066133031934376,Pro,jungle radiant
2521466,45,62,dire,paS%2D%2D,1,1746933,1747,0.000661709088140635,Pro,jungle radiant
2522200,46,64,dire,paS%2D%2D,1,1747667,1748,0.00066208785693751,Pro,jungle radiant
2523333,48,66,dire,paS%2D%2D,1,1748800,1749,0.000662466625734385,Pro,jungle radiant
2524333,50,68,dire,paS%2D%2D,1,1749800,1750,0.00066284539453126,Pro,river
2525466,52,69,dire,paS%2D%2D,1,1750933,1751,0.000663224163328135,Pro,river
2526533,55,69,dire,paS%2D%2D,1,1752000,1752,0.00066360293212501,Pro,void dire
2527266,57,69,dire,paS%2D%2D,1,1752733,1753,0.000663981700921885,Pro,jungle dire
2528533,60,67,dire,paS%2D%2D,1,1754000,1754,0.00066436046971876,Pro,jungle dire
2529400,62,66,dire,paS%2D%2D,1,1754867,1755,0.000664739238515635,Pro,midlane dire
2530266,64,65,dire,paS%2D%2D,1,1755733,1756,0.00066511800731251,Pro,midlane dire
2531333,67,65,dire,paS%2D%2D,1,1756800,1757,0.000665496776109385,Pro,midlane dire
2532466,70,64,dire,paS%2D%2D,1,1757933,1758,0.00066587554490626,Pro,midlane dire
2533266,72,63,dire,paS%2D%2D,1,1758733,1759,0.000666254313703135,Pro,midlane dire
2534466,74,61,dire,paS%2D%2D,1,1759933,1760,0.00066663308250001,Pro,jungle dire
2535266,76,60,dire,paS%2D%2D,1,1760733,1761,0.000667011851296885,Pro,jungle dire
2536266,77,58,dire,paS%2D%2D,1,1761733,1762,0.00066739062009376,Pro,jungle dire
2537466,78,56,dire,paS%2D%2D,1,1762933,1763,0.000667769388890635,Pro,jungle dire
2538466,79,53,dire,paS%2D%2D,1,1763933,1764,0.00066814815768751,Pro,jungle dire
2539266,80,51,dire,paS%2D%2D,1,1764733,1765,0.000668526926484385,Pro,jungle dire
2540466,81,48,dire,paS%2D%2D,1,1765933,1766,0.00066890569528126,Pro,void dire
2541200,81,46,dire,paS%2D%2D,1,1766667,1767,0.000669284464078135,Pro,river
2542333,81,43,dire,paS%2D%2D,1,1767800,1768,0.00066966323287501,Pro,river
2543466,81,40,dire,paS%2D%2D,1,1768933,1769,0.000670042001671885,Pro,river
2544400,81,39,dire,paS%2D%2D,1,1769867,1770,0.00067042077046876,Pro,void radiant
2545333,82,41,dire,paS%2D%2D,1,1770800,1771,0.000670799539265635,Pro,river
2546466,84,43,dire,paS%2D%2D,1,1771933,1772,0.000671178308062511,Pro,river
2547466,84,46,dire,paS%2D%2D,1,1772933,1773,0.000671557076859386,Pro,void dire
2548533,85,49,dire,paS%2D%2D,1,1774000,1774,0.000671935845656261,Pro,jungle dire
2549333,85,51,dire,paS%2D%2D,1,1774800,1775,0.000672314614453136,Pro,jungle dire
2550400,85,54,dire,paS%2D%2D,1,1775867,1776,0.000672693383250011,Pro,pit dire
2551400,85,54,dire,paS%2D%2D,1,1776867,1777,0.000673072152046886,Pro,pit dire
2552200,86,52,dire,paS%2D%2D,1,1777667,1778,0.000673450920843761,Pro,jungle dire
2553266,88,50,dire,paS%2D%2D,1,1778733,1779,0.000673829689640636,Pro,jungle dire
2554266,90,48,dire,paS%2D%2D,1,1779733,1780,0.000674208458437511,Pro,jungle dire
2555533,89,47,dire,paS%2D%2D,1,1781000,1781,0.000674587227234386,Pro,jungle dire
2556200,88,45,dire,paS%2D%2D,1,1781667,1782,0.000674965996031261,Pro,jungle dire
2557400,88,42,dire,paS%2D%2D,1,1782867,1783,0.000675344764828136,Pro,river
2558400,89,40,dire,paS%2D%2D,1,1783867,1784,0.000675723533625011,Pro,river
2559266,91,39,dire,paS%2D%2D,1,1784733,1785,0.000676102302421886,Pro,river
2560400,94,39,dire,paS%2D%2D,1,1785867,1786,0.000676481071218761,Pro,river
2561533,97,38,dire,paS%2D%2D,1,1787000,1787,0.000676859840015636,Pro,river
2562266,99,38,dire,paS%2D%2D,1,1787733,1788,0.000677238608812511,Pro,river
2563333,102,38,dire,paS%2D%2D,1,1788800,1789,0.000677617377609386,Pro,river
2564466,105,38,dire,paS%2D%2D,1,1789933,1790,0.000677996146406261,Pro,river
2565200,107,38,dire,paS%2D%2D,1,1790667,1791,0.000678374915203136,Pro,river
2566400,110,37,dire,paS%2D%2D,1,1791867,1792,0.000678753684000011,Pro,bottomlane radiant
2567466,108,35,dire,paS%2D%2D,1,1792933,1793,0.000679132452796886,Pro,bottomlane radiant
2568266,106,34,dire,paS%2D%2D,1,1793733,1794,0.000679511221593761,Pro,river
2569533,104,32,dire,paS%2D%2D,1,1795000,1795,0.000679889990390636,Pro,river
2570466,102,30,dire,paS%2D%2D,1,1795933,1796,0.000680268759187511,Pro,jungle radiant
2571533,100,28,dire,paS%2D%2D,1,1797000,1797,0.000680647527984386,Pro,jungle radiant
2572533,98,26,dire,paS%2D%2D,1,1798000,1798,0.000681026296781261,Pro,jungle radiant
2573466,97,24,dire,paS%2D%2D,1,1798933,1799,0.000681405065578136,Pro,jungle radiant
2574533,95,22,dire,paS%2D%2D,1,1800000,1800,0.000681783834375011,Pro,jungle radiant
2575333,93,21,dire,paS%2D%2D,1,1800800,1801,0.000682162603171886,Pro,jungle radiant
2576400,90,21,dire,paS%2D%2D,1,1801867,1802,0.000682541371968761,Pro,jungle radiant
2577266,90,20,dire,paS%2D%2D,1,1802733,1803,0.000682920140765636,Pro,jungle radiant
2578400,87,19,dire,paS%2D%2D,1,1803867,1804,0.000683298909562511,Pro,jungle radiant
2579533,84,19,dire,paS%2D%2D,1,1805000,1805,0.000683677678359386,Pro,void radiant
2580266,82,19,dire,paS%2D%2D,1,1805733,1806,0.000684056447156261,Pro,void radiant
2580666,81,19,dire,paS%2D%2D,1,1806133,1807,0.000684435215953136,Pro,void radiant
2580666,81,19,dire,paS%2D%2D,1,1806133,1808,0.000684813984750011,Pro,void radiant
2580666,81,19,dire,paS%2D%2D,1,1806133,1809,0.000685192753546886,Pro,void radiant
2580666,81,19,dire,paS%2D%2D,1,1806133,1810,0.000685571522343761,Pro,void radiant
2585400,79,18,dire,paS%2D%2D,1,1810867,1811,0.000685950291140636,Pro,jungle radiant
2586400,76,18,dire,paS%2D%2D,1,1811867,1812,0.000686329059937511,Pro,void radiant
2587533,73,17,dire,paS%2D%2D,1,1813000,1813,0.000686707828734386,Pro,void radiant
2588333,71,16,dire,paS%2D%2D,1,1813800,1814,0.000687086597531261,Pro,bottomlane radiant
2589466,68,16,dire,paS%2D%2D,1,1814933,1815,0.000687465366328136,Pro,bottomlane radiant
2590200,66,15,dire,paS%2D%2D,1,1815667,1816,0.000687844135125011,Pro,bottomlane radiant
2591400,63,14,dire,paS%2D%2D,1,1816867,1817,0.000688222903921886,Pro,bottomlane radiant
2592533,60,13,dire,paS%2D%2D,1,1818000,1818,0.000688601672718761,Pro,void radiant
2593333,58,12,dire,paS%2D%2D,1,1818800,1819,0.000688980441515636,Pro,bottomlane radiant
2594466,55,12,dire,paS%2D%2D,1,1819933,1820,0.000689359210312511,Pro,bottomlane radiant
2595200,53,12,dire,paS%2D%2D,1,1820667,1821,0.000689737979109386,Pro,bottomlane radiant
2596333,50,11,dire,paS%2D%2D,1,1821800,1822,0.000690116747906261,Pro,bottomlane radiant
2597466,47,11,dire,paS%2D%2D,1,1822933,1823,0.000690495516703136,Pro,bottomlane radiant
2598533,44,11,dire,paS%2D%2D,1,1824000,1824,0.000690874285500011,Pro,bottomlane radiant
2599200,42,10,dire,paS%2D%2D,1,1824667,1825,0.000691253054296886,Pro,bottomlane radiant
2600333,39,9,dire,paS%2D%2D,1,1825800,1826,0.000691631823093761,Pro,bottomlane radiant
2601066,40,9,dire,paS%2D%2D,1,1826533,1827,0.000692010591890636,Pro,bottomlane radiant
2601066,40,9,dire,paS%2D%2D,1,1826533,1828,0.000692389360687511,Pro,bottomlane radiant
2601066,40,9,dire,paS%2D%2D,1,1826533,1829,0.000692768129484386,Pro,bottomlane radiant
2601066,40,9,dire,paS%2D%2D,1,1826533,1830,0.000693146898281261,Pro,bottomlane radiant
2601066,40,9,dire,paS%2D%2D,1,1826533,1831,0.000693525667078136,Pro,bottomlane radiant
2605933,40,10,dire,paS%2D%2D,1,1831400,1832,0.000693904435875011,Pro,bottomlane radiant
2605933,40,10,dire,paS%2D%2D,1,1831400,1833,0.000694283204671886,Pro,bottomlane radiant
2605933,40,10,dire,paS%2D%2D,1,1831400,1834,0.000694661973468761,Pro,bottomlane radiant
2605933,40,10,dire,paS%2D%2D,1,1831400,1835,0.000695040742265636,Pro,bottomlane radiant
2605933,40,10,dire,paS%2D%2D,1,1831400,1836,0.000695419511062511,Pro,bottomlane radiant
2605933,40,10,dire,paS%2D%2D,1,1831400,1837,0.000695798279859386,Pro,bottomlane radiant
2605933,40,10,dire,paS%2D%2D,1,1831400,1838,0.000696177048656261,Pro,bottomlane radiant
2605933,40,10,dire,paS%2D%2D,1,1831400,1839,0.000696555817453136,Pro,bottomlane radiant
2605933,40,10,dire,paS%2D%2D,1,1831400,1840,0.000696934586250011,Pro,bottomlane radiant
2614666,118,108,dire,paS%2D%2D,1,1840133,1841,0.000697313355046886,Pro,base2 dire
2614666,118,108,dire,paS%2D%2D,1,1840133,1842,0.000697692123843761,Pro,base2 dire
2616866,117,107,dire,paS%2D%2D,1,1842333,1843,0.000698070892640636,Pro,base2 dire
2618533,119,106,dire,paS%2D%2D,1,1844000,1844,0.000698449661437511,Pro,base2 dire
2619400,117,108,dire,paS%2D%2D,1,1844867,1845,0.000698828430234386,Pro,base2 dire
2619866,116,109,dire,paS%2D%2D,1,1845333,1846,0.000699207199031261,Pro,base2 dire
2621333,117,109,dire,paS%2D%2D,1,1846800,1847,0.000699585967828136,Pro,base2 dire
2622266,119,110,dire,paS%2D%2D,1,1847733,1848,0.000699964736625011,Pro,base2 dire
2622266,119,110,dire,paS%2D%2D,1,1847733,1849,0.000700343505421886,Pro,base2 dire
2622266,119,110,dire,paS%2D%2D,1,1847733,1850,0.000700722274218761,Pro,base2 dire
2622266,119,110,dire,paS%2D%2D,1,1847733,1851,0.000701101043015636,Pro,base2 dire
2622266,119,110,dire,paS%2D%2D,1,1847733,1852,0.000701479811812511,Pro,base2 dire
2622266,119,110,dire,paS%2D%2D,1,1847733,1853,0.000701858580609386,Pro,base2 dire
2622266,119,110,dire,paS%2D%2D,1,1847733,1854,0.000702237349406261,Pro,base2 dire
2622266,119,110,dire,paS%2D%2D,1,1847733,1855,0.000702616118203136,Pro,base2 dire
2622266,119,110,dire,paS%2D%2D,1,1847733,1856,0.000702994887000011,Pro,base2 dire
2622266,119,110,dire,paS%2D%2D,1,1847733,1857,0.000703373655796886,Pro,base2 dire
2622266,119,110,dire,paS%2D%2D,1,1847733,1858,0.000703752424593761,Pro,base2 dire
2622266,119,110,dire,paS%2D%2D,1,1847733,1859,0.000704131193390636,Pro,base2 dire
2622266,119,110,dire,paS%2D%2D,1,1847733,1860,0.000704509962187511,Pro,base2 dire
2622266,119,110,dire,paS%2D%2D,1,1847733,1861,0.000704888730984386,Pro,base2 dire
2622266,119,110,dire,paS%2D%2D,1,1847733,1862,0.000705267499781261,Pro,base2 dire
2622266,119,110,dire,paS%2D%2D,1,1847733,1863,0.000705646268578136,Pro,base2 dire
2622266,119,110,dire,paS%2D%2D,1,1847733,1864,0.000706025037375011,Pro,base2 dire
2622266,119,110,dire,paS%2D%2D,1,1847733,1865,0.000706403806171886,Pro,base2 dire
2640133,119,110,dire,paS%2D%2D,1,1865600,1866,0.000706782574968761,Pro,base2 dire
